 250 5 0 
 338 955 729 966 999 940 967 
 627 1206 840 548 721 575 714 
 501 837 613 1048 893 482 825 
 708 380 717 810 467 966 402 
 703 419 1003 765 899 619 1132 
 740 952 576 916 772 825 771 
 785 541 800 890 714 820 891 
 509 542 574 493 647 1026 875 
 803 534 869 1003 763 610 692 
 856 625 749 858 1021 619 693 
 627 944 1018 467 910 1068 693 
 824 972 877 500 849 659 590 
 677 988 1158 623 379 1095 822 
 882 934 646 571 714 740 401 
 925 948 1049 470 645 680 922 
 839 605 550 636 886 916 1006 
 742 515 985 686 1169 787 655 
 553 853 875 714 376 697 1096 
 1016 530 979 479 604 642 602 
 447 713 548 454 928 644 868 
 747 659 1072 666 457 509 627 
 863 502 751 626 826 836 940 
 717 938 925 641 978 470 677 
 870 545 767 639 815 894 659 
 320 705 614 771 705 545 896 
 973 522 290 499 820 821 386 
 806 585 948 1062 830 863 1092 
 386 1017 458 1055 671 877 973 
 702 716 492 624 541 896 1065 
 984 794 955 696 866 457 572 
 437 523 803 973 431 540 678 
 624 1184 563 748 901 350 621 
 838 1072 593 1012 883 998 458 
 899 751 708 968 794 710 541 
 688 690 733 879 812 599 746 
 620 740 840 722 962 
 168 82 880 947 795 861 529 
 423 911 226 243 843 518 895 
 15 789 115 921 336 613 515 
 382 9 39 448 418 429 470 
 228 153 921 665 887 369 827 
 991 289 557 38 378 775 449 
 348 349 246 490 75 301 72 
 657 115 144 433 722 564 512 
 616 504 690 518 367 47 525 
 887 721 511 587 719 29 411 
 965 608 847 53 378 865 841 
 496 205 814 100 434 239 548 
 681 800 876 992 85 688 14 
 868 504 27 676 433 213 539 
 961 388 334 375 708 360 751 
 862 315 199 759 97 886 800 
 550 983 524 991 730 303 705 
 447 974 799 18 392 865 560 
 526 345 754 573 476 844 61 
 103 388 860 799 787 711 519 
 529 110 942 939 462 509 516 
 2 355 319 458 589 556 759 
 350 554 817 347 570 173 730 
 214 925 64 904 886 469 306 
 527 756 312 584 285 54 845 
 655 28 311 21 237 407 105 
 424 106 93 504 153 409 728 
 726 257 214 749 918 900 79 
 633 945 294 875 392 714 660 
 516 469 314 178 811 200 698 
 576 639 571 85 3 429 771 
 521 836 143 342 897 611 205 
 33 619 185 819 319 674 320 
 951 841 156 28 25 824 513 
 942 785 851 768 284 818 72 
 849 10 896 229 82 
 70 994 708 67 303 856 336 
 344 363 35 642 97 187 663 
 938 899 719 185 934 836 248 
 928 771 169 442 205 743 160 
 606 426 795 12 25 100 409 
 540 886 392 561 594 283 839 
 50 173 646 881 275 6 766 
 658 455 474 90 263 746 100 
 914 360 719 407 367 74 253 
 382 131 187 405 789 327 245 
 300 731 753 470 368 798 562 
 918 828 93 769 470 116 251 
 106 632 943 9 291 898 440 
 688 748 178 307 585 84 809 
 960 989 404 55 369 363 148 
 226 418 965 447 830 797 329 
 520 3 411 624 816 777 291 
 433 895 565 186 731 550 281 
 886 564 310 412 106 180 611 
 438 504 881 805 761 938 905 
 461 649 303 665 842 466 750 
 753 86 188 636 155 612 231 
 310 967 989 134 604 280 799 
 501 19 876 20 290 666 998 
 92 629 895 483 107 151 225 
 70 824 195 540 196 730 863 
 748 280 290 58 466 692 696 
 2 767 244 736 476 412 682 
 121 179 733 440 873 668 865 
 730 73 552 59 831 49 887 
 30 452 909 708 386 159 578 
 100 920 139 345 358 135 984 
 336 793 68 680 976 417 275 
 490 43 384 265 310 393 579 
 293 253 135 524 306 110 894 
 441 462 232 84 774 
 935 243 93 880 386 349 848 
 36 843 349 370 291 83 441 
 226 567 813 592 977 402 336 
 191 192 291 226 772 374 455 
 112 956 216 321 919 37 911 
 529 425 202 248 149 897 802 
 894 67 638 912 80 906 767 
 112 154 700 818 54 292 124 
 788 134 917 118 392 571 877 
 339 816 256 413 705 845 960 
 775 668 999 86 557 751 338 
 532 987 449 758 805 364 128 
 293 497 613 391 994 595 970 
 774 351 100 932 789 875 37 
 632 16 925 590 703 953 219 
 186 247 25 809 487 364 300 
 722 239 158 16 768 264 753 
 515 220 419 95 279 420 887 
 349 223 719 683 944 582 401 
 541 262 28 167 717 732 615 
 130 745 891 459 132 455 273 
 506 707 348 344 514 608 343 
 265 161 254 293 751 785 204 
 666 372 731 697 884 484 437 
 58 232 659 691 765 57 975 
 982 834 124 556 880 494 60 
 820 67 680 734 571 996 736 
 461 868 747 866 395 821 767 
 926 404 898 155 180 682 557 
 627 706 495 57 821 446 319 
 433 464 970 729 35 141 490 
 361 979 264 895 87 81 205 
 473 373 611 738 654 740 528 
 216 125 419 601 81 561 612 
 840 520 423 815 814 259 198 
 234 950 834 168 695 
 106 956 220 652 881 150 634 
 345 869 667 139 12 662 10 
 558 500 849 379 699 47 990 
 447 61 788 652 545 626 240 
 180 64 913 609 680 42 656 
 420 946 864 563 686 676 20 
 860 661 619 523 982 613 467 
 594 639 457 505 98 960 279 
 82 506 694 962 214 417 998 
 374 844 465 834 206 989 522 
 14 405 224 540 681 678 680 
 97 437 612 271 310 125 817 
 809 560 24 336 121 143 298 
 632 428 531 533 431 87 144 
 842 610 985 891 42 749 816 
 642 227 304 157 206 803 292 
 727 15 821 584 664 283 998 
 101 129 126 486 35 70 872 
 400 386 545 209 688 249 407 
 333 847 295 173 256 40 866 
 393 376 800 842 641 13 615 
 69 20 305 697 121 649 336 
 763 507 43 334 622 18 769 
 530 605 826 991 335 94 858 
 359 516 354 941 461 32 684 
 88 237 512 316 832 629 28 
 9 177 802 932 624 631 588 
 334 991 269 888 725 512 294 
 737 440 125 118 622 71 88 
 656 697 886 784 94 621 464 
 187 218 973 442 126 151 428 
 516 181 79 136 952 603 483 
 446 616 248 388 372 89 518 
 924 553 10 618 923 701 82 
 35 251 7 332 180 658 330 
 132 80 859 639 431 
 74 539 457 556 698 173 98 
 468 647 932 425 315 456 827 
 625 395 544 975 568 52 141 
 423 260 254 703 65 941 579 
 440 52 266 229 328 717 509 
 946 517 250 686 593 693 231 
 152 972 963 244 957 803 619 
 291 658 356 414 875 123 877 
 852 902 77 549 381 346 486 
 205 189 170 284 442 139 330 
 623 744 824 677 72 45 832 
 294 318 482 50 672 829 914 
 238 270 989 824 180 722 275 
 475 151 62 122 401 595 172 
 272 796 484 430 208 879 706 
 677 970 110 229 730 588 960 
 501 933 735 470 534 441 362 
 697 925 556 799 77 534 688 
 880 759 937 83 223 512 544 
 198 687 471 153 423 126 335 
 860 239 759 205 92 443 761 
 896 61 923 626 534 17 756 
 713 507 154 342 573 41 759 
 277 689 62 79 216 349 199 
 207 892 851 784 268 909 6 
 929 95 121 19 656 187 349 
 812 657 839 691 576 669 708 
 83 436 445 366 453 648 669 
 226 7 201 721 363 147 954 
 809 533 765 850 820 774 368 
 420 805 280 822 65 592 695 
 49 909 667 962 132 43 613 
 980 784 642 455 424 952 61 
 668 502 964 971 426 343 462 
 459 542 82 207 141 529 316 
 78 712 76 650 533 
 31410 29715 31685 29186 30696