 250 5 0 
 627 780 517 751 1016 683 486 
 980 865 636 640 880 760 700 
 719 812 1090 538 620 544 593 
 1158 378 407 905 662 772 673 
 814 847 772 786 870 257 1082 
 967 772 887 787 1033 964 629 
 1028 570 1043 862 626 534 916 
 852 955 858 976 493 769 530 
 599 336 1142 524 831 389 765 
 790 940 391 964 523 853 638 
 523 832 810 468 595 811 953 
 1036 537 736 816 627 605 803 
 769 491 677 657 649 607 829 
 879 757 897 634 624 542 936 
 1080 927 797 887 615 520 891 
 778 1040 770 816 1014 801 537 
 593 1108 958 512 610 1007 760 
 879 871 725 807 572 736 505 
 703 497 1064 634 669 813 1080 
 856 528 1062 988 799 754 946 
 523 1060 851 573 802 592 910 
 1043 839 823 897 593 815 1191 
 679 884 772 391 976 641 390 
 459 424 694 642 528 515 709 
 791 1018 685 460 838 1053 833 
 819 896 343 964 603 408 1000 
 916 832 512 878 586 758 696 
 493 941 742 691 789 199 747 
 485 976 475 722 690 821 893 
 923 585 243 909 980 1082 837 
 632 625 698 315 811 445 860 
 672 507 948 535 490 1020 1095 
 472 709 946 1012 824 641 560 
 990 560 1051 691 635 955 873 
 1018 544 991 661 897 507 743 
 781 504 299 702 364 
 151 768 95 306 125 82 155 
 568 351 152 97 559 777 797 
 538 159 331 868 297 378 668 
 744 782 341 34 27 806 549 
 612 935 539 921 347 78 660 
 364 885 898 182 839 968 108 
 598 840 853 621 643 629 116 
 110 581 983 522 775 325 342 
 218 90 852 736 129 541 131 
 672 888 305 262 752 735 334 
 335 600 182 251 668 530 931 
 135 888 947 930 472 2 985 
 999 398 239 436 261 55 544 
 790 132 888 612 522 813 553 
 875 63 701 630 864 185 994 
 284 276 347 513 850 874 15 
 3 298 630 273 892 668 980 
 599 737 250 634 113 508 457 
 637 559 313 172 668 15 574 
 496 431 980 789 160 189 605 
 105 214 312 178 25 485 569 
 863 759 882 883 319 144 788 
 601 463 217 127 742 919 806 
 301 145 385 218 279 580 271 
 710 382 137 742 586 844 795 
 293 603 177 421 363 538 967 
 933 755 433 564 958 425 756 
 19 345 178 628 161 1 845 
 106 488 737 627 285 238 645 
 255 139 755 331 958 338 837 
 280 973 700 19 994 349 780 
 259 481 712 995 812 508 656 
 569 690 733 659 476 805 436 
 592 34 569 972 305 23 900 
 272 446 748 481 739 253 789 
 303 809 212 513 104 
 906 858 576 426 640 648 647 
 448 333 915 178 78 630 382 
 629 999 868 338 27 862 617 
 309 275 142 957 587 190 482 
 4 735 185 884 536 528 746 
 182 101 428 28 938 288 829 
 363 554 382 261 735 167 654 
 931 89 930 247 771 350 635 
 520 23 821 157 848 984 803 
 862 636 210 289 263 290 706 
 106 56 119 977 23 417 405 
 397 935 33 74 788 143 23 
 457 104 557 329 577 897 980 
 327 728 301 526 926 269 288 
 830 862 328 244 193 411 306 
 759 919 484 755 774 501 342 
 208 669 967 229 353 484 704 
 375 547 441 730 161 674 240 
 740 677 460 202 831 730 910 
 704 591 699 664 166 953 507 
 440 744 929 621 863 230 944 
 805 757 367 288 477 36 942 
 207 226 831 791 517 35 801 
 752 294 860 382 31 221 94 
 202 856 567 172 275 243 867 
 182 575 183 459 942 301 417 
 259 356 221 586 156 26 759 
 995 383 239 844 866 58 875 
 502 610 532 631 192 771 736 
 265 493 111 956 890 682 136 
 806 465 803 737 491 284 774 
 147 623 234 129 29 556 777 
 636 296 267 568 607 335 123 
 587 706 985 812 810 742 931 
 754 625 246 752 747 365 189 
 481 311 84 862 227 
 194 153 726 883 707 921 562 
 921 673 666 448 775 50 796 
 775 928 683 462 245 33 743 
 818 132 593 953 339 267 472 
 271 596 150 320 596 24 518 
 222 660 265 662 679 29 993 
 426 314 825 874 464 90 310 
 278 643 952 930 453 395 42 
 864 178 727 277 308 213 870 
 980 789 254 816 222 999 182 
 543 400 229 382 517 704 345 
 988 332 389 260 481 688 967 
 404 531 429 74 760 147 671 
 442 116 342 677 117 109 652 
 581 731 460 298 78 278 707 
 528 648 513 801 322 740 266 
 869 999 547 800 315 371 47 
 563 225 141 780 485 777 479 
 796 540 965 961 885 877 236 
 93 635 791 198 760 324 981 
 768 613 240 57 81 857 965 
 681 665 542 404 435 452 992 
 917 672 130 369 179 113 67 
 557 215 227 205 293 309 317 
 814 645 465 92 744 148 184 
 691 376 318 406 587 213 931 
 610 748 400 933 59 705 167 
 540 809 60 201 753 172 631 
 473 413 230 358 668 847 871 
 574 753 232 651 454 842 743 
 373 167 871 210 42 380 637 
 595 62 801 336 607 400 965 
 222 29 4 840 295 515 555 
 707 246 735 453 362 665 720 
 290 459 872 195 555 811 775 
 836 340 108 803 83 
 430 616 542 666 693 4 290 
 264 302 886 152 447 175 821 
 574 845 540 370 650 252 173 
 714 161 138 288 424 981 281 
 407 764 306 828 778 318 840 
 902 699 713 174 506 844 8 
 978 609 472 442 515 576 803 
 716 723 21 707 282 13 205 
 484 350 538 872 644 76 467 
 503 603 283 813 746 384 988 
 176 204 515 424 863 418 863 
 979 5 800 100 802 659 235 
 493 125 500 196 470 909 645 
 649 483 60 837 643 48 631 
 896 183 285 317 442 277 318 
 324 886 610 27 896 516 790 
 93 466 925 653 931 490 70 
 78 223 933 190 741 315 164 
 575 488 675 922 278 516 666 
 12 419 973 899 646 279 936 
 142 785 897 449 398 526 134 
 587 684 57 940 451 830 694 
 285 291 101 124 916 911 82 
 228 840 297 54 280 627 781 
 323 764 266 700 878 830 531 
 618 744 772 664 366 377 793 
 701 388 260 439 498 763 761 
 36 929 951 357 597 383 399 
 474 923 195 53 230 567 991 
 223 171 39 105 72 971 741 
 41 101 434 28 481 56 897 
 930 550 102 479 892 455 585 
 166 517 930 942 445 563 17 
 76 675 151 519 376 991 851 
 686 451 335 410 483 993 775 
 752 712 327 933 366 
 383 340 238 740 943 420 283 
 987 193 132 57 954 831 538 
 827 357 673 584 31 460 335 
 868 436 801 197 721 583 711 
 666 10 279 459 631 60 215 
 755 144 769 669 753 804 196 
 356 206 212 64 37 463 661 
 54 254 721 725 66 289 75 
 776 285 539 79 223 9 192 
 592 381 326 153 171 418 575 
 395 461 619 139 886 489 272 
 445 467 30 915 11 883 81 
 369 422 790 440 570 470 586 
 90 264 467 40 431 641 291 
 525 651 125 951 414 809 415 
 756 225 865 731 338 227 290 
 555 766 405 582 82 551 717 
 776 317 843 933 102 44 624 
 606 78 412 890 299 378 770 
 944 558 931 959 388 211 991 
 78 870 6 219 390 111 804 
 854 216 934 188 11 744 525 
 516 836 355 193 787 918 77 
 308 243 433 391 466 538 941 
 171 933 181 115 175 801 907 
 72 451 159 562 659 499 450 
 508 208 499 651 71 300 829 
 517 895 240 11 816 316 257 
 566 670 483 461 427 303 734 
 845 424 60 915 243 690 573 
 957 347 427 452 92 481 686 
 678 61 934 635 109 818 842 
 512 471 815 344 14 803 97 
 556 791 961 199 381 296 510 
 894 403 515 34 230 95 105 
 387 5 149 97 309 
 63226 63343 62710 63171 57512