 250 5 0 
 1069 684 810 1067 416 500 647 
 957 498 361 933 726 785 833 
 404 676 949 917 762 559 578 
 659 921 591 785 328 727 921 
 774 782 1012 993 860 800 912 
 1136 1021 918 503 698 571 630 
 1102 671 588 704 1067 771 772 
 736 815 840 887 576 531 815 
 727 751 736 614 522 1035 840 
 1029 774 486 1101 673 748 839 
 681 483 890 540 540 688 538 
 867 627 1007 638 406 608 965 
 931 557 869 658 900 642 1053 
 977 406 940 697 335 783 895 
 813 523 736 1084 362 956 942 
 869 505 452 874 864 466 846 
 1027 1170 680 761 738 1073 1123 
 858 1076 1087 816 448 892 674 
 689 592 558 622 942 766 734 
 441 703 737 524 389 1022 851 
 655 869 709 292 845 572 881 
 970 513 894 937 906 649 919 
 647 862 474 1055 380 923 787 
 800 731 718 580 916 1030 914 
 704 369 741 749 562 651 495 
 595 489 1003 960 661 605 808 
 896 587 1104 843 919 1096 557 
 759 322 1082 498 707 922 859 
 642 1095 900 494 733 865 564 
 813 832 799 1171 520 847 563 
 887 581 683 940 537 862 705 
 862 608 638 960 918 835 904 
 723 869 688 907 593 925 930 
 1016 989 608 687 745 683 345 
 879 1113 691 731 786 793 623 
 743 745 914 850 888 
 942 349 751 860 224 484 92 
 687 271 214 617 219 249 719 
 589 651 440 27 119 502 639 
 909 480 76 150 399 211 713 
 885 380 330 559 114 511 256 
 990 555 26 216 115 178 277 
 735 753 27 269 828 273 903 
 872 500 851 822 458 85 330 
 798 465 56 825 606 409 645 
 800 249 95 854 700 867 605 
 188 385 485 674 849 144 424 
 318 34 241 619 208 434 447 
 213 313 614 679 962 77 45 
 486 141 380 220 77 561 125 
 362 205 304 781 344 90 560 
 986 495 698 24 587 86 834 
 918 915 218 956 414 465 460 
 506 202 521 345 298 844 600 
 605 383 188 106 628 923 82 
 747 206 102 459 511 704 613 
 483 731 746 147 279 192 716 
 705 792 75 967 405 302 637 
 621 987 138 307 768 846 257 
 397 228 21 25 630 636 501 
 926 633 77 147 762 342 116 
 486 406 487 752 310 555 238 
 822 943 734 586 569 874 55 
 909 23 642 48 838 1 98 
 726 727 914 343 393 751 405 
 682 892 877 716 593 995 337 
 413 746 215 682 363 895 659 
 543 148 640 163 214 328 923 
 602 358 589 812 616 734 434 
 660 285 817 513 427 977 496 
 716 726 591 293 588 655 892 
 304 35 550 691 700 
 47 555 335 967 755 513 805 
 133 53 177 967 745 698 460 
 177 568 489 718 729 757 626 
 347 496 692 124 195 243 704 
 937 405 904 106 754 252 817 
 776 794 516 843 890 796 571 
 355 562 395 727 565 523 685 
 715 860 391 606 666 472 885 
 671 423 995 344 43 930 290 
 753 949 955 627 488 275 244 
 515 445 712 728 661 617 556 
 421 473 523 180 243 458 523 
 466 865 662 80 834 988 716 
 395 210 574 295 24 879 480 
 852 815 215 984 381 559 890 
 441 371 277 863 478 774 887 
 855 876 684 219 124 569 970 
 966 256 896 510 886 709 762 
 56 15 289 539 956 870 973 
 2 385 615 521 166 743 542 
 873 577 634 23 550 390 465 
 711 149 682 453 783 839 748 
 857 324 390 660 166 375 418 
 132 172 236 790 537 464 245 
 222 416 176 349 261 840 71 
 356 904 851 337 862 220 548 
 389 322 752 736 774 842 515 
 877 672 839 771 691 802 594 
 322 804 472 635 409 829 70 
 570 881 897 860 862 54 450 
 676 704 435 255 212 391 891 
 412 811 746 460 301 542 392 
 348 400 224 95 569 997 723 
 982 530 638 665 707 166 358 
 465 300 864 739 626 974 231 
 99 113 887 184 456 
 666 508 786 724 200 33 413 
 875 189 524 178 282 216 576 
 224 899 810 666 732 269 502 
 214 997 326 708 271 467 120 
 436 185 54 372 803 999 629 
 985 527 850 261 555 681 832 
 446 340 408 184 932 332 120 
 55 538 191 348 701 847 714 
 209 668 109 334 981 750 957 
 488 756 27 773 366 321 716 
 149 474 829 139 548 756 209 
 663 357 944 50 881 425 893 
 530 640 835 233 256 332 774 
 965 469 525 311 564 670 801 
 649 890 608 983 133 22 527 
 734 6 160 685 884 701 641 
 898 321 649 885 32 928 884 
 105 588 136 958 748 611 78 
 98 112 226 464 802 21 99 
 394 764 721 281 73 290 89 
 890 736 890 150 264 182 345 
 888 758 780 408 612 706 887 
 500 861 39 922 263 843 407 
 25 192 734 658 869 91 377 
 898 242 680 895 34 962 420 
 327 50 976 226 366 372 196 
 856 160 955 489 193 222 73 
 424 13 991 341 195 355 983 
 678 721 426 464 490 804 874 
 834 317 19 517 83 770 616 
 724 223 922 961 403 982 984 
 87 173 961 489 969 590 682 
 388 622 778 926 933 205 112 
 276 777 412 982 674 89 218 
 131 996 703 181 79 643 913 
 874 259 671 816 921 
 687 484 751 492 727 638 53 
 51 294 469 657 201 686 702 
 16 196 692 623 695 351 15 
 696 505 384 714 18 72 824 
 893 945 475 702 168 105 548 
 946 659 937 838 698 846 490 
 537 302 788 758 533 916 110 
 169 632 299 416 176 368 408 
 398 180 815 946 508 117 593 
 774 624 414 719 834 648 485 
 393 409 563 310 181 724 713 
 52 266 499 218 240 851 190 
 847 789 324 69 314 473 710 
 929 334 555 107 881 14 212 
 328 213 687 312 133 971 917 
 530 957 394 94 16 454 809 
 113 739 760 470 548 477 942 
 816 991 984 318 12 100 59 
 791 241 107 507 359 154 800 
 43 546 565 28 188 82 560 
 291 978 105 343 306 84 224 
 141 558 545 397 337 141 475 
 653 220 798 949 495 163 855 
 820 789 513 506 662 728 314 
 663 69 67 23 160 90 372 
 764 422 361 257 683 647 889 
 937 415 820 216 117 824 915 
 209 370 665 322 645 744 235 
 590 977 544 199 167 165 40 
 598 588 864 941 441 733 172 
 637 663 844 534 346 770 731 
 225 101 184 740 647 872 163 
 219 151 810 743 332 461 233 
 678 835 980 353 654 960 172 
 806 837 87 91 755 666 680 
 326 248 59 691 956 
 685 213 985 894 66 7 371 
 786 26 14 275 336 571 839 
 77 458 582 110 155 710 334 
 657 819 672 531 595 481 705 
 340 337 932 843 406 302 465 
 16 550 184 249 973 352 111 
 996 794 174 937 643 55 455 
 134 87 533 893 468 538 673 
 501 602 304 9 388 525 29 
 828 718 932 190 596 534 611 
 439 578 972 579 31 781 426 
 396 701 898 157 215 161 827 
 228 6 571 600 729 160 701 
 629 234 318 743 64 767 830 
 197 345 529 843 707 744 759 
 281 484 136 855 41 69 397 
 95 625 284 366 617 944 823 
 163 896 524 255 85 253 204 
 178 144 456 813 25 105 583 
 669 629 519 272 97 882 827 
 526 399 673 399 829 186 390 
 752 182 585 846 355 673 967 
 279 721 197 912 85 474 305 
 712 8 538 120 443 734 998 
 526 228 858 342 806 863 321 
 31 143 741 912 711 114 706 
 608 304 420 312 885 544 123 
 569 329 831 58 376 907 670 
 869 525 894 719 460 889 235 
 368 671 760 471 327 509 911 
 778 333 909 410 652 954 185 
 703 912 84 854 704 422 807 
 684 971 817 347 93 370 861 
 192 231 81 102 883 633 354 
 921 597 88 411 179 760 135 
 42 939 689 240 533 
 91901 103057 97326 91682 92712 