 250 5 0 
 694 778 541 765 928 744 628 
 582 970 709 743 1041 1073 1098 
 526 522 303 663 1048 977 696 
 780 915 883 629 675 421 681 
 1197 679 587 824 1041 515 640 
 497 914 495 739 984 801 706 
 761 1097 641 1052 725 644 689 
 879 989 686 248 603 829 769 
 780 791 809 668 935 803 929 
 587 1118 575 614 760 802 714 
 628 910 720 748 461 1076 857 
 655 804 864 998 825 656 920 
 575 681 420 987 966 499 716 
 754 872 724 708 1071 741 594 
 1036 988 636 797 492 505 1002 
 531 762 579 700 528 1064 801 
 614 931 1044 680 817 861 609 
 641 706 669 565 1095 814 401 
 524 844 1070 681 1026 747 815 
 1110 665 608 902 518 440 614 
 498 397 905 744 887 996 842 
 608 631 1033 545 455 1121 671 
 861 779 874 700 933 654 1084 
 885 722 670 465 874 416 386 
 562 540 545 1093 962 715 503 
 1021 1034 662 862 931 1115 816 
 661 909 748 1056 616 1206 535 
 361 856 944 1116 921 724 560 
 929 1052 818 701 812 834 651 
 1084 619 738 634 852 510 1106 
 725 557 458 498 951 559 1069 
 540 699 785 597 880 683 1016 
 786 689 503 758 853 517 831 
 631 693 884 609 477 500 686 
 510 836 714 560 707 453 871 
 505 771 794 1092 697 
 883 459 558 603 802 513 812 
 752 715 614 680 709 511 955 
 492 916 93 269 634 394 68 
 332 733 892 840 588 746 153 
 966 965 852 300 368 155 578 
 126 264 717 690 157 397 453 
 546 879 598 797 834 300 105 
 556 818 398 257 258 669 250 
 660 409 819 524 848 152 248 
 68 337 638 397 978 403 827 
 74 402 232 334 136 304 17 
 662 160 618 651 970 334 8 
 137 711 11 580 868 228 653 
 305 706 631 254 966 84 189 
 375 839 493 52 43 783 227 
 577 628 696 344 936 349 566 
 565 911 980 238 91 290 782 
 90 929 332 711 162 309 866 
 153 217 979 95 448 829 262 
 687 870 188 769 205 772 511 
 75 91 315 199 983 484 133 
 154 959 915 39 348 844 946 
 339 805 879 34 719 711 460 
 741 503 884 124 813 627 329 
 7 642 736 876 627 78 232 
 703 879 657 121 490 734 827 
 869 514 452 693 527 851 562 
 166 993 390 273 982 237 843 
 720 757 649 814 702 713 338 
 433 407 937 236 84 302 869 
 79 191 398 513 90 340 897 
 133 147 965 493 774 510 864 
 769 539 298 292 611 167 1 
 74 151 177 504 333 743 493 
 265 480 373 424 328 17 857 
 246 12 705 931 459 
 417 713 728 692 839 259 69 
 67 909 558 44 476 11 135 
 489 195 42 631 651 817 749 
 81 515 795 836 96 238 385 
 747 315 75 799 735 176 243 
 301 508 137 667 390 479 176 
 723 435 39 916 692 94 642 
 665 371 302 384 977 992 925 
 378 604 53 771 137 233 687 
 448 614 946 239 771 381 344 
 829 501 992 660 808 277 172 
 624 272 138 870 209 296 891 
 596 846 372 855 683 925 343 
 563 284 882 737 334 445 519 
 602 517 745 857 194 24 847 
 264 380 553 531 133 814 456 
 479 553 809 545 607 961 296 
 560 359 419 762 705 557 280 
 192 321 501 671 678 44 689 
 13 402 54 861 454 973 368 
 732 137 508 880 28 423 446 
 7 137 186 475 184 589 654 
 960 462 819 801 164 979 702 
 385 498 871 332 738 237 783 
 658 436 117 841 886 158 84 
 641 494 828 735 573 636 513 
 460 40 510 478 40 809 199 
 414 766 201 848 623 782 71 
 988 553 20 107 45 627 187 
 645 138 610 573 907 269 681 
 356 92 350 527 109 840 834 
 643 258 347 321 448 484 357 
 850 320 707 499 534 106 605 
 860 943 187 88 235 127 502 
 383 711 553 940 214 195 488 
 401 814 998 456 412 
 862 155 376 589 112 983 269 
 387 135 28 581 869 994 967 
 688 252 642 851 991 434 458 
 556 265 470 131 763 825 674 
 109 29 850 563 485 634 214 
 582 977 13 544 482 620 617 
 999 906 954 830 960 398 363 
 286 896 598 47 578 366 951 
 925 763 99 473 300 914 669 
 542 518 199 16 603 551 18 
 765 468 169 706 926 944 325 
 249 318 481 449 347 738 546 
 5 314 535 199 795 948 75 
 286 761 272 684 543 504 586 
 697 580 539 36 129 184 14 
 592 991 233 787 190 739 797 
 326 163 215 958 724 4 798 
 310 166 317 252 961 710 420 
 773 732 214 316 431 641 787 
 739 719 447 4 282 93 452 
 93 256 78 386 337 645 749 
 802 204 287 521 356 916 959 
 924 169 435 776 1 23 333 
 389 659 434 681 199 29 586 
 513 641 390 800 530 980 536 
 264 283 722 261 478 981 435 
 792 616 383 977 116 480 758 
 228 776 766 774 427 317 271 
 676 961 900 831 839 780 539 
 143 762 605 729 655 418 873 
 470 442 432 425 741 348 285 
 27 884 517 112 62 385 594 
 370 305 604 287 532 897 820 
 463 429 132 459 400 221 696 
 153 527 152 362 57 742 467 
 400 214 783 104 782 
 243 263 234 737 765 811 408 
 676 217 212 385 118 925 434 
 259 144 335 154 947 63 183 
 823 652 6 502 785 144 369 
 867 664 240 465 778 599 931 
 339 963 465 96 983 884 133 
 371 368 694 976 153 48 847 
 278 749 914 308 233 470 405 
 245 109 750 43 542 409 547 
 85 801 694 83 428 981 116 
 402 983 828 497 3 560 791 
 761 464 397 939 773 345 320 
 432 115 382 941 293 73 717 
 302 421 945 35 969 119 610 
 874 660 89 996 678 454 770 
 578 96 5 226 205 694 991 
 50 997 921 825 570 343 389 
 553 615 628 246 659 105 175 
 470 694 805 236 865 396 280 
 849 733 724 694 310 2 952 
 885 164 805 717 653 903 804 
 606 155 531 873 422 442 624 
 143 98 305 212 542 387 731 
 588 847 164 657 395 597 135 
 615 919 449 48 73 542 212 
 711 947 267 627 774 427 504 
 444 590 808 731 754 930 150 
 145 90 960 960 507 523 659 
 437 794 456 354 278 987 702 
 878 973 379 252 661 934 529 
 556 74 346 63 933 577 935 
 446 262 707 576 572 483 878 
 126 959 599 441 484 718 485 
 59 923 995 95 657 346 763 
 715 809 340 417 137 721 679 
 214 324 454 847 161 
 691 382 7 302 703 156 50 
 737 619 311 541 582 781 714 
 590 480 38 769 672 989 619 
 640 621 555 680 27 146 710 
 826 381 833 861 834 770 138 
 583 496 827 127 760 965 164 
 233 476 126 103 814 336 778 
 303 471 563 130 500 571 391 
 875 9 813 815 565 231 909 
 352 857 159 154 175 989 938 
 475 542 95 601 64 998 762 
 27 860 820 867 210 982 499 
 874 213 172 501 410 83 854 
 697 127 731 123 339 698 238 
 279 582 70 626 247 954 999 
 389 954 958 384 70 791 548 
 161 379 254 487 698 921 672 
 53 115 832 630 572 319 90 
 251 350 668 327 688 748 11 
 810 555 924 511 161 166 442 
 608 367 632 960 357 633 287 
 725 371 787 121 38 592 8 
 845 560 333 371 868 505 847 
 449 902 361 309 659 78 43 
 534 20 845 675 274 606 207 
 392 989 661 656 158 347 520 
 293 578 279 532 618 597 122 
 351 278 284 923 28 89 85 
 682 659 689 729 45 702 782 
 930 375 724 836 467 131 854 
 586 939 540 387 461 384 922 
 723 646 754 788 661 819 294 
 889 657 296 791 236 85 595 
 989 90 880 419 685 661 744 
 334 243 926 4 717 426 85 
 433 928 295 872 69 
 62835 61652 62832 64454 63618