 250 10 0 
 390 706 756 897 683 858 439 
 735 641 687 806 739 666 990 
 520 810 895 768 953 757 1094 
 566 985 567 422 683 696 678 
 723 938 903 716 921 876 866 
 515 861 728 839 644 586 828 
 733 709 557 759 876 724 748 
 862 874 731 757 631 682 934 
 870 961 880 632 718 646 896 
 825 561 838 1003 730 426 990 
 765 377 583 815 745 575 898 
 968 530 1101 944 825 753 1003 
 552 604 957 590 822 752 671 
 948 925 663 761 986 811 671 
 629 695 766 648 379 610 1098 
 617 818 752 502 533 864 844 
 828 884 665 696 550 786 545 
 1006 969 778 658 500 635 747 
 921 523 781 662 882 657 991 
 810 993 696 716 1056 786 825 
 986 704 734 711 723 833 713 
 857 641 601 915 972 720 738 
 521 563 852 1088 748 753 636 
 506 734 886 736 941 672 548 
 867 956 843 843 639 804 882 
 733 611 1000 946 1090 705 950 
 547 517 815 910 568 869 503 
 536 771 896 647 987 777 742 
 630 574 674 885 586 562 721 
 821 732 912 667 734 810 391 
 697 671 530 719 859 697 725 
 847 621 626 958 701 660 637 
 743 512 409 709 955 964 925 
 829 891 860 868 671 754 819 
 616 873 947 902 408 960 884 
 572 556 697 651 802 
 443 130 358 113 187 784 775 
 470 847 755 475 275 56 979 
 787 149 139 428 334 285 662 
 430 350 629 321 193 774 404 
 400 758 333 729 626 6 895 
 704 235 931 535 439 833 184 
 214 928 441 26 186 381 192 
 547 360 253 936 971 504 328 
 8 605 498 956 595 794 852 
 869 76 40 600 758 158 264 
 415 42 837 242 217 529 123 
 785 240 499 228 526 479 206 
 161 613 173 24 510 82 985 
 76 578 953 717 268 289 160 
 683 34 611 662 472 542 626 
 368 418 838 166 7 403 57 
 24 731 235 714 617 717 326 
 134 792 887 963 484 422 389 
 680 246 161 408 558 444 266 
 502 352 971 64 955 802 303 
 881 405 260 142 596 874 683 
 801 366 675 60 840 920 469 
 600 588 982 676 157 660 990 
 470 386 892 812 423 64 201 
 256 738 794 61 668 955 523 
 682 286 85 321 713 491 142 
 525 704 430 388 575 21 130 
 422 852 741 237 379 767 666 
 489 563 209 712 633 566 24 
 703 408 432 424 678 681 602 
 924 83 157 736 2 589 24 
 84 778 566 827 37 365 25 
 304 350 349 279 855 88 977 
 985 867 239 405 277 836 806 
 394 432 458 850 171 304 550 
 406 131 895 273 876 
 71 767 513 351 888 120 454 
 480 684 234 721 431 689 643 
 263 365 753 751 168 611 387 
 858 771 60 24 687 102 299 
 376 166 215 965 64 784 714 
 300 436 170 424 441 836 651 
 212 983 489 309 525 735 932 
 549 174 343 18 403 172 650 
 417 232 100 357 97 411 754 
 199 803 305 745 14 155 928 
 582 89 845 410 707 169 649 
 754 292 254 245 551 707 531 
 191 587 76 146 727 627 80 
 485 942 317 498 305 617 403 
 164 883 316 217 462 391 727 
 775 667 213 264 975 372 706 
 974 558 105 735 241 3 140 
 724 843 17 363 155 223 339 
 688 124 507 372 851 564 710 
 933 771 732 706 771 574 530 
 792 885 206 522 142 825 255 
 707 26 81 650 673 91 768 
 356 30 76 472 500 680 983 
 198 238 512 563 740 610 72 
 749 572 924 337 816 397 937 
 247 213 832 598 766 64 559 
 761 697 80 402 716 111 996 
 849 277 804 766 784 774 376 
 921 446 789 554 802 812 300 
 578 744 30 110 73 698 979 
 358 961 701 244 631 76 90 
 126 114 822 537 375 995 513 
 320 795 459 604 658 628 212 
 435 783 578 534 997 575 608 
 668 71 247 586 309 604 103 
 16 516 273 681 908 
 79 154 682 795 335 703 85 
 509 308 372 308 932 22 851 
 822 647 779 297 207 795 723 
 195 786 966 245 38 103 59 
 608 865 317 101 386 596 702 
 924 608 149 941 968 657 887 
 928 384 227 49 557 713 202 
 983 822 560 556 42 989 118 
 278 568 590 398 268 844 278 
 511 827 364 231 114 63 741 
 48 131 859 622 6 775 4 
 230 70 466 756 518 270 941 
 383 559 198 194 999 298 810 
 895 488 778 748 172 51 473 
 795 861 579 12 6 646 817 
 544 318 969 464 634 951 512 
 712 168 453 284 51 104 270 
 338 857 60 140 952 499 882 
 655 35 417 668 979 661 509 
 381 391 617 220 351 305 903 
 888 220 233 150 358 691 172 
 540 344 686 38 382 546 717 
 244 272 93 556 438 508 142 
 957 728 619 68 678 290 836 
 307 537 925 119 419 525 460 
 129 767 111 516 965 679 888 
 308 79 317 861 218 935 71 
 778 211 919 689 612 112 374 
 640 544 233 552 335 862 570 
 931 673 733 617 658 563 182 
 235 352 175 248 97 635 968 
 886 214 558 96 170 364 821 
 843 400 492 174 546 571 722 
 932 111 48 458 258 899 908 
 198 866 921 454 674 867 352 
 108 397 252 315 910 
 208 827 1 237 731 220 867 
 890 428 571 505 462 775 136 
 227 613 860 324 281 529 908 
 103 265 439 465 984 131 764 
 480 977 726 318 607 504 553 
 130 118 46 649 841 464 189 
 174 34 846 476 828 805 712 
 426 634 653 427 643 108 219 
 440 710 600 857 522 154 354 
 990 341 420 385 651 847 914 
 790 47 112 725 72 750 137 
 720 73 674 774 930 478 751 
 410 214 977 64 183 661 782 
 675 211 512 135 837 1 711 
 368 405 676 896 978 97 404 
 177 192 492 822 93 443 226 
 165 278 198 176 259 998 648 
 815 478 757 101 618 210 234 
 324 268 234 890 470 723 342 
 289 684 546 500 387 389 946 
 286 505 433 502 367 213 649 
 160 813 100 522 271 629 991 
 382 733 929 727 425 954 818 
 467 364 275 94 540 628 208 
 919 34 223 752 194 326 324 
 37 914 319 551 583 424 81 
 479 265 835 425 384 717 447 
 553 495 297 119 332 121 614 
 386 552 619 164 775 799 655 
 664 344 843 715 400 8 20 
 329 668 651 956 950 893 122 
 965 500 610 891 496 141 495 
 867 140 214 172 115 455 480 
 526 539 504 813 544 121 801 
 454 655 135 741 39 824 800 
 197 151 978 641 50 
 593 636 295 26 988 244 612 
 155 818 28 225 296 819 365 
 506 511 455 905 45 166 710 
 362 216 817 904 803 381 428 
 851 146 903 192 391 362 969 
 304 747 970 35 713 742 143 
 332 44 565 554 102 250 48 
 138 148 828 667 344 692 816 
 852 236 884 498 601 747 478 
 512 559 237 203 947 843 127 
 177 455 193 589 28 425 894 
 925 109 995 453 52 206 594 
 827 922 897 682 908 172 539 
 709 738 629 60 664 393 124 
 955 26 555 204 668 323 852 
 853 417 321 301 646 905 786 
 705 263 202 264 713 215 760 
 431 567 539 555 519 149 441 
 706 146 660 232 466 533 179 
 648 965 639 494 537 810 299 
 298 308 688 805 1 339 98 
 558 394 305 801 615 726 841 
 581 911 738 791 65 989 224 
 185 953 917 796 708 652 722 
 599 118 497 151 950 71 555 
 6 175 959 829 420 960 302 
 668 395 680 533 775 950 730 
 855 143 833 190 487 70 312 
 270 592 673 268 48 727 741 
 589 872 825 659 179 763 684 
 307 179 51 814 601 466 894 
 415 42 762 597 1000 773 391 
 757 217 986 312 15 76 564 
 278 656 370 781 550 928 952 
 46 654 699 953 419 922 626 
 715 896 596 999 705 
 958 325 898 627 683 909 61 
 944 77 964 2 127 453 54 
 640 168 835 889 840 869 589 
 902 322 319 799 889 125 907 
 281 161 795 193 611 605 673 
 936 657 245 175 507 695 468 
 444 514 59 742 847 656 93 
 150 37 24 520 396 901 518 
 285 544 77 254 771 73 251 
 624 65 28 587 318 607 790 
 571 468 168 784 647 36 1000 
 557 598 715 493 869 273 288 
 663 214 879 630 694 39 258 
 422 744 317 966 550 360 937 
 247 967 37 776 120 961 336 
 24 395 918 947 251 844 873 
 409 966 387 406 970 742 325 
 614 587 447 530 33 471 484 
 245 242 744 133 349 800 579 
 739 630 770 943 989 327 488 
 467 953 705 842 730 353 932 
 9 448 435 481 847 730 830 
 7 280 279 166 23 781 440 
 102 910 540 921 592 542 97 
 780 702 563 266 418 789 702 
 373 553 631 779 835 771 821 
 59 817 868 406 353 82 858 
 99 709 662 954 790 658 865 
 879 477 767 716 81 107 312 
 35 550 801 290 171 716 319 
 121 346 898 268 98 891 489 
 614 551 88 254 787 38 495 
 693 828 176 256 628 916 314 
 355 53 372 29 380 977 260 
 326 52 500 393 629 966 685 
 913 110 318 289 815 
 298 514 877 342 218 70 344 
 536 296 920 170 268 894 784 
 647 817 259 845 633 46 601 
 943 465 285 64 457 811 34 
 776 994 708 823 913 536 957 
 413 858 755 37 458 403 330 
 631 894 387 489 793 523 257 
 773 583 879 540 957 843 883 
 201 769 86 913 407 927 394 
 680 196 593 855 487 733 568 
 642 291 200 990 733 296 306 
 303 857 953 904 469 716 248 
 502 782 378 996 368 422 140 
 437 484 772 739 577 268 926 
 755 124 788 403 9 721 872 
 364 786 980 867 937 488 27 
 559 269 278 783 15 521 22 
 886 910 130 735 566 654 834 
 111 930 32 734 738 188 598 
 341 728 358 922 715 232 592 
 917 752 775 657 902 309 646 
 118 8 159 238 507 490 171 
 453 565 502 760 318 75 177 
 483 938 384 212 269 832 729 
 175 36 565 550 240 220 548 
 139 398 148 484 724 577 560 
 396 499 21 786 239 768 11 
 615 448 572 942 435 620 486 
 773 492 97 122 934 119 946 
 110 253 229 848 994 526 147 
 888 681 217 468 679 492 270 
 14 165 121 565 807 796 902 
 815 278 408 808 898 194 275 
 210 823 483 823 830 843 10 
 227 196 87 465 10 838 360 
 738 942 503 718 624 
 128 567 485 696 868 1000 373 
 806 213 269 834 206 862 887 
 19 377 773 879 994 212 909 
 411 896 687 594 649 607 643 
 251 541 932 880 614 658 722 
 449 910 26 208 769 149 861 
 997 242 794 739 945 385 498 
 194 163 594 398 222 322 733 
 511 876 957 102 716 533 497 
 614 240 555 933 651 380 756 
 695 647 847 345 740 355 519 
 573 114 514 527 318 670 798 
 406 206 284 715 227 582 578 
 844 355 863 548 849 982 416 
 173 534 244 262 530 490 67 
 855 46 20 925 581 285 341 
 212 99 538 110 853 321 719 
 544 797 439 271 317 694 835 
 773 642 871 779 131 441 911 
 233 658 840 464 601 68 355 
 180 948 771 170 568 226 191 
 698 635 289 578 629 404 424 
 76 313 238 746 877 313 837 
 715 966 597 302 348 574 434 
 448 558 661 825 124 312 203 
 337 437 921 454 612 927 749 
 437 873 290 47 128 967 468 
 42 347 445 631 136 470 106 
 7 438 94 111 393 78 314 
 310 109 467 461 137 482 18 
 86 778 579 493 49 982 357 
 966 499 368 70 165 224 119 
 365 490 68 487 667 98 283 
 672 429 281 146 33 926 660 
 210 435 263 652 248 5 182 
 841 557 850 799 836 
 198 716 245 938 99 679 510 
 369 424 605 826 301 757 645 
 346 664 517 403 649 131 201 
 54 395 263 35 748 535 497 
 586 941 702 153 328 554 633 
 177 812 196 132 598 64 972 
 76 480 915 126 762 258 884 
 940 788 504 203 619 160 899 
 175 576 720 622 311 681 747 
 21 2 843 618 619 60 543 
 886 376 151 747 913 60 477 
 938 651 166 407 507 833 628 
 463 714 356 376 565 473 719 
 830 693 60 439 313 195 191 
 560 222 251 88 323 207 850 
 435 881 848 180 402 350 567 
 644 921 246 37 390 955 217 
 887 37 998 798 195 11 495 
 176 507 515 549 795 868 648 
 694 284 435 660 724 428 644 
 775 101 787 474 558 806 236 
 725 799 989 261 159 590 896 
 195 708 25 737 415 389 811 
 286 634 124 995 490 506 172 
 778 878 50 400 335 421 714 
 208 810 737 988 371 899 193 
 673 224 856 791 823 50 584 
 499 740 46 27 882 135 550 
 125 100 315 675 574 344 682 
 61 483 936 547 394 699 635 
 892 111 145 439 158 258 404 
 651 642 891 319 293 863 406 
 809 697 25 858 885 948 632 
 199 280 683 470 721 92 22 
 758 495 686 300 85 2 9 
 398 850 669 201 859 
 52 825 647 823 784 238 208 
 506 79 449 676 417 737 608 
 134 566 68 702 585 553 411 
 47 405 948 143 554 284 703 
 942 242 919 680 661 363 999 
 128 399 844 669 430 979 945 
 145 156 502 838 939 851 342 
 779 706 663 466 658 655 138 
 690 505 313 554 754 63 327 
 258 357 241 360 673 195 370 
 346 236 219 428 796 612 927 
 897 732 968 898 112 216 984 
 707 240 637 79 254 742 689 
 574 662 526 897 616 700 883 
 801 25 254 495 23 573 665 
 129 614 426 68 330 188 997 
 786 389 122 414 509 546 719 
 626 875 377 323 724 938 630 
 36 891 762 170 339 177 783 
 275 651 737 763 736 671 574 
 877 287 144 204 564 683 57 
 343 378 630 971 749 337 442 
 912 692 214 912 784 635 823 
 900 613 921 813 303 119 136 
 866 698 517 456 898 226 842 
 659 769 289 132 964 640 622 
 564 294 95 962 167 893 177 
 514 350 279 139 99 511 313 
 738 241 177 825 70 542 795 
 39 731 674 226 618 378 191 
 12 660 753 722 367 525 119 
 344 888 312 877 582 109 368 
 709 478 474 368 540 827 284 
 973 216 91 926 20 408 1000 
 103 683 645 61 912 152 763 
 968 422 283 120 988 
 89681 91855 91677 91081 98185 96401 97838 
 92540 92834 96925