 250 10 0 
 676 655 695 981 358 728 529 
 846 785 692 875 751 878 943 
 616 939 880 927 772 460 875 
 752 895 779 937 860 550 534 
 789 842 538 568 770 1005 671 
 1022 395 639 910 1046 696 765 
 583 597 1072 512 862 785 553 
 563 1000 467 813 635 979 778 
 634 528 904 864 643 714 582 
 988 600 514 1057 830 863 777 
 784 650 756 635 517 632 731 
 611 724 745 875 559 778 678 
 578 617 825 893 592 613 890 
 611 727 631 908 834 735 759 
 640 559 592 715 607 647 740 
 563 543 735 525 798 816 538 
 1002 787 635 640 889 767 847 
 727 789 910 800 997 589 290 
 637 930 1008 1001 475 848 801 
 462 622 809 648 940 768 769 
 781 638 561 497 821 878 708 
 445 379 617 779 726 678 814 
 620 1003 675 1141 665 997 776 
 825 729 727 625 552 589 764 
 945 779 606 770 700 891 537 
 434 898 913 1038 734 990 695 
 971 902 912 821 459 1046 998 
 632 1020 519 704 837 657 888 
 881 834 495 497 787 1098 570 
 770 845 1005 1010 858 715 669 
 545 607 841 943 629 1005 867 
 889 887 684 865 1071 772 494 
 856 727 586 907 618 669 659 
 556 903 318 901 761 695 582 
 643 499 683 620 755 439 785 
 491 715 618 670 772 
 525 885 734 155 890 793 96 
 937 156 390 668 872 415 480 
 779 562 404 705 202 471 433 
 106 650 833 850 635 208 577 
 266 17 164 605 504 706 730 
 974 26 33 650 123 578 513 
 256 623 723 484 611 99 313 
 977 38 283 731 296 152 242 
 634 885 779 253 639 525 159 
 767 942 491 924 258 749 721 
 769 736 578 176 848 933 575 
 574 358 981 263 547 331 588 
 549 617 118 178 65 438 326 
 499 161 379 16 583 881 826 
 627 14 243 898 485 985 517 
 866 219 585 76 751 723 177 
 972 917 362 450 789 71 661 
 482 797 319 208 539 344 388 
 831 573 719 830 88 899 132 
 523 917 342 345 143 82 244 
 75 165 891 686 754 593 347 
 349 333 577 140 722 79 622 
 417 943 372 583 717 216 218 
 463 954 449 783 244 969 7 
 607 871 12 686 930 658 365 
 6 279 221 364 644 35 279 
 235 33 287 517 186 693 709 
 147 801 26 960 990 809 80 
 774 165 329 443 207 755 522 
 335 138 829 969 895 580 219 
 200 40 960 473 643 976 85 
 707 307 422 490 259 532 240 
 890 745 102 855 192 79 471 
 915 409 569 59 494 780 126 
 8 377 514 75 804 192 916 
 448 379 679 569 504 
 578 105 133 244 141 901 81 
 906 521 183 797 232 416 879 
 301 627 472 347 70 294 106 
 206 831 651 531 334 919 178 
 476 534 355 293 898 135 493 
 655 645 775 659 952 849 655 
 628 794 974 358 867 848 240 
 728 737 691 438 932 108 45 
 130 111 730 561 517 124 259 
 992 632 16 401 501 843 895 
 881 435 806 209 167 924 505 
 105 915 456 779 579 21 671 
 196 835 745 495 523 518 82 
 180 103 370 849 131 15 900 
 203 173 319 324 131 212 281 
 427 868 934 847 600 844 516 
 210 725 66 273 357 693 806 
 11 334 961 690 612 385 383 
 356 541 980 282 913 591 978 
 88 81 745 97 773 468 592 
 235 658 416 858 516 638 64 
 457 216 848 411 976 50 729 
 241 351 68 844 838 358 329 
 611 828 59 972 241 67 804 
 943 361 608 123 74 288 518 
 692 850 669 878 640 317 837 
 808 311 863 222 631 583 870 
 393 710 327 334 142 685 874 
 4 871 249 692 210 645 206 
 438 399 530 93 529 299 51 
 886 460 293 995 300 238 598 
 255 268 947 834 934 747 726 
 897 85 962 714 866 795 610 
 89 690 265 391 905 255 920 
 983 185 584 663 671 479 24 
 387 625 591 246 757 
 999 3 14 170 319 909 325 
 222 116 253 295 93 800 979 
 344 207 731 812 940 25 850 
 316 896 731 792 944 173 341 
 270 737 736 536 418 303 250 
 766 384 835 624 985 579 618 
 418 109 754 114 299 101 842 
 671 606 142 952 651 523 893 
 787 559 492 217 155 652 627 
 279 92 551 935 418 31 1000 
 202 992 759 89 307 914 303 
 159 84 459 780 914 652 598 
 671 221 226 437 702 252 750 
 870 23 848 951 92 564 444 
 244 549 941 972 99 897 504 
 171 891 150 105 777 395 675 
 41 430 262 218 984 362 861 
 229 259 568 962 885 212 677 
 837 652 123 292 137 152 616 
 160 60 308 478 54 882 414 
 710 704 94 787 937 330 941 
 322 459 786 290 315 688 345 
 233 645 416 796 349 826 498 
 705 127 411 689 738 229 715 
 713 620 471 573 960 52 983 
 180 148 110 208 262 792 741 
 708 87 199 41 450 32 924 
 700 485 820 927 907 278 542 
 384 796 149 948 57 972 706 
 753 821 702 726 421 938 258 
 600 653 504 779 240 123 438 
 335 285 651 153 189 416 259 
 91 112 901 792 53 653 68 
 488 797 366 420 347 390 372 
 922 192 707 719 276 72 473 
 293 720 341 334 363 
 427 681 109 903 403 646 183 
 457 628 906 104 5 99 230 
 431 282 924 10 355 88 875 
 514 134 819 572 895 171 514 
 612 774 255 718 884 488 857 
 18 721 599 833 767 108 587 
 841 317 289 415 198 657 386 
 359 693 481 754 134 109 648 
 449 761 200 442 547 405 545 
 374 447 241 893 319 735 612 
 954 89 540 876 392 195 623 
 931 81 577 224 346 346 719 
 663 66 262 213 883 271 751 
 221 789 796 292 69 156 604 
 233 892 519 597 898 159 445 
 773 245 249 716 778 274 124 
 403 115 243 274 104 815 667 
 442 865 593 840 227 843 152 
 328 690 676 737 325 899 777 
 811 225 401 822 542 480 462 
 353 139 175 297 445 841 744 
 763 751 461 674 255 707 854 
 379 981 308 564 389 117 614 
 599 137 804 380 158 6 160 
 759 942 536 586 253 775 465 
 785 885 965 265 33 212 963 
 308 725 738 448 335 538 721 
 998 27 382 435 342 301 677 
 672 190 291 538 593 534 215 
 214 536 861 265 498 812 190 
 349 307 726 698 338 915 837 
 564 806 793 785 839 234 974 
 850 920 41 359 326 338 335 
 25 980 70 907 544 723 687 
 133 270 97 182 902 115 470 
 618 42 41 437 125 
 246 413 141 815 441 604 659 
 547 637 67 717 147 602 564 
 359 405 598 546 270 187 446 
 619 165 171 883 825 19 394 
 373 543 449 777 705 971 524 
 301 594 368 143 936 264 784 
 158 41 603 91 954 284 630 
 259 799 945 252 827 455 349 
 916 571 885 739 563 781 409 
 969 821 276 678 786 379 890 
 669 526 460 102 592 860 988 
 927 542 323 477 99 569 123 
 807 22 728 478 144 867 213 
 317 516 339 102 644 827 745 
 908 174 694 410 854 95 815 
 685 363 555 219 382 378 561 
 665 250 537 599 879 90 991 
 508 913 528 314 136 648 722 
 559 12 84 865 294 248 641 
 160 633 72 51 502 56 959 
 898 922 110 839 851 737 529 
 293 444 608 572 424 85 674 
 973 83 583 657 437 774 310 
 964 475 905 70 61 727 228 
 14 823 815 783 439 2 331 
 493 51 886 841 79 990 73 
 352 241 653 497 301 231 457 
 24 103 133 50 138 563 921 
 803 952 639 57 842 762 790 
 388 163 230 721 354 337 867 
 400 171 909 972 459 936 738 
 29 650 227 846 927 14 87 
 440 92 838 719 641 665 658 
 320 333 270 232 14 135 438 
 511 55 445 919 302 434 408 
 177 571 53 282 375 
 469 368 69 927 641 365 744 
 832 214 372 128 184 855 273 
 112 603 322 781 697 147 413 
 188 167 818 44 611 369 553 
 922 95 590 174 910 598 888 
 270 9 191 586 976 304 296 
 249 718 854 203 395 553 183 
 920 98 332 228 377 655 949 
 57 95 878 882 296 832 790 
 674 60 741 341 358 157 52 
 414 139 590 323 730 161 832 
 127 758 521 332 312 98 121 
 539 741 189 766 942 622 73 
 174 724 61 907 427 103 964 
 446 118 445 5 36 81 488 
 628 44 331 980 93 138 746 
 923 252 201 634 947 433 873 
 263 698 112 224 588 559 81 
 787 289 464 388 121 94 18 
 762 619 331 116 572 871 267 
 43 644 61 236 580 382 815 
 447 139 564 171 271 726 60 
 421 276 704 914 406 725 662 
 709 104 823 267 370 925 255 
 693 626 866 697 12 821 183 
 607 558 220 932 752 515 816 
 370 462 129 147 654 542 543 
 385 798 733 922 270 801 759 
 441 839 73 295 136 376 895 
 805 504 464 450 11 513 934 
 679 38 332 826 192 277 643 
 164 197 682 549 814 890 155 
 635 64 365 584 267 974 542 
 962 304 52 101 696 846 373 
 469 976 38 574 698 176 862 
 269 339 298 173 784 
 528 145 977 784 202 902 593 
 195 925 897 562 314 870 840 
 146 534 68 929 918 379 440 
 799 892 66 604 726 391 311 
 485 111 790 559 568 834 868 
 840 78 190 989 182 815 754 
 621 657 487 817 320 815 355 
 287 689 579 387 847 236 986 
 756 240 298 153 588 907 735 
 921 517 877 813 862 989 308 
 950 122 652 899 829 68 419 
 854 186 767 500 709 606 796 
 693 864 629 256 188 422 972 
 955 202 182 415 949 783 322 
 884 921 1 383 773 63 956 
 533 352 874 816 518 431 678 
 781 584 206 655 872 594 103 
 746 978 969 824 676 5 40 
 639 604 750 905 546 122 536 
 846 154 860 527 542 377 365 
 351 376 215 411 688 529 504 
 740 258 390 787 369 880 960 
 811 542 806 586 382 726 10 
 819 439 601 612 203 955 322 
 605 272 638 162 896 142 867 
 16 683 313 373 435 549 674 
 745 988 388 467 215 966 933 
 66 788 35 667 711 594 221 
 603 30 210 601 709 986 423 
 852 844 64 114 650 743 927 
 164 851 31 944 743 348 744 
 482 564 471 146 730 170 130 
 264 148 755 343 479 973 351 
 729 33 404 37 513 17 460 
 317 124 517 819 318 133 353 
 231 416 537 626 221 
 705 999 261 969 8 259 859 
 693 987 359 798 986 977 153 
 512 471 335 26 992 956 539 
 356 163 589 522 921 291 175 
 561 59 227 821 502 63 222 
 711 181 16 715 519 905 925 
 785 395 624 666 826 49 957 
 231 545 15 12 147 818 829 
 784 350 910 721 685 297 947 
 872 604 134 565 421 969 175 
 303 99 142 192 416 762 229 
 707 94 692 96 535 739 941 
 369 944 826 52 897 589 704 
 883 153 980 162 888 978 717 
 650 169 357 625 609 754 113 
 809 331 790 128 134 950 639 
 192 771 536 806 874 844 275 
 225 668 534 690 519 271 19 
 992 140 377 580 501 869 728 
 365 823 563 322 687 298 720 
 591 609 232 122 540 875 183 
 58 30 519 229 468 458 648 
 548 252 47 440 997 516 800 
 755 662 968 866 581 115 526 
 986 771 605 630 292 748 526 
 294 684 974 592 682 669 593 
 960 429 946 52 14 850 816 
 145 249 897 335 233 108 986 
 956 263 395 99 177 501 204 
 906 71 512 854 457 185 694 
 266 964 864 801 484 140 293 
 738 488 81 154 686 28 850 
 87 807 873 516 654 587 16 
 427 981 45 871 235 935 509 
 521 445 458 992 767 570 550 
 456 24 90 746 353 
 889 322 502 961 125 630 943 
 533 347 988 711 378 843 340 
 505 602 510 681 293 995 271 
 705 631 23 317 700 599 590 
 318 221 569 883 803 787 3 
 280 238 719 344 194 516 372 
 351 804 714 896 938 637 848 
 308 256 338 56 677 921 201 
 430 624 284 810 309 167 811 
 37 637 694 202 604 110 981 
 282 607 490 11 431 681 142 
 302 955 110 975 325 32 17 
 108 489 96 975 280 919 45 
 605 380 247 840 258 158 402 
 42 236 924 38 995 84 207 
 249 974 936 455 990 313 12 
 338 938 302 696 100 726 403 
 520 869 770 257 647 965 6 
 38 552 728 40 635 129 610 
 435 277 432 729 806 405 682 
 885 849 558 296 976 965 145 
 385 677 122 946 46 19 896 
 928 951 166 906 808 888 65 
 110 262 883 302 637 8 492 
 177 939 851 375 408 685 482 
 714 291 61 810 738 2 407 
 310 790 451 857 3 414 65 
 101 635 498 19 886 139 209 
 881 331 547 368 335 510 304 
 350 512 996 195 514 505 650 
 408 524 906 228 398 419 709 
 285 825 812 20 966 25 645 
 724 710 112 700 436 661 807 
 123 43 153 229 825 124 269 
 132 439 507 765 59 694 733 
 457 435 699 465 117 
 675 336 296 29 266 90 214 
 304 968 596 797 692 250 390 
 501 107 954 197 382 144 435 
 265 706 740 444 778 571 351 
 356 823 215 127 696 523 437 
 578 197 88 879 387 120 17 
 773 942 127 761 37 916 741 
 445 701 717 104 498 940 753 
 251 717 179 924 186 319 47 
 397 273 325 963 53 674 929 
 936 288 691 730 380 389 236 
 860 35 965 25 423 704 773 
 155 672 570 515 31 570 831 
 114 500 906 945 78 885 806 
 67 815 106 859 961 173 198 
 80 146 160 393 806 775 940 
 867 172 225 86 389 52 388 
 346 968 807 541 312 122 105 
 717 394 716 909 986 983 452 
 462 890 212 563 363 271 143 
 198 752 593 371 806 75 70 
 50 158 469 242 102 255 477 
 999 62 965 932 763 410 583 
 227 635 829 457 748 251 484 
 874 986 235 610 340 809 489 
 553 239 166 793 816 829 949 
 572 248 411 580 171 669 420 
 898 610 724 5 463 437 81 
 880 523 932 301 154 702 958 
 825 219 659 750 158 736 586 
 920 457 322 546 946 783 661 
 691 235 587 736 781 380 546 
 903 738 256 155 802 628 413 
 119 827 679 872 973 858 708 
 794 163 569 130 956 731 110 
 580 524 315 628 803 
 91967 95320 92831 92243 91994 86900 101474 
 98463 91164 95771