 500 5 0 
 1011 390 958 708 1220 442 452 
 902 479 764 742 584 832 1121 
 828 758 768 582 1140 465 583 
 728 592 826 355 906 690 1103 
 691 475 889 715 777 601 799 
 725 617 772 772 808 796 811 
 795 681 825 994 482 526 640 
 759 742 386 810 744 713 689 
 649 994 680 839 600 842 828 
 702 998 573 749 284 1132 1032 
 893 594 588 680 860 624 755 
 869 964 335 761 439 960 986 
 883 450 871 456 862 438 1082 
 845 642 835 666 707 779 726 
 695 986 588 600 1086 714 624 
 778 681 751 865 931 911 978 
 1202 917 866 677 751 970 669 
 482 950 614 672 862 435 878 
 340 751 644 1087 931 928 733 
 692 453 891 701 807 876 770 
 812 818 806 923 872 487 361 
 627 702 721 888 626 747 752 
 917 718 613 790 901 867 1087 
 476 655 759 886 636 831 673 
 601 377 898 594 806 965 1002 
 555 808 803 588 907 715 416 
 395 718 817 855 753 897 1029 
 698 651 919 689 776 945 931 
 822 963 820 1149 523 1116 830 
 1072 1084 894 934 815 841 458 
 475 858 1042 1012 785 1004 1122 
 783 661 820 898 482 801 789 
 503 953 771 506 1063 941 757 
 835 624 726 750 551 476 777 
 752 860 1007 590 972 875 410 
 917 861 656 583 778 512 638 
 808 859 580 838 588 963 1028 
 925 904 943 734 761 591 1128 
 822 746 890 789 563 495 761 
 566 892 851 522 748 770 667 
 798 881 858 514 987 1100 606 
 382 503 976 976 792 818 442 
 989 796 682 703 873 885 653 
 634 729 729 716 535 822 840 
 827 1202 655 768 386 472 480 
 847 861 775 780 683 463 926 
 975 553 726 392 879 710 753 
 929 927 696 578 743 943 679 
 538 573 547 677 743 752 629 
 762 482 1150 567 686 694 764 
 620 944 925 917 636 806 773 
 924 934 816 634 547 569 408 
 702 835 743 755 896 797 1056 
 788 924 868 508 673 628 905 
 441 1084 881 465 742 1150 964 
 808 728 825 994 276 775 743 
 639 585 609 561 582 629 797 
 881 970 325 989 943 317 943 
 665 452 518 616 701 561 893 
 553 846 953 797 619 437 466 
 913 579 635 589 470 390 1151 
 882 758 928 1166 678 817 807 
 856 562 939 782 895 624 616 
 958 421 619 772 598 401 838 
 835 1003 500 1085 407 762 892 
 610 600 751 658 636 1128 775 
 145 458 930 343 1066 758 846 
 1019 434 945 939 705 897 806 
 1197 611 961 1011 755 378 885 
 786 737 441 531 889 832 879 
 619 872 707 807 499 660 949 
 878 503 443 
 495 424 5 331 538 492 665 
 580 161 453 357 568 281 609 
 705 742 728 982 989 196 845 
 440 512 347 8 940 794 536 
 661 977 722 256 704 619 319 
 344 255 727 744 584 874 365 
 394 709 579 857 36 504 894 
 552 915 75 935 3 383 653 
 725 381 219 338 186 525 517 
 899 616 130 505 54 955 584 
 661 166 481 759 252 880 409 
 982 964 475 406 275 759 909 
 499 506 921 269 843 142 982 
 365 87 642 9 179 687 917 
 964 907 229 738 754 471 508 
 940 854 369 107 985 714 462 
 673 605 463 11 424 851 743 
 317 994 172 395 153 612 480 
 86 496 813 933 719 8 724 
 394 527 58 924 434 670 264 
 833 937 909 226 616 224 59 
 653 424 320 472 27 554 808 
 555 272 833 31 877 897 633 
 585 274 797 218 370 115 833 
 977 227 420 380 339 518 341 
 103 825 963 59 371 569 960 
 61 511 338 147 646 320 950 
 128 373 311 997 433 918 209 
 845 480 358 881 124 453 913 
 798 505 712 971 380 941 646 
 64 732 757 964 933 762 676 
 668 795 858 986 138 967 314 
 32 493 794 141 799 454 497 
 101 27 242 972 862 266 272 
 159 387 276 785 690 801 546 
 522 912 420 871 843 522 13 
 863 269 754 593 537 773 759 
 825 166 787 403 107 863 874 
 205 411 456 92 199 937 118 
 277 336 369 17 436 223 237 
 666 64 60 339 788 569 462 
 485 58 666 988 916 859 279 
 188 92 248 619 309 550 497 
 374 558 889 35 312 954 29 
 683 809 258 381 318 412 728 
 489 864 855 524 438 113 19 
 977 407 919 107 294 128 542 
 670 924 647 407 85 329 281 
 267 700 281 869 342 49 343 
 363 60 958 863 314 557 549 
 236 548 431 672 704 482 976 
 214 398 703 312 140 313 333 
 560 569 778 34 566 472 836 
 473 691 708 441 111 330 925 
 816 924 153 149 365 790 21 
 617 462 356 487 151 510 416 
 176 364 756 202 926 475 641 
 179 355 116 692 688 18 803 
 445 899 313 995 796 464 533 
 222 775 789 329 534 101 47 
 804 8 645 747 117 902 550 
 179 831 753 981 629 108 41 
 704 627 667 260 653 413 402 
 536 722 342 473 104 35 280 
 244 96 252 760 103 713 916 
 826 167 699 542 155 428 965 
 102 480 736 110 745 898 646 
 777 297 990 963 602 370 925 
 806 276 648 648 470 125 796 
 738 152 32 138 659 565 921 
 133 744 533 206 405 404 126 
 642 774 140 
 555 121 8 773 877 11 765 
 382 258 752 982 389 847 903 
 468 483 847 503 760 367 297 
 962 506 899 250 412 762 720 
 144 647 999 954 282 436 818 
 395 464 425 714 609 614 854 
 342 879 263 165 485 532 443 
 36 165 485 553 597 629 763 
 579 824 675 397 628 820 181 
 508 914 99 928 528 20 270 
 114 69 18 509 968 677 278 
 336 382 613 254 313 906 895 
 735 362 255 282 576 752 587 
 515 164 314 95 697 61 628 
 241 28 585 657 340 419 510 
 181 963 152 196 294 479 21 
 719 390 166 891 753 945 919 
 358 193 350 567 801 542 967 
 374 146 226 313 294 862 942 
 387 89 579 186 174 903 392 
 833 841 113 549 405 857 833 
 649 728 722 478 695 974 73 
 625 864 299 77 361 279 504 
 817 254 647 549 178 840 269 
 269 865 997 524 445 231 476 
 716 170 611 428 458 756 62 
 804 263 519 449 937 192 179 
 627 489 784 817 572 762 879 
 141 744 625 168 41 932 852 
 861 495 946 471 76 532 157 
 407 486 678 484 551 988 859 
 78 78 152 135 521 437 76 
 747 850 857 165 893 948 493 
 525 445 897 13 363 729 618 
 322 443 837 70 392 317 540 
 732 161 366 316 632 560 761 
 165 655 741 836 400 764 212 
 762 495 646 275 11 480 815 
 959 333 329 101 38 129 19 
 694 642 646 135 470 162 87 
 337 88 528 147 174 846 650 
 7 542 960 201 574 305 78 
 892 635 276 118 266 493 457 
 173 946 944 143 749 346 50 
 695 586 793 405 193 261 61 
 317 578 364 500 798 534 928 
 835 616 733 477 743 365 551 
 775 751 904 15 600 622 494 
 98 260 634 753 731 889 150 
 536 54 807 640 697 1 403 
 641 913 560 459 56 785 89 
 529 317 201 619 288 94 49 
 885 536 195 580 130 786 498 
 90 429 874 346 498 910 150 
 448 820 810 146 980 552 933 
 722 976 625 735 76 581 638 
 150 307 910 286 385 124 345 
 337 616 30 865 279 484 28 
 509 33 114 323 765 337 583 
 162 970 482 555 115 572 327 
 933 181 128 437 178 15 215 
 88 884 197 767 94 988 698 
 367 717 336 994 853 150 611 
 660 344 310 407 9 317 128 
 691 416 59 660 228 828 493 
 622 557 132 962 574 654 737 
 477 211 574 334 733 615 328 
 865 77 120 935 571 569 916 
 809 937 45 786 429 471 517 
 576 372 226 300 944 40 755 
 502 514 479 258 740 311 758 
 88 394 363 
 854 194 962 480 519 303 527 
 746 295 112 729 407 752 434 
 963 139 861 269 494 188 203 
 282 587 18 119 119 139 516 
 588 114 951 466 513 454 542 
 494 83 640 402 970 880 928 
 193 280 934 529 45 60 631 
 543 498 170 214 651 906 846 
 310 976 43 976 631 706 635 
 75 112 108 705 226 779 974 
 851 938 19 233 814 653 678 
 818 113 164 362 319 57 897 
 601 173 547 175 996 333 371 
 803 121 930 383 224 436 4 
 282 467 511 2 929 114 913 
 257 288 805 744 135 922 922 
 710 93 698 714 252 928 533 
 757 865 455 291 678 113 690 
 530 54 782 982 729 274 383 
 955 93 844 739 761 325 745 
 715 686 621 687 843 282 502 
 389 415 604 520 296 349 524 
 292 9 790 728 44 360 884 
 571 751 967 19 208 734 350 
 879 122 655 281 841 985 301 
 691 601 988 28 25 162 194 
 101 303 552 950 646 700 930 
 789 598 812 223 217 835 361 
 475 371 876 504 230 475 862 
 949 424 847 447 46 567 541 
 228 688 692 992 35 707 625 
 292 176 150 363 530 31 731 
 255 362 790 305 558 964 248 
 60 896 108 473 316 130 697 
 949 511 71 956 999 471 263 
 672 483 852 626 334 722 96 
 587 374 48 317 413 829 671 
 606 278 505 210 880 189 533 
 641 911 749 957 399 191 879 
 169 324 969 562 905 772 658 
 658 781 908 930 920 585 592 
 113 335 434 855 410 697 124 
 288 245 933 183 765 829 131 
 965 252 142 809 340 204 500 
 796 740 630 228 728 327 448 
 611 43 195 936 80 174 682 
 501 283 705 484 717 778 392 
 945 797 127 786 288 436 227 
 811 318 958 721 839 759 490 
 242 125 822 763 596 461 149 
 823 826 521 763 553 594 852 
 857 822 288 342 162 474 661 
 747 406 512 727 119 637 155 
 712 849 620 416 566 346 569 
 135 605 572 390 166 70 714 
 791 740 974 748 819 405 159 
 999 100 547 247 478 263 671 
 570 707 523 450 120 652 817 
 638 174 861 328 860 854 601 
 701 507 645 64 637 341 552 
 359 18 666 190 91 15 857 
 500 499 715 346 796 456 423 
 748 322 894 920 791 155 119 
 547 17 54 364 940 561 799 
 627 789 421 952 14 175 668 
 63 554 313 259 765 922 155 
 64 92 294 705 504 189 816 
 801 208 549 312 363 238 717 
 805 35 974 660 898 495 827 
 61 402 313 483 104 299 92 
 625 186 755 510 289 490 358 
 194 190 395 
 786 402 628 435 841 367 172 
 85 460 984 26 467 119 692 
 192 569 33 296 512 217 984 
 438 148 98 62 852 654 976 
 990 400 135 338 228 972 416 
 78 312 838 18 892 457 93 
 470 109 273 698 467 353 548 
 292 627 491 703 593 804 406 
 35 253 727 340 511 525 146 
 683 462 136 878 157 846 282 
 529 907 51 504 153 353 551 
 363 852 96 411 309 562 894 
 834 21 352 742 226 161 707 
 559 753 760 584 589 400 285 
 254 394 539 587 472 394 788 
 435 859 616 354 918 100 204 
 982 428 760 506 655 872 568 
 1 10 793 962 721 219 681 
 592 249 314 883 415 995 694 
 399 167 880 411 406 77 658 
 363 588 283 886 909 31 58 
 54 495 219 317 576 893 972 
 29 561 695 88 867 351 532 
 3 169 208 593 288 487 390 
 415 7 159 423 928 979 952 
 310 272 808 466 915 123 359 
 710 891 433 594 611 928 172 
 238 656 78 278 251 957 467 
 491 741 552 979 730 671 624 
 430 914 461 515 675 670 54 
 160 41 281 43 179 866 856 
 323 812 549 850 306 455 879 
 368 77 922 850 388 470 568 
 433 570 367 696 384 625 320 
 860 214 601 369 947 567 458 
 175 405 684 440 735 442 570 
 672 692 81 234 977 464 841 
 13 491 643 994 566 49 670 
 232 333 645 534 965 119 920 
 426 107 510 350 884 156 26 
 595 639 938 245 560 948 134 
 119 339 540 425 566 522 348 
 371 690 101 692 487 740 230 
 535 51 613 306 200 17 998 
 629 752 447 67 551 449 374 
 942 640 618 996 469 349 897 
 554 923 103 362 958 383 791 
 153 190 182 148 673 664 185 
 801 506 524 39 247 285 614 
 16 437 423 61 215 322 934 
 606 557 726 807 741 685 676 
 684 632 715 776 310 396 115 
 143 525 364 819 803 234 877 
 56 524 441 10 113 670 352 
 176 190 916 281 145 846 783 
 775 434 563 583 1 523 23 
 534 257 169 874 399 124 494 
 762 306 344 187 818 132 871 
 770 22 328 101 62 179 247 
 34 655 602 193 680 15 686 
 681 692 775 906 674 164 902 
 980 380 653 486 527 660 330 
 574 276 110 444 119 510 316 
 372 232 840 652 489 424 583 
 218 706 735 758 802 586 386 
 229 164 734 227 761 990 288 
 21 586 810 66 719 191 548 
 185 760 538 362 943 133 707 
 369 166 755 813 251 341 543 
 667 987 436 303 584 796 48 
 638 961 108 358 562 515 828 
 190 310 507 
 973 111 718 98 858 124 78 
 501 151 506 40 278 509 681 
 26 412 18 451 860 826 490 
 720 802 971 128 413 125 545 
 843 184 130 48 424 389 800 
 445 252 605 850 285 262 635 
 688 64 334 591 469 106 424 
 62 105 381 758 672 84 296 
 344 695 511 477 109 367 667 
 285 615 643 598 332 583 842 
 97 237 870 907 658 147 127 
 309 794 44 637 853 406 95 
 704 430 951 319 638 131 840 
 606 11 596 42 499 536 721 
 257 775 557 129 940 714 191 
 593 159 377 952 845 857 868 
 905 632 685 616 791 828 336 
 841 256 873 711 494 221 565 
 78 458 621 623 936 517 397 
 836 826 423 113 189 486 792 
 929 814 145 328 916 896 107 
 89 845 1 577 6 496 457 
 812 426 307 812 464 737 812 
 342 348 871 990 169 212 714 
 268 343 720 929 537 137 850 
 128 797 595 930 690 512 462 
 178 838 92 947 616 725 428 
 640 359 561 726 788 756 877 
 282 106 649 820 31 696 188 
 891 618 804 797 550 726 603 
 425 323 570 953 273 544 525 
 792 842 973 874 729 787 802 
 28 795 441 303 880 998 394 
 621 756 39 306 743 603 649 
 745 288 782 247 881 923 153 
 132 937 909 19 127 299 483 
 220 527 709 443 52 186 234 
 716 911 734 102 340 466 387 
 739 813 52 39 87 382 324 
 311 906 155 455 654 176 133 
 470 848 578 135 706 859 253 
 885 879 474 519 413 936 40 
 829 386 1000 215 471 460 580 
 950 686 522 922 268 890 715 
 330 783 630 295 54 235 520 
 232 395 315 945 640 797 321 
 929 489 804 182 568 743 336 
 912 268 774 701 126 270 578 
 118 276 11 794 924 855 107 
 588 155 792 284 647 945 97 
 252 331 374 385 184 1 489 
 799 711 346 264 559 917 105 
 981 919 504 231 666 953 997 
 849 275 743 353 84 365 712 
 582 980 138 708 267 999 82 
 241 250 269 328 67 816 940 
 714 693 519 605 654 522 684 
 576 596 370 591 600 248 157 
 741 38 20 874 375 631 583 
 956 792 564 440 689 418 413 
 249 466 382 453 892 73 964 
 851 238 894 808 590 845 751 
 89 263 835 419 353 51 200 
 381 710 959 17 258 491 290 
 642 681 757 512 772 84 766 
 924 751 379 388 755 382 603 
 47 897 398 81 572 317 620 
 848 132 835 193 492 884 588 
 998 332 499 392 391 393 357 
 447 777 546 34 42 915 211 
 14 957 95 521 430 465 677 
 958 672 507 
 127602 122751 127019 120946 128264