 500 5 0 
 911 929 707 674 496 415 973 
 806 521 791 646 670 1169 495 
 552 629 931 379 823 846 748 
 566 1001 909 999 473 826 778 
 1148 765 635 951 520 870 697 
 523 664 785 785 594 855 692 
 929 532 799 827 826 1207 575 
 691 840 858 567 1061 760 952 
 884 684 692 510 570 654 906 
 730 727 882 584 799 771 755 
 879 847 980 576 1127 930 753 
 863 494 865 441 813 723 826 
 810 631 846 865 1071 610 861 
 1098 849 549 643 621 964 460 
 1142 628 702 752 920 729 697 
 606 871 780 246 885 802 585 
 578 527 576 530 1022 838 707 
 830 1187 646 569 685 982 535 
 602 996 781 975 567 860 341 
 582 998 761 840 586 823 780 
 940 690 783 556 909 570 728 
 361 865 798 1099 841 477 1148 
 995 732 706 629 545 888 967 
 654 890 862 745 1116 947 699 
 660 1016 698 464 814 743 494 
 815 607 558 517 430 1000 528 
 568 644 770 827 1188 1017 1116 
 583 406 784 790 567 938 965 
 647 898 672 436 918 957 727 
 923 872 893 443 911 1072 574 
 672 702 601 639 559 741 716 
 796 614 983 1099 747 832 460 
 630 599 710 857 759 933 590 
 551 740 613 644 982 459 1043 
 894 791 759 662 718 676 838 
 394 720 360 977 720 596 511 
 760 705 842 843 720 467 878 
 763 308 863 1025 594 651 532 
 1028 844 569 625 630 668 1282 
 604 762 418 637 667 810 962 
 524 925 679 716 284 448 717 
 492 1177 861 895 681 999 507 
 744 567 798 804 822 541 309 
 718 805 917 793 1210 583 769 
 833 780 635 698 844 799 898 
 768 441 730 749 501 803 641 
 1053 615 718 926 783 683 748 
 525 1167 495 623 767 689 842 
 427 980 451 513 645 695 743 
 636 426 691 566 762 572 841 
 898 659 254 504 499 692 1015 
 463 913 439 896 403 821 847 
 634 1259 611 628 625 503 703 
 661 771 862 699 540 666 599 
 1044 589 845 701 632 548 939 
 817 701 944 919 660 446 946 
 750 473 727 891 647 359 966 
 1050 602 521 1101 971 740 461 
 738 624 837 830 583 832 719 
 829 975 540 902 478 815 922 
 780 687 847 773 657 820 495 
 558 860 808 655 1037 912 792 
 578 1055 1018 705 906 558 432 
 893 669 815 560 875 565 609 
 1048 680 726 955 560 753 457 
 941 926 726 1102 963 997 670 
 888 899 641 399 881 989 692 
 498 450 907 754 527 494 468 
 944 691 658 1071 619 953 641 
 697 695 1048 607 885 670 742 
 967 860 897 705 814 691 870 
 909 637 793 
 781 539 148 114 340 192 242 
 469 25 948 12 530 804 266 
 390 695 396 178 939 425 717 
 204 629 463 752 62 958 135 
 494 254 178 923 173 222 24 
 9 495 435 212 494 837 955 
 775 256 230 329 257 781 415 
 395 339 399 97 630 567 556 
 990 582 67 327 633 735 418 
 32 256 218 450 164 979 872 
 835 564 554 457 956 895 88 
 42 829 967 105 231 387 972 
 924 638 560 411 784 943 975 
 748 712 205 79 230 775 46 
 855 266 250 242 516 946 143 
 932 51 896 193 851 482 798 
 697 632 60 929 948 966 296 
 501 743 971 568 863 995 32 
 274 348 216 842 689 733 354 
 278 761 246 14 246 877 739 
 723 278 760 698 401 230 45 
 622 515 421 632 642 379 873 
 824 631 801 889 211 403 44 
 270 184 242 165 861 778 489 
 622 718 33 95 677 146 840 
 739 167 647 119 59 559 651 
 127 993 20 849 967 278 348 
 982 337 523 163 611 891 508 
 449 640 406 275 326 893 904 
 742 414 120 370 640 925 429 
 73 352 913 840 205 667 130 
 252 540 522 907 665 964 251 
 757 671 378 969 799 102 189 
 923 536 465 425 646 424 398 
 629 465 809 38 20 572 929 
 245 460 120 989 656 103 116 
 877 289 573 477 682 876 998 
 330 167 39 536 563 562 124 
 549 39 785 22 297 464 933 
 164 87 55 392 496 417 687 
 13 327 537 307 251 46 811 
 502 841 641 654 559 865 851 
 326 736 229 709 547 186 635 
 870 991 459 151 950 186 635 
 908 459 774 353 898 216 970 
 72 382 505 262 209 276 70 
 35 887 797 707 304 101 873 
 284 940 79 772 360 495 691 
 64 461 14 174 678 141 858 
 750 83 731 80 955 980 464 
 911 428 74 956 612 275 459 
 149 149 496 735 369 567 974 
 821 748 991 47 944 215 587 
 801 494 318 166 85 682 200 
 870 691 582 333 142 336 531 
 546 177 251 707 723 477 570 
 333 636 52 926 998 360 833 
 761 575 422 935 603 276 143 
 665 520 86 712 585 354 852 
 127 506 757 382 775 3 534 
 757 884 769 154 164 982 572 
 952 647 829 773 479 718 513 
 645 469 767 302 652 556 358 
 969 27 669 278 630 491 626 
 413 269 218 877 417 320 209 
 961 396 990 782 100 936 628 
 498 961 107 304 314 783 377 
 789 662 812 76 669 316 239 
 476 234 986 296 78 875 429 
 64 855 864 612 47 477 468 
 963 377 393 532 632 80 686 
 371 864 193 
 265 435 96 854 558 195 819 
 318 654 100 278 694 810 826 
 332 838 831 346 266 420 831 
 608 874 129 906 157 128 660 
 913 211 463 842 23 912 289 
 59 797 620 456 499 380 763 
 591 470 786 880 640 512 696 
 976 788 895 89 362 828 657 
 723 423 714 101 683 238 366 
 139 298 429 977 219 66 702 
 932 566 46 295 318 310 924 
 183 80 590 700 497 801 473 
 93 67 688 532 916 323 445 
 682 636 630 845 756 636 32 
 833 541 843 427 502 102 404 
 608 483 854 585 334 701 143 
 145 261 257 265 962 817 102 
 816 917 152 81 101 387 178 
 957 860 403 75 161 42 49 
 929 207 956 102 686 45 88 
 873 157 102 205 697 388 814 
 33 487 862 735 374 285 582 
 782 931 530 434 773 884 793 
 517 967 689 652 106 638 704 
 843 49 132 410 868 628 131 
 837 378 607 829 879 742 137 
 338 261 638 285 877 95 632 
 103 222 524 892 86 894 796 
 524 470 636 953 925 826 41 
 797 627 716 957 370 805 717 
 992 91 702 571 144 870 487 
 309 862 927 468 879 711 203 
 381 886 515 321 817 291 128 
 40 538 216 699 176 179 307 
 531 626 723 589 462 303 390 
 242 704 17 167 238 400 644 
 96 844 969 146 301 22 40 
 105 123 995 290 101 700 955 
 739 52 303 211 822 926 698 
 865 568 561 271 456 891 854 
 376 729 555 341 242 69 739 
 73 978 740 149 99 546 228 
 619 231 17 387 424 113 446 
 227 885 390 891 561 37 258 
 554 667 56 492 168 45 560 
 995 379 546 317 431 941 58 
 849 440 398 328 394 327 227 
 392 723 623 104 844 489 329 
 358 763 230 201 653 93 872 
 308 424 218 583 462 723 491 
 552 469 6 599 156 840 198 
 86 912 13 656 691 699 29 
 213 700 25 624 979 97 210 
 311 961 566 794 710 152 888 
 654 478 931 41 539 163 349 
 755 183 658 980 447 20 945 
 457 75 656 124 916 197 134 
 883 226 26 210 924 382 212 
 62 65 721 999 279 194 401 
 786 463 753 738 63 977 439 
 983 577 887 274 678 408 763 
 115 871 117 471 977 931 86 
 93 951 260 241 237 310 321 
 568 826 339 46 240 523 742 
 837 825 755 535 422 870 928 
 649 959 858 891 323 708 238 
 780 43 286 117 659 722 147 
 155 358 341 737 681 366 824 
 682 674 936 899 133 419 900 
 714 723 869 343 981 996 665 
 777 948 501 488 822 713 306 
 799 645 211 
 411 612 322 85 417 268 371 
 907 941 977 773 487 940 60 
 965 159 588 342 421 984 149 
 910 860 838 64 785 372 650 
 673 885 882 274 20 188 504 
 735 329 24 714 258 590 27 
 819 36 465 268 133 863 394 
 209 698 791 602 975 213 952 
 727 970 295 479 354 429 675 
 344 294 681 601 443 105 254 
 203 661 679 394 177 800 739 
 636 292 769 30 150 493 877 
 131 86 611 667 488 572 934 
 624 444 793 495 573 921 116 
 860 697 200 332 45 550 231 
 101 271 603 156 362 963 399 
 590 230 446 440 104 2 230 
 471 860 342 258 4 865 713 
 679 921 404 902 777 408 200 
 476 616 467 710 324 774 231 
 466 648 601 223 147 736 213 
 409 552 324 879 963 331 184 
 410 573 199 691 34 763 921 
 206 937 824 976 901 460 836 
 859 999 141 498 783 69 63 
 289 517 180 4 280 797 490 
 302 161 829 994 926 472 320 
 72 232 124 622 812 172 619 
 63 967 522 267 864 446 917 
 948 505 273 140 527 956 458 
 808 276 750 478 946 958 794 
 589 591 416 994 41 882 140 
 173 32 96 567 591 802 914 
 174 651 210 893 927 233 676 
 257 47 1000 458 403 582 754 
 335 355 133 410 704 205 611 
 46 317 528 826 676 563 184 
 637 278 142 683 926 590 289 
 646 737 88 303 5 537 857 
 989 885 486 675 717 777 804 
 765 834 119 994 428 692 344 
 79 749 323 617 293 670 28 
 277 466 327 373 839 250 84 
 16 681 871 15 314 60 468 
 271 816 862 44 763 629 773 
 301 221 566 909 443 446 690 
 901 566 205 571 545 155 719 
 70 848 532 830 449 211 495 
 634 153 131 271 127 896 423 
 732 212 425 319 763 327 876 
 268 341 336 191 92 449 916 
 955 271 233 63 210 674 445 
 758 609 926 42 153 146 8 
 672 956 62 214 469 199 780 
 767 341 475 860 335 847 427 
 115 493 966 428 668 637 820 
 165 314 796 350 196 272 856 
 255 686 389 923 174 292 720 
 851 895 486 176 370 795 289 
 904 958 606 240 132 264 636 
 187 806 997 915 578 359 479 
 638 296 823 665 759 624 434 
 124 314 800 584 652 602 112 
 315 170 844 216 623 152 453 
 501 372 46 244 306 234 103 
 399 526 472 842 894 570 948 
 186 826 798 522 948 124 504 
 742 108 525 324 55 527 9 
 834 777 565 866 147 953 30 
 70 953 423 410 263 513 541 
 486 270 121 177 186 72 18 
 580 211 900 
 716 280 337 249 811 244 583 
 74 310 127 550 134 626 149 
 729 657 656 685 6 453 251 
 838 794 182 183 805 833 296 
 834 992 816 433 180 431 163 
 6 310 648 501 782 636 575 
 90 264 593 919 134 814 303 
 332 148 719 660 628 471 5 
 43 272 696 643 543 598 915 
 780 928 428 274 139 227 492 
 990 678 931 27 874 842 450 
 448 94 381 374 52 492 997 
 403 861 3 380 884 18 511 
 904 114 391 981 28 888 110 
 295 105 947 921 549 34 677 
 762 453 330 36 606 704 621 
 477 605 397 569 122 643 665 
 515 716 628 949 521 793 353 
 269 995 580 157 554 544 367 
 302 991 385 944 364 84 376 
 703 955 844 671 507 288 855 
 361 432 301 511 809 673 917 
 850 44 269 390 52 991 579 
 249 242 439 821 691 382 69 
 630 953 654 974 778 510 715 
 323 794 236 26 182 924 155 
 149 695 717 845 919 905 974 
 861 921 360 895 211 487 191 
 158 833 338 379 525 26 755 
 226 31 975 533 937 953 425 
 7 255 168 142 204 869 166 
 676 331 186 84 582 485 480 
 822 169 50 776 666 694 26 
 878 247 845 612 420 740 974 
 296 368 727 599 526 149 938 
 188 851 754 701 210 895 77 
 447 522 903 917 786 21 162 
 121 145 628 630 156 770 52 
 617 958 395 892 95 969 990 
 879 478 312 292 143 818 343 
 595 855 586 186 191 639 887 
 807 801 806 920 731 603 745 
 887 766 663 54 329 118 226 
 727 727 355 900 919 463 839 
 956 846 618 820 710 324 548 
 467 652 815 630 16 245 332 
 355 526 256 80 84 828 622 
 100 476 292 442 9 82 408 
 282 217 946 707 636 521 779 
 168 807 632 94 286 374 153 
 947 438 84 16 900 306 831 
 582 526 189 167 276 954 58 
 692 881 600 502 17 804 326 
 540 314 384 148 101 702 171 
 704 124 180 141 135 930 879 
 40 690 750 266 428 836 194 
 178 208 61 566 134 479 968 
 277 111 88 940 842 415 572 
 589 128 803 101 488 108 800 
 795 273 379 87 734 957 651 
 472 19 118 219 127 359 258 
 385 673 396 426 639 165 246 
 987 692 571 908 519 724 182 
 423 497 247 240 516 298 242 
 218 425 174 216 104 370 101 
 367 382 33 947 962 885 374 
 767 986 139 60 372 891 926 
 208 137 391 199 439 480 893 
 718 158 89 863 913 49 908 
 999 260 257 457 543 599 534 
 160 858 858 383 567 750 817 
 852 630 815 
 832 672 428 898 109 295 520 
 350 192 803 151 458 636 847 
 200 734 546 144 481 379 562 
 78 863 817 656 78 184 325 
 647 549 769 487 385 492 927 
 508 226 206 934 497 64 682 
 235 434 211 897 953 733 548 
 415 717 2 182 650 659 159 
 551 803 532 901 597 847 894 
 812 121 780 186 751 525 924 
 444 631 476 20 877 464 358 
 585 8 262 288 679 726 341 
 197 304 617 619 327 127 539 
 935 299 586 813 342 856 873 
 846 649 501 577 634 159 317 
 191 934 252 85 134 140 623 
 535 694 923 284 933 170 676 
 278 439 536 452 842 441 607 
 732 972 77 490 27 490 84 
 62 558 139 452 797 741 997 
 295 536 989 840 337 214 437 
 286 848 447 937 168 625 976 
 768 839 375 356 30 551 786 
 879 936 828 256 882 907 505 
 183 124 491 164 950 927 668 
 283 110 910 251 229 220 176 
 442 128 828 542 301 870 972 
 355 248 967 190 672 261 245 
 363 77 303 305 559 150 391 
 945 673 980 153 198 623 679 
 597 94 459 931 399 183 199 
 858 422 447 770 427 100 827 
 240 957 547 517 107 295 2 
 4 140 307 433 331 143 901 
 355 482 242 799 260 524 563 
 130 647 469 404 932 745 737 
 896 700 930 84 98 47 585 
 222 17 488 964 179 158 713 
 626 43 634 276 122 142 687 
 80 807 261 893 28 962 1 
 545 228 438 781 301 679 785 
 34 434 405 487 966 518 144 
 550 283 357 946 298 65 80 
 224 166 835 48 945 359 10 
 866 417 289 676 472 435 221 
 274 66 402 113 460 593 487 
 846 549 856 896 752 423 457 
 732 560 644 939 705 905 97 
 692 810 820 203 328 161 203 
 806 7 624 368 250 96 447 
 763 652 432 669 110 341 640 
 375 265 813 617 329 76 293 
 329 984 152 343 731 547 108 
 607 648 733 753 814 951 627 
 164 930 189 533 518 383 13 
 247 974 204 302 53 185 853 
 279 608 527 20 195 163 125 
 639 949 412 465 183 90 603 
 618 469 80 196 915 877 202 
 380 563 8 681 278 686 731 
 170 10 777 985 554 434 376 
 97 841 884 512 391 641 190 
 915 923 278 157 342 491 914 
 4 781 73 888 85 249 293 
 916 200 47 777 396 863 472 
 135 601 821 640 291 164 162 
 559 191 849 280 497 314 660 
 10 246 176 414 481 400 71 
 285 46 97 351 246 679 872 
 1000 260 530 335 272 718 547 
 886 635 186 13 293 744 283 
 842 571 877 
 189374 188415 184933 186122 179030