 500 5 0 
 870 767 745 631 392 1075 444 
 715 1011 575 952 687 695 967 
 1033 880 660 1080 521 983 721 
 627 555 886 1156 707 858 707 
 932 782 533 668 640 683 992 
 899 754 1030 780 1001 557 1029 
 593 989 578 642 713 634 947 
 572 480 688 522 712 471 939 
 787 746 608 960 785 1149 838 
 695 541 467 723 786 656 854 
 689 915 760 723 822 699 826 
 827 836 1012 557 623 998 604 
 721 587 672 861 862 1064 637 
 630 720 586 561 497 644 727 
 783 709 681 855 321 770 419 
 868 815 505 819 924 730 854 
 718 977 663 864 772 588 458 
 660 922 428 536 1176 699 1108 
 762 682 655 843 1051 775 865 
 808 786 865 733 745 664 909 
 717 462 753 764 824 552 413 
 828 329 1056 562 924 862 421 
 584 1097 743 760 430 970 600 
 804 892 530 937 722 567 599 
 940 398 1000 500 440 343 580 
 745 667 731 577 615 1034 822 
 773 639 819 751 887 1007 912 
 1060 534 786 777 895 863 1018 
 703 904 549 572 643 259 757 
 574 878 1006 717 856 822 379 
 641 879 516 784 690 606 653 
 578 703 797 776 544 709 628 
 483 726 650 637 612 733 969 
 1030 617 758 665 613 224 897 
 689 736 1059 993 950 1030 713 
 730 907 384 787 700 1087 575 
 869 625 882 1064 873 867 377 
 566 477 885 666 468 484 893 
 485 961 933 742 1114 625 860 
 536 951 1034 617 1040 564 845 
 1055 1200 682 937 719 732 648 
 725 664 866 455 683 807 604 
 726 847 641 708 778 523 1038 
 883 581 670 883 617 825 770 
 955 444 835 754 649 845 896 
 855 686 681 851 483 632 612 
 942 788 511 723 645 647 518 
 740 695 534 563 545 563 522 
 1036 625 794 1022 555 894 832 
 581 696 522 516 891 954 924 
 635 876 1072 608 538 401 702 
 822 437 1172 534 753 895 1033 
 814 823 521 896 751 596 787 
 616 794 618 822 907 852 735 
 979 1015 960 737 749 808 420 
 1040 966 938 632 837 583 1037 
 793 561 815 1009 846 826 861 
 668 703 917 664 641 851 619 
 457 914 1066 525 580 1197 928 
 1047 844 687 959 641 746 672 
 830 812 865 675 908 611 920 
 494 789 844 887 426 986 1068 
 1058 909 667 726 892 803 921 
 736 623 698 521 599 1029 820 
 849 608 724 1041 748 547 885 
 459 648 647 850 804 750 522 
 921 620 771 525 842 805 684 
 537 421 775 1105 864 1032 815 
 631 321 618 943 967 888 963 
 653 703 503 882 919 809 942 
 802 748 643 867 596 557 790 
 784 556 587 
 479 628 432 278 280 234 517 
 278 408 406 877 352 902 724 
 956 207 959 778 206 344 931 
 664 89 730 210 467 326 987 
 74 561 556 162 909 356 108 
 769 189 855 209 398 175 954 
 735 221 856 77 257 576 642 
 86 736 745 789 139 862 813 
 902 334 62 169 447 459 26 
 378 60 138 697 381 25 365 
 903 531 453 282 386 466 103 
 869 117 435 402 724 975 144 
 746 730 961 881 956 504 418 
 251 735 112 283 231 308 79 
 297 452 630 757 653 492 114 
 261 334 991 653 613 441 225 
 24 213 414 124 556 120 178 
 806 501 115 211 768 472 640 
 47 836 5 738 324 276 203 
 861 990 674 773 989 401 499 
 408 196 533 266 658 920 90 
 998 330 754 472 339 873 454 
 504 522 324 931 207 951 174 
 899 441 718 536 47 71 189 
 792 482 198 887 562 274 399 
 454 505 973 365 878 771 457 
 971 345 152 498 682 574 849 
 178 123 681 657 730 864 833 
 244 754 994 188 969 442 578 
 851 201 879 450 404 205 188 
 311 835 481 822 204 104 162 
 981 375 487 129 715 250 314 
 428 159 362 15 841 799 951 
 776 618 334 256 350 7 579 
 491 541 910 765 623 742 115 
 280 634 240 167 25 306 851 
 674 344 980 481 513 498 254 
 613 429 996 909 169 489 471 
 421 73 482 14 732 473 980 
 201 477 967 920 871 358 560 
 943 973 209 987 285 544 642 
 463 374 588 109 478 170 771 
 396 927 80 460 355 508 259 
 897 853 920 751 839 602 605 
 41 635 407 449 474 89 604 
 247 658 796 195 188 220 116 
 814 488 886 618 413 561 629 
 757 586 334 330 11 629 481 
 998 783 278 322 447 988 982 
 474 952 861 796 710 313 418 
 304 696 468 530 273 20 226 
 571 359 928 585 579 193 569 
 511 980 308 636 315 825 567 
 203 696 883 682 780 80 697 
 640 257 130 804 496 906 508 
 966 711 482 431 38 803 763 
 604 828 808 186 514 196 3 
 283 661 909 320 443 245 111 
 275 463 540 230 544 728 349 
 416 4 619 477 248 368 9 
 867 193 712 683 622 330 848 
 428 571 196 761 124 579 971 
 934 424 606 304 698 427 683 
 11 933 530 34 24 459 818 
 487 353 34 770 727 53 223 
 952 247 132 744 797 114 514 
 335 352 751 636 827 795 883 
 862 54 527 676 48 783 264 
 145 4 893 296 858 552 520 
 429 563 475 407 714 831 202 
 17 294 863 296 804 430 135 
 679 735 3 
 612 25 848 196 825 805 85 
 562 466 266 275 29 654 197 
 183 377 519 850 968 760 238 
 964 666 182 897 989 489 312 
 901 636 641 690 313 642 519 
 50 712 666 383 855 140 796 
 740 337 915 936 706 575 635 
 410 315 459 236 298 11 759 
 658 649 341 987 959 963 849 
 294 474 95 908 48 898 472 
 310 768 137 648 289 723 657 
 33 14 943 7 460 720 131 
 409 773 693 47 713 868 712 
 402 662 269 216 519 103 74 
 254 799 383 517 441 725 552 
 720 929 36 335 513 821 201 
 91 606 157 439 477 876 63 
 566 917 543 659 843 875 920 
 845 566 336 106 965 791 448 
 787 976 646 840 979 229 3 
 687 782 927 260 702 298 237 
 696 439 87 98 406 792 409 
 637 479 668 206 161 131 669 
 327 922 391 811 721 596 946 
 50 162 996 770 424 242 611 
 369 18 55 269 326 41 806 
 486 845 680 810 967 662 90 
 102 603 942 421 874 565 616 
 169 912 69 74 823 147 902 
 823 161 212 241 967 38 701 
 199 400 930 121 769 195 750 
 90 976 551 933 272 932 454 
 578 258 109 826 194 710 410 
 973 157 584 92 66 100 469 
 434 63 121 364 907 871 569 
 809 741 34 835 969 321 259 
 197 605 923 157 642 758 330 
 332 70 853 187 84 645 960 
 38 749 807 11 893 857 757 
 548 136 339 559 637 978 200 
 589 703 361 474 626 907 136 
 32 783 32 244 255 653 836 
 289 879 8 67 218 70 667 
 456 571 117 256 526 638 284 
 317 525 375 30 493 389 624 
 299 172 212 684 98 991 40 
 501 131 79 539 83 558 20 
 537 211 270 505 947 203 570 
 291 409 726 761 161 849 613 
 355 155 194 271 720 530 703 
 462 329 852 276 682 144 923 
 298 26 584 354 74 294 540 
 351 780 845 745 895 381 951 
 315 692 441 618 272 775 822 
 934 598 606 788 919 734 76 
 846 237 357 739 441 589 990 
 274 687 381 185 982 707 338 
 898 690 698 730 761 182 822 
 177 677 681 121 340 912 279 
 331 286 352 968 924 318 411 
 590 449 565 464 868 223 88 
 389 150 168 306 548 125 688 
 950 869 184 430 552 657 257 
 404 689 820 940 117 812 720 
 424 456 11 665 979 257 225 
 29 120 66 894 983 351 60 
 388 480 80 216 828 284 688 
 699 327 102 783 661 46 59 
 655 384 296 334 700 529 271 
 289 156 489 929 670 301 976 
 983 145 289 966 544 974 187 
 288 587 769 
 431 212 102 393 363 886 178 
 12 766 62 858 26 644 768 
 216 401 575 993 54 939 117 
 713 940 465 644 926 519 341 
 510 146 315 962 893 546 798 
 413 692 910 253 480 827 534 
 99 819 232 331 438 929 438 
 769 295 811 559 414 516 415 
 304 668 72 622 169 173 501 
 152 457 427 351 72 364 637 
 608 375 828 873 475 538 496 
 756 625 987 687 42 597 599 
 747 750 864 348 437 608 283 
 889 644 522 337 739 93 809 
 248 547 794 275 211 721 274 
 373 921 734 132 650 170 797 
 707 723 455 575 392 1 71 
 496 651 619 17 709 775 951 
 645 306 136 562 529 206 989 
 641 501 189 413 716 693 993 
 124 621 865 999 626 179 686 
 43 568 751 626 739 761 27 
 386 916 762 758 188 246 738 
 784 715 520 551 86 782 100 
 702 572 832 393 583 421 901 
 811 548 701 585 34 705 120 
 184 300 97 546 357 835 628 
 846 123 135 490 491 413 386 
 742 33 295 886 35 71 161 
 510 983 339 174 631 554 566 
 304 381 60 837 569 52 962 
 183 146 61 759 423 780 429 
 426 385 784 268 347 517 215 
 626 589 725 56 722 155 733 
 445 204 930 439 244 643 250 
 700 238 51 99 563 986 448 
 433 1 655 695 624 932 3 
 357 47 335 815 513 748 572 
 678 363 754 805 945 689 245 
 209 589 645 17 815 119 160 
 534 532 964 349 452 164 643 
 381 838 210 263 342 648 896 
 606 155 872 38 203 34 798 
 290 3 359 738 987 73 475 
 698 357 771 428 729 628 649 
 380 278 105 576 121 330 525 
 843 943 479 913 964 503 528 
 1 126 134 661 300 418 134 
 627 269 987 717 685 574 154 
 15 125 73 928 188 969 551 
 455 353 805 636 39 143 68 
 401 202 926 566 799 727 792 
 312 180 391 277 407 311 632 
 218 802 787 164 192 138 85 
 473 382 403 70 143 470 479 
 760 164 656 463 984 32 672 
 969 455 303 864 848 952 753 
 6 246 522 866 91 625 155 
 99 417 697 264 973 601 589 
 998 745 671 777 263 850 223 
 840 358 868 565 305 218 469 
 5 651 106 808 110 823 764 
 97 712 698 373 956 487 400 
 432 436 751 895 583 460 878 
 329 507 511 855 271 219 993 
 148 277 486 857 137 538 273 
 957 32 28 359 980 184 549 
 211 65 853 128 871 653 998 
 514 306 425 585 48 3 350 
 518 348 176 852 310 639 117 
 653 137 613 389 303 90 955 
 314 259 644 
 906 45 762 841 201 779 432 
 238 228 22 711 400 286 487 
 348 981 95 604 600 282 45 
 190 54 456 876 926 119 485 
 982 557 927 492 785 785 245 
 660 915 814 902 401 718 891 
 790 653 603 151 43 276 823 
 951 786 249 201 705 350 500 
 151 965 844 833 923 776 528 
 855 329 416 653 397 78 320 
 206 677 255 145 535 709 839 
 108 755 930 974 505 828 739 
 481 350 76 710 390 657 551 
 861 804 276 924 662 276 763 
 983 22 937 863 40 219 169 
 552 986 123 505 156 587 200 
 347 858 614 392 774 269 553 
 22 833 690 247 642 927 120 
 461 33 489 721 478 149 486 
 932 118 514 683 24 885 558 
 859 321 195 909 101 675 198 
 799 176 831 420 867 152 360 
 340 432 269 524 339 424 119 
 954 239 42 692 472 237 243 
 613 474 75 93 436 314 252 
 843 454 459 503 361 760 787 
 102 246 842 267 175 598 86 
 928 237 18 752 271 540 775 
 730 346 447 350 367 421 865 
 384 139 767 213 48 748 249 
 151 894 340 649 270 583 225 
 315 264 389 306 692 156 960 
 26 246 821 906 522 642 579 
 579 712 689 201 273 226 537 
 391 836 456 928 166 629 941 
 313 453 869 979 17 750 469 
 137 400 879 729 174 297 225 
 35 963 904 786 401 10 174 
 195 710 319 934 41 553 875 
 213 972 607 563 435 890 593 
 682 652 945 846 459 325 974 
 766 557 911 224 716 692 61 
 235 553 747 613 894 528 324 
 424 44 501 891 361 466 52 
 950 56 445 971 964 876 865 
 407 664 658 330 775 125 648 
 299 75 22 567 879 266 237 
 276 746 206 119 694 759 785 
 753 701 872 67 821 207 695 
 250 819 881 160 689 120 815 
 546 724 423 140 25 424 314 
 264 757 806 150 45 600 337 
 561 120 98 4 69 168 653 
 637 338 72 304 943 829 699 
 875 875 403 900 615 76 123 
 555 915 653 598 215 390 163 
 751 103 471 393 947 766 526 
 487 807 466 137 858 172 827 
 718 826 475 667 764 262 600 
 938 472 328 953 670 416 600 
 651 405 849 593 433 938 80 
 262 619 921 58 362 527 907 
 589 242 971 568 635 635 294 
 192 443 794 473 943 909 472 
 305 332 840 682 457 808 526 
 154 410 879 242 943 826 560 
 727 252 613 875 672 644 358 
 79 839 673 948 754 766 759 
 61 85 967 763 627 693 740 
 730 48 554 62 92 259 556 
 246 317 328 42 580 279 577 
 291 755 105 
 167 601 129 205 158 905 920 
 396 843 755 774 418 959 977 
 996 921 824 457 184 223 684 
 211 11 143 861 26 754 824 
 59 682 69 240 204 829 858 
 294 308 269 559 754 813 33 
 169 989 236 480 959 615 1 
 327 101 325 677 83 393 63 
 905 781 168 538 754 880 551 
 82 791 147 393 733 606 311 
 739 65 865 687 848 987 220 
 571 381 516 235 891 108 972 
 894 324 649 131 844 804 223 
 563 720 21 1000 311 686 859 
 422 810 620 261 148 672 480 
 174 292 189 262 689 415 975 
 158 798 750 700 583 318 435 
 515 878 48 942 540 140 849 
 920 183 394 494 882 381 974 
 729 947 800 275 941 460 867 
 841 346 380 993 610 686 658 
 79 47 594 109 729 646 152 
 829 677 253 645 752 905 627 
 266 564 725 955 858 160 321 
 144 52 936 325 31 358 300 
 914 478 885 712 475 488 446 
 898 235 998 676 709 605 965 
 760 32 262 609 81 973 459 
 677 633 514 986 424 99 786 
 130 494 381 296 729 788 106 
 345 681 465 244 495 73 525 
 404 653 525 234 153 998 686 
 5 834 932 159 611 340 369 
 428 195 58 855 347 488 376 
 960 847 842 589 540 56 593 
 731 462 701 794 808 822 133 
 613 322 828 792 221 269 585 
 432 52 341 254 391 281 130 
 81 999 163 141 515 20 922 
 494 298 458 386 651 63 453 
 119 817 391 852 551 67 562 
 237 642 427 325 847 426 67 
 864 266 946 201 647 447 728 
 782 353 647 514 134 170 5 
 411 125 657 778 250 278 553 
 675 318 562 943 397 627 730 
 96 308 515 790 600 862 198 
 617 290 779 519 474 35 241 
 84 811 261 777 131 39 612 
 539 684 263 355 18 779 521 
 116 223 514 828 625 679 697 
 86 189 563 557 409 529 579 
 464 233 56 730 606 751 922 
 423 603 659 161 945 894 764 
 557 633 926 959 624 316 614 
 288 960 319 402 835 368 937 
 678 529 205 926 315 612 545 
 921 961 401 594 87 708 16 
 167 852 862 229 8 999 343 
 500 947 692 447 902 630 388 
 263 758 968 127 803 922 637 
 701 488 769 797 735 846 897 
 732 641 452 750 967 764 477 
 562 571 324 206 304 734 174 
 812 382 18 8 896 645 525 
 462 307 450 2 512 455 402 
 277 204 91 528 808 220 668 
 574 296 64 907 588 431 386 
 283 371 264 308 415 665 989 
 97 886 362 208 381 613 667 
 955 998 48 278 384 312 345 
 340 383 761 
 62532 62189 61040 63716 63922