1000 2166
V 7 1967 93 1445 121 613 1032 1189
H 7 2013 2125 1714 470 585 1072 814
V 8 0 146 585 1018 891 454 348 744
H 10 1434 32 613 1311 1016 1661 1987 1645 234 148
H 12 711 197 1339 1806 1548 497 611 1779 1714 355 1903 2107
H 12 590 608 1840 367 21 532 1455 983 547 229 249 779
V 10 1332 1178 1678 1589 366 714 84 688 1730 173
H 8 1212 215 197 420 921 1248 1991 1839
V 14 817 1318 281 1248 1340 72 383 1401 658 907 2121 834 1677 528
H 11 831 1739 246 313 2160 1630 884 287 530 1184 1676
V 13 1122 1902 752 466 1743 1110 1005 1968 986 1838 1737 390 1664
H 12 63 2003 1265 1494 1875 349 563 1105 1282 1806 682 1541
V 11 255 517 514 846 49 1985 1897 500 0 1822 248
H 13 53 1485 1874 1793 445 1395 412 1105 600 746 1810 1034 354
H 5 986 1120 126 725 445
V 14 1333 925 474 1214 588 1035 308 891 813 898 2135 2101 707 213
H 5 894 943 1668 613 1920
H 5 1554 1645 941 197 866
V 10 830 81 387 424 1688 229 1309 963 1799 167
H 13 1248 891 1138 105 358 1117 1806 1881 799 1621 581 911 1478
V 14 846 638 2080 1944 433 77 1165 1936 1913 259 1939 41 1705 1623
H 11 90 337 1905 229 1373 524 65 991 1045 383 1081
H 14 1676 1145 293 728 1489 1791 738 923 1599 2096 1544 313 1900 1105
H 12 671 948 1238 37 1022 1810 133 105 522 2157 1856 293
H 8 1850 1538 2062 465 514 2043 81 1618
H 10 956 1916 1909 456 1498 138 1678 1186 1950 196
V 13 691 1040 2122 1043 722 1881 1432 196 270 32 1217 1191 275
V 14 237 466 1047 1495 757 1318 1577 1451 2025 1688 811 2044 1129 969
H 14 779 1714 357 1401 948 470 924 496 1240 432 2134 1271 2028 1664
H 8 1046 621 758 922 1089 1763 2061 1669
V 11 2103 129 554 1669 152 1138 786 1550 1343 278 23
V 13 326 1264 1766 1395 343 519 504 105 44 1939 566 1807 378
V 11 333 173 466 1451 296 1316 1014 832 1602 394 1591
H 5 672 1940 1958 808 1905
H 12 1504 691 1913 790 234 715 500 1889 608 2122 1668 567
H 11 879 249 497 265 30 230 1376 1936 233 1942 1399
V 9 1661 1343 159 1897 164 1873 844 1718 1920
V 7 600 509 1601 1755 804 167 1203
H 13 1219 925 208 252 741 576 902 953 928 1905 1141 1774 1494
H 9 1719 1089 1660 359 1881 926 1077 292 1913
V 11 881 923 2025 1373 1678 1899 790 1010 480 1607 1772
H 10 1600 113 1647 1691 1046 1646 374 2122 1708 299
H 5 184 1539 606 1119 1185
H 5 725 1723 1289 891 2141
V 13 557 1189 296 350 1069 360 477 122 1095 269 32 413 81
H 7 986 1127 1363 63 1047 2129 1622
V 8 661 1293 1001 1646 630 133 27 2035
V 9 1661 1915 2146 172 1599 1731 923 870 528
H 11 753 252 1410 534 1688 1238 891 2020 1559 1833 1352
V 12 1924 1264 870 2088 778 1873 728 2040 2122 1295 1551 369
H 13 463 259 323 221 1308 763 1666 1552 1066 497 2061 1720 1665
V 14 2096 1912 1838 1289 625 1967 355 1451 2118 500 118 1077 360 432
V 12 964 1774 836 249 1891 1110 760 715 160 831 2146 1903
V 5 2051 99 1206 1320 229
V 5 1220 943 1594 1219 2157
V 8 870 1932 97 45 1559 1577 565 755
H 4 1791 911 1523 645
V 7 208 1397 2044 528 1931 730 1975
V 7 507 60 1610 1789 847 594 1741
V 8 1622 801 1911 746 1458 688 1120 2141
H 9 1880 1676 1111 1328 158 1138 1069 1739 1380
V 9 199 1490 1621 988 1066 1013 129 2034 1622
H 8 1967 613 1620 2064 1677 1529 403 1806
H 8 1475 1268 330 691 61 1325 122 1264
V 6 85 1995 383 949 3 369
V 9 1149 63 1524 949 234 2138 1664 846 1726
V 7 1889 2096 456 1138 923 195 960
V 13 197 1939 424 1550 85 1798 1264 1333 585 1240 1484 1448 1197
V 6 1868 1713 910 1289 1272 173
V 6 1230 452 1494 1873 698 1373
H 11 608 349 1219 424 1058 1036 1551 1924 1277 99 230
V 8 281 1001 0 1658 1077 776 1139 1
V 12 494 1035 810 1100 1811 1133 374 1478 513 1614 2044 453
H 9 2121 1510 506 1920 152 413 1586 1455 546
H 6 1120 1571 1878 1632 1171 1147
H 7 1150 497 1650 47 1025 1676 500
V 9 197 259 361 1791 311 1658 947 600 1724
H 7 1678 902 1691 271 528 2108 369
H 14 1675 1407 949 1112 350 1171 1333 1090 1782 648 1418 1548 144 216
V 5 615 659 78 1176 1554
V 11 446 973 2038 846 2016 547 1991 1206 1104 700 1471
H 12 1110 375 1451 1554 734 1622 2044 1628 2165 1089 1801 814
V 7 631 252 2023 129 1667 1623 530
H 14 1784 404 100 10 1599 846 1427 1225 1363 1361 1066 1704 1072 1217
V 5 1001 1845 465 1655 1399
V 7 910 465 303 1818 156 1548 2086
V 6 1529 1170 263 937 922 1171
H 13 148 2039 1620 475 691 1171 1360 1377 1149 273 1036 911 242
V 14 1646 1897 585 234 1707 1501 676 1100 78 1238 150 45 665 1581
H 12 1676 741 1144 1618 574 700 1882 1211 887 32 1777 621
H 12 137 1838 1377 234 1089 1217 1736 465 1655 1714 896 430
V 14 1129 40 2039 790 243 1220 497 1508 1632 1373 923 1395 1077 1954
H 12 700 1939 326 1329 1927 2099 465 715 1658 39 600 328
V 11 956 375 1552 567 259 152 980 60 388 696 1430
V 14 2160 1319 1912 377 326 727 568 409 1474 1144 1829 776 2153 1861
V 9 1637 1264 1856 32 1714 1320 1312 1664 252
V 9 306 1571 925 240 387 1873 52 1922 1853
V 5 2096 569 779 1401 265
H 11 2101 804 133 1293 1924 1101 319 645 26 1708 1692
V 12 133 278 680 81 514 956 1452 197 994 152 1982 2023
H 8 1878 1171 2077 1924 836 2108 907 1618
V 13 1905 1069 2027 1490 432 361 1990 1391 379 1796 1494 2150 598
V 9 645 313 1690 49 265 1795 329 91 1100
H 12 1325 379 2154 890 1293 1182 1941 1408 2061 1837 1607 863
V 5 1644 1637 1834 1189 1119
V 13 547 947 747 1622 1833 608 269 1034 1482 360 294 1206 528
H 11 460 1103 1248 763 430 943 1708 1156 725 1094 382
H 6 1496 1071 950 1320 696 1793
V 14 470 1832 1261 328 1032 2005 1856 1138 1199 333 522 491 1325 662
H 14 989 1577 2146 1975 1308 1571 607 948 206 159 43 1618 1980 269
H 6 977 891 316 1641 6 555
H 10 1623 721 1035 1637 273 846 682 196 1329 2093
H 6 1858 1035 2157 1120 658 2060
H 14 746 634 465 1790 699 1799 1615 1842 817 691 1302 1338 1320 624
V 14 1864 891 1608 296 902 1730 189 343 943 788 987 772 118 1138
V 11 2072 1987 545 1120 1920 237 623 631 395 1046 1227
V 8 924 600 1688 1548 33 514 1437 865
V 6 139 361 1036 664 1991 986
V 14 831 1490 2061 530 1445 148 245 517 104 1332 747 179 1881 453
V 7 1916 229 0 2055 1991 1813 1188
H 10 242 1401 2145 1665 1484 1704 485 288 2134 1264
H 7 876 1591 1671 249 1573 39 1110
H 4 275 1588 945 2141
V 9 1119 904 1010 2145 728 232 1923 421 172
V 10 767 273 2113 1205 150 72 1678 508 439 1557
H 14 2043 563 815 1100 197 466 1618 1724 2022 1013 927 636 2044 196
V 9 514 1497 1676 55 555 645 1478 910 1677
H 14 1014 1935 1203 259 1967 827 1377 1058 29 41 197 2124 1129 1401
V 8 870 264 2121 32 1622 328 10 178
V 11 368 923 273 246 921 198 1426 152 232 379 486
V 12 1905 1797 2120 2157 2076 75 609 682 1756 2007 332 1832
V 7 1189 2152 846 1286 2048 902 500
H 6 993 1952 638 532 1858 1991
V 12 229 1567 532 1373 1781 1268 308 1084 1724 606 1466 1628
V 11 700 639 625 361 624 1243 860 2035 805 1036 1833
H 5 1719 855 1075 1920 1894
H 7 1327 1289 32 941 1110 133 1536
V 12 925 113 630 1484 1156 101 275 1343 1361 1550 1753 1880
V 12 445 846 1316 1981 572 1661 264 1724 941 1100 288 2121
H 12 1149 2133 508 2157 358 1302 682 977 1257 2146 1885 1603
H 8 1677 1391 1293 205 133 682 691 1008
H 5 924 2061 925 275 718
H 9 1818 1256 1150 1709 1912 67 2136 1509 802
V 8 700 791 509 1559 1312 1120 1295 19
V 11 401 711 141 31 369 862 18 1013 1935 2013 1220
H 13 252 2092 1954 1189 2073 682 1678 1821 600 420 1018 947 432
V 10 624 630 1903 1837 1336 63 546 1668 1186 514
V 11 1035 1438 81 129 1261 243 604 1238 1661 2157 563
H 12 1190 706 39 1325 608 138 770 1599 1851 886 1451 1730
H 13 487 1936 2102 1458 453 1013 1224 1433 934 70 1905 1660 763
V 13 2098 391 654 691 1591 159 2120 605 728 150 1991 1036 1551
V 10 1225 1059 1264 466 563 285 220 925 2035 439
V 5 1395 1708 817 1878 571
V 13 360 311 567 607 274 747 1529 1184 122 1939 700 1710 1632
H 14 1454 850 1628 1856 659 1217 1133 261 1571 2092 349 230 1186 2164
V 13 2102 1853 242 623 122 1552 1240 910 546 1720 252 1595 1149
V 11 449 2061 222 1090 1771 1401 117 466 1552 1295 396
V 11 2109 2141 1842 325 1142 1110 1373 15 1035 1664 584
V 7 1722 1001 1088 696 2052 148 612
H 10 249 2061 804 1824 2151 514 1077 588 522 383
V 9 883 139 1559 1591 1833 680 1392 1877 777
V 7 565 883 1 522 1839 311 2070
V 14 1829 2044 1409 1593 1280 360 1058 1688 925 1599 375 1090 1788 846
V 9 1664 188 2054 361 2113 530 261 1538 1391
H 6 817 1215 1166 360 148 2020
V 10 1352 49 1395 1591 805 1902 1665 1389 1490 1393
H 12 215 893 1240 626 16 245 1289 1 616 731 45 281
H 11 1433 1812 1416 1339 539 831 473 301 1806 1765 916
V 9 25 891 1904 63 1591 332 2152 969 32
V 14 670 1046 923 1388 1131 1246 301 1678 1047 133 1127 1899 1257 1289
H 6 265 466 2048 1324 1647 232
V 9 891 1058 630 1268 564 923 1650 753 547
V 9 2061 1733 1081 1206 483 631 1908 699 791
V 10 1329 596 1367 285 1496 1289 1552 848 1291 547
H 7 39 1968 243 2142 1401 921 1387
V 6 86 420 1100 1913 1320 567
H 6 2038 496 851 1991 360 432
H 8 1067 176 1954 658 882 1490 1117 1843
H 9 1133 907 2160 341 883 802 1264 1554 1910
H 14 1678 1325 2035 1943 1 1615 2149 1574 1352 1226 1434 700 1219 1395
V 5 215 2021 739 842 237
H 13 164 2102 221 1837 924 1499 1289 2096 1512 1712 765 923 1426
V 11 1800 252 1372 1069 631 1117 2121 1434 791 607 265
V 14 1599 660 1035 503 530 259 208 865 362 651 1388 543 1203 579
H 7 1749 2160 1494 404 1538 1715 786
V 6 227 1494 902 625 762 1348
H 7 379 1831 1212 1780 484 1842 2022
H 13 571 500 316 81 2003 2160 1044 275 770 1705 1312 1698 1619
V 11 1597 1311 585 567 1541 522 1761 625 936 99 1227
H 10 896 911 1551 1554 470 1268 1552 508 72 1444
V 5 861 96 497 1144 1790
V 6 2142 1325 1100 668 1329 823
H 5 470 1133 5 678 608
H 8 1552 749 631 2044 2151 2101 910 973
H 5 1845 2035 2096 1325 20
V 13 1066 28 1533 1714 37 259 565 1 1678 397 481 696 975
H 14 1259 1013 964 122 508 2074 1902 1924 1810 285 1196 1800 817 1171
H 14 1167 1138 631 516 410 863 2124 1889 269 1652 404 776 1111 1089
V 9 547 85 977 1459 508 446 1129 1399 1793
V 10 741 2044 1100 1679 1867 1525 379 1615 613 1367
V 13 1873 1954 1148 522 2121 940 804 1592 46 1144 1047 1458 1374
H 13 1759 299 39 687 1623 1110 1832 34 140 852 650 898 1551
H 11 296 1551 1830 763 1912 607 1269 267 1889 2120 1950
H 9 1899 82 1068 563 576 1991 229 2113 1905
V 14 1112 350 1472 173 1660 1664 1346 591 1066 682 2038 1325 2141 497
H 6 890 1867 631 369 311 1658
V 7 846 770 697 1395 406 986 129
V 5 2134 851 1987 584 1496
H 11 1141 1711 939 576 941 1920 301 1695 181 1046 509
H 7 1325 1318 1806 1412 1127 1936 97
H 5 227 1720 329 1740 816
H 13 475 1646 2102 1999 273 286 424 1267 1494 741 1527 1388 1799
H 8 1496 187 243 679 1823 632 952 700
H 8 476 124 1559 613 528 863 1204 648
V 7 1902 1256 503 2108 973 2020 294
V 7 39 1127 2045 1536 1189 1184 1412
H 13 1035 139 1899 1227 883 530 2159 1966 545 1458 63 1665 1856
H 14 81 1628 1676 197 1764 1816 121 923 312 1377 1661 899 404 1546
V 8 1034 779 1219 1914 1688 1376 2014 242
H 14 162 776 1813 1726 1908 39 816 45 844 30 1495 1966 1129 335
H 5 1916 1591 999 886 1708
V 5 534 538 375 313 2101
H 8 656 903 948 613 1712 10 788 1908
V 8 635 1146 1742 1149 237 1185 1171 702
V 7 1225 1036 776 574 1189 1591 1171
H 9 242 700 2016 1352 1724 1791 1801 1720 1548
V 9 360 1206 699 1352 243 152 1769 460 797
V 10 1471 1248 296 285 1725 2028 251 1419 0 1622
H 12 911 1013 215 2163 1093 2141 1494 1274 97 0 1036 976
H 9 281 2117 2145 269 819 1661 700 986 934
H 6 1824 546 805 1107 846 508
V 12 546 9 375 430 907 100 601 311 174 2023 1046 1818
H 9 1182 715 120 469 1220 495 934 881 1360
H 9 733 1069 138 1020 805 459 924 475 783
V 9 85 688 1665 1622 389 2049 816 360 2102
H 6 1755 1047 1840 242 1206 1333
V 12 1881 308 1694 1066 645 602 1776 567 91 983 588 1800
V 6 1676 1696 2096 1935 1939 723
V 9 308 1754 243 1916 1100 1395 1488 924 648
H 7 1650 196 374 607 1069 1881 1184
H 8 1035 1387 49 1512 129 368 854 405
H 14 728 509 1720 118 1528 1619 99 1013 779 1168 979 688 1889 1376
V 14 1837 584 399 1793 658 1951 1147 1779 248 514 1615 1842 1854 186
V 13 1089 1419 448 1004 922 246 1451 265 308 950 956 2129 424
V 10 1333 742 1141 322 1329 197 288 2083 1451 475
H 10 2006 985 1965 329 1956 461 39 138 1720 87
V 7 313 455 631 97 22 230 544
H 13 200 228 455 547 1954 1800 964 101 1410 432 1377 715 514
V 7 1688 2141 608 1551 1269 943 545
V 14 1840 350 1972 528 1227 725 2091 404 1870 2023 1217 1153 1090 27
V 9 1852 1740 1629 1750 326 67 1920 400 600
H 10 1046 890 734 269 1066 1654 1191 948 0 1105
V 10 659 541 1650 441 1950 128 1220 2101 514 296
V 5 1006 29 1813 1289 624
H 13 145 1661 1646 1322 285 509 446 1386 1268 1810 1090 765 221
H 9 547 1531 138 1726 77 1377 634 1987 432
V 13 237 238 269 2034 14 1553 424 1130 1654 1857 2025 281 460
V 7 1790 2096 251 1358 1881 1552 1240
H 6 1906 1416 227 273 696 155
V 11 949 492 1138 1654 902 563 998 512 601 2020 600
H 14 582 2147 1484 600 2062 45 630 1658 1538 1339 1164 1189 227 1066
H 9 741 1186 1191 474 237 1251 1225 947 308
V 14 691 1184 964 949 1458 1144 821 245 1325 2102 1468 1066 138 252
V 14 455 715 1383 91 1899 1763 1636 1744 1897 1484 2067 1117 1661 2078
V 6 805 847 1395 1500 1716 343
H 11 1859 1924 326 1320 234 1339 1059 1103 230 1070 432
V 9 1720 626 1796 1889 1578 1574 328 1676 1324
H 9 178 770 1607 1853 1361 1774 2096 547 1902
H 5 2146 232 585 2023 49
V 7 1550 1571 360 725 741 1670 425
V 12 540 1844 1495 432 1077 1654 1550 488 1339 835 328 658
V 8 1314 429 522 1320 2078 1013 1654 1339
H 10 152 1838 2122 564 383 361 1149 645 607 1795
V 10 1004 1954 1505 1912 1184 617 41 148 85 249
H 8 878 896 865 1873 1683 1967 1750 2113
H 13 1149 1202 608 1936 269 1220 1473 159 691 1219 1217 2134 1646
H 5 1087 1119 379 532 1716
H 13 956 625 552 1090 446 910 1380 258 598 1412 308 1143 260
H 9 1437 335 1129 1773 2041 48 264 72 1931
H 9 1018 1678 1810 851 504 1796 2160 1554 2142
V 8 276 565 39 1399 1743 874 479 81
H 12 911 706 97 420 453 1618 430 1069 1813 375 1611 2152
H 5 1225 115 1488 1660 770
H 8 430 790 1001 1654 381 358 1824 237
H 9 1779 285 426 1752 1948 259 606 1744 790
V 11 1939 536 1795 1913 1987 60 442 1484 1264 1216 278
H 14 1873 1724 1864 1401 1333 890 1090 2025 215 863 1325 648 1248 1779
H 13 2101 360 1184 1058 1388 60 1858 1426 2010 1929 2001 746 1799
V 9 1144 1034 1813 746 828 776 943 32 1681
V 14 350 1741 1352 1867 2145 1019 1847 39 588 1471 838 311 1825 153
V 10 56 1202 1538 929 368 222 607 1399 1571 682
V 6 1645 1810 1748 148 1490 923
H 11 585 1284 608 863 658 1813 1521 288 1580 147 1283
H 6 977 1975 1186 1804 958 1788
H 14 1163 2009 1252 355 1769 912 472 1219 1556 1516 504 2061 970 379
V 6 390 922 699 387 907 797
H 12 1262 1289 580 1963 1001 1046 1028 1468 1373 1144 616 264
V 11 872 326 588 1775 1513 738 908 1615 1462 902 530
H 7 1856 1120 63 2125 1117 655 1806
H 9 379 1652 470 813 1129 49 55 1993 831
H 13 488 883 222 1777 836 1508 466 814 1268 1144 1796 313 1119
H 13 1841 676 2071 2024 281 1312 1795 910 13 85 865 1838 1434
H 12 496 200 156 779 450 82 925 1138 873 45 1268 1490
H 7 689 770 1971 1577 237 1790 1414
V 12 1309 817 1873 273 1484 1303 230 2117 1832 1019 173 1446
H 11 731 574 1258 1800 1458 149 902 2138 1791 1113 947
V 5 508 97 528 708 2128
V 12 567 582 1067 2108 285 1899 802 1545 508 1434 174 1592
H 5 974 720 383 1979 205
H 8 790 2097 1228 152 878 1939 1552 217
V 6 2035 699 1005 1533 1363 1804
H 9 308 1419 194 1036 1672 1483 1001 532 817
H 7 1289 1490 1654 1100 60 710 1203
H 12 225 375 196 237 333 2101 246 234 59 949 776 881
H 14 1089 197 1206 1903 3 1374 2122 1460 1668 565 2042 1838 737 1924
H 7 632 601 32 1907 1376 1890 534
H 6 208 1554 923 790 325 1483
H 5 1637 1245 723 1636 934
V 12 2036 72 1637 555 1829 114 1004 1420 1577 143 1386 523
H 8 227 1124 1847 471 1916 794 308 145
H 13 1447 91 63 760 265 911 1795 2044 1106 1464 729 1361 99
V 11 1691 814 1149 2092 1902 1905 1724 361 353 1085 2020
V 5 761 1344 2029 2033 1799
H 6 1221 1507 1839 1719 2101 1800
V 5 1607 1712 355 139 97
H 6 1648 1484 747 530 152 278
H 6 300 539 1001 1909 1426 1361
V 12 728 1873 921 907 910 700 1150 865 245 1720 1688 0
H 9 557 215 1034 1373 911 1150 82 410 1701
H 13 145 1889 922 986 588 2034 721 1217 1262 162 1125 814 118
V 11 1290 246 546 1100 159 1954 1320 1223 103 27 776
V 8 1406 255 1289 1905 587 1720 316 1798
H 7 648 956 358 247 1740 601 173
H 5 1046 2102 145 30 63
H 6 1138 2134 1991 790 0 1577
V 7 1903 97 1635 319 1138 451 375
V 10 509 1289 1905 690 846 275 911 2162 1220 1605
V 7 313 1551 1886 1269 1643 934 1189
V 9 63 1778 891 927 907 685 91 1650 1490
V 14 1414 1559 138 707 1066 1957 208 1401 1219 81 1412 278 440 329
H 6 223 1897 1779 2003 950 1631
V 14 919 700 1463 691 2152 1141 1837 1832 1136 703 768 546 1735 375
H 7 870 255 1089 285 245 1061 98
V 7 1966 215 1047 99 1674 475 466
V 14 150 237 1110 1412 567 360 1720 1632 504 1035 275 531 573 1403
V 11 1217 1268 770 49 196 728 2102 1549 1724 826 1126
H 7 1330 565 1849 1352 1803 1552 1329
H 10 500 1214 2101 1101 948 1899 986 1840 1912 922
H 12 1036 109 770 1426 546 903 289 1905 45 1623 1645 696
H 12 284 1724 1098 308 252 1611 113 2003 1936 1878 2144 1255
V 10 369 719 1665 2 728 631 1678 1548 1818 2114
H 6 696 602 1237 1517 139 2146
H 10 1047 1842 1089 278 630 274 1820 891 723 2108
V 9 1814 101 442 747 265 779 797 870 1656
H 6 1604 173 559 1994 1646 1138
V 10 423 1336 470 145 2027 613 999 1352 1388 2113
H 7 574 1991 1655 1138 1288 1615 1531
H 6 1517 1773 1675 1100 723 140
H 9 230 60 1376 1883 1037 763 1069 805 383
V 8 1135 1618 1084 1660 1724 1150 297 1525
H 12 387 545 446 226 870 1308 1484 365 687 0 1151 1236
H 10 956 446 1958 723 2122 851 2120 1310 1091 699
H 9 802 422 1405 1547 870 971 307 1502 2073
V 5 360 1655 308 232 278
H 12 1615 1490 1622 131 329 2101 1917 805 422 1678 1628 152
V 10 1087 716 1099 2113 763 1376 139 97 234 1835
V 8 45 1348 316 1058 1060 259 1583 1781
H 13 470 2152 663 727 925 1490 1665 601 1784 626 197 2037 1571
V 12 1873 352 1677 419 949 1632 634 2162 470 1170 1120 227
H 9 687 1730 377 2157 588 1383 910 960 1144
H 12 522 2075 728 1063 1077 1939 173 1373 683 1390 1856 1047
V 11 563 1876 964 1343 316 328 854 1782 1184 1089 504
V 14 1888 266 977 2120 776 1058 274 865 2035 350 1824 1268 60 1577
V 10 785 1329 490 1869 1268 278 1719 1591 1110 1444
H 6 1013 437 1398 320 252 631
V 9 2061 1622 1469 2020 39 1717 1841 1628 208
V 12 684 50 1462 145 919 1548 1456 805 644 986 1800 227
H 7 565 1044 1013 791 789 1967 1182
H 7 1219 1077 1563 1841 1903 99 1552
H 6 1514 1108 423 689 1412 1688
H 7 138 478 202 340 1696 76 1131
H 13 1988 242 1902 1249 1078 376 383 1794 846 651 2108 215 969
V 10 138 351 1036 1490 1832 630 1925 43 1783 460
V 12 530 2035 1184 249 432 394 716 145 497 1215 2062 1144
V 7 1046 1128 387 1425 1615 869 360
V 8 1591 2044 720 1615 847 196 9 530
V 13 890 813 1753 2052 1191 1264 1742 1994 368 921 196 1720 470
H 13 173 956 1311 1818 317 941 1645 1100 1334 304 711 1174 1724
V 11 379 674 2134 1746 1035 1248 431 1873 890 1120 453
H 11 881 1311 113 278 976 1650 1822 405 593 1412 134
V 8 1730 1086 1988 545 2095 1916 405 1066
H 10 2062 1889 259 522 911 1417 905 779 1117 545
V 14 1631 1388 1538 1638 294 1632 1458 1077 1247 840 1352 601 1184 1117
H 10 259 1724 883 1119 1548 1373 1607 691 215 1314
V 12 947 466 230 681 1002 1320 1129 1873 1369 1905 1150 607
V 6 2102 1877 876 1009 32 1100
H 9 393 1333 1455 956 485 1110 355 464 1471
H 6 308 242 430 545 191 1453
V 5 645 601 215 932 2106
V 6 1141 2121 329 890 1665 45
H 9 2145 2016 1273 1391 1186 1458 1967 495 792
V 13 355 1077 715 1646 1105 275 152 460 895 237 1892 1665 328
V 13 1914 287 225 924 375 2144 1415 1343 497 1628 1687 234 1065
V 5 1612 1838 1203 432 1455
H 13 1047 924 1462 1108 648 814 1480 802 1660 1939 1351 72 2068
V 10 1182 1343 1622 682 1365 259 296 1342 1924 1726
H 9 311 1879 907 329 1152 12 227 1248 1552
V 11 797 1829 1462 1379 391 1458 530 2055 315 2016 1117
V 14 2116 29 522 1419 82 208 475 1343 186 1248 242 955 326 2003
V 14 1881 1800 506 232 1561 648 1618 159 91 355 99 278 375 2044
V 12 1730 1983 514 1550 39 1907 1268 867 613 122 1084 1013
H 12 608 584 1471 1381 1995 1325 92 387 425 1571 606 1200
H 7 387 1311 1270 91 167 1074 645
V 13 85 200 91 1554 625 1435 574 1119 1171 1800 2142 1352 26
V 11 846 1936 1800 2113 2011 215 1912 1889 392 1069 156
V 13 1779 278 1615 896 1571 81 1170 404 2141 222 1933 1129 576
H 14 94 812 956 547 508 392 2026 1192 215 2113 601 1802 368 1428
V 6 1368 2121 552 1220 1184 1004
V 5 201 1440 291 273 1220
V 6 534 836 279 583 1915 320
H 5 49 1127 2069 1362 865
H 9 986 924 1100 1800 793 1090 466 755 460
V 12 1875 2056 891 1685 379 1061 128 49 1203 1973 465 1401
H 12 227 902 747 608 1329 555 1412 682 598 350 1141 1089
V 12 1325 725 2020 2113 567 1634 781 1189 1345 791 891 41
H 7 2122 2096 870 1013 1311 230 1542
V 10 525 406 10 927 1326 305 1873 1568 1519 1989
V 5 379 343 924 1711 1525
V 8 741 179 1238 1853 234 330 613 583
H 12 2106 1271 644 30 620 3 1031 81 1991 782 127 1909
H 9 1 1842 1818 1992 452 1442 304 2102 30
H 6 347 1520 628 1388 1837 445
V 7 1077 601 285 890 1714 883 99
H 12 1600 54 2122 1179 924 53 608 444 85 811 661 369
V 10 1614 449 590 884 1684 2160 1947 547 45 1331
H 10 375 57 1220 1546 1045 585 2059 296 353 49
H 10 313 625 181 964 1228 508 91 1886 1171 1232
V 10 1855 343 281 1238 914 626 2157 229 1299 227
V 13 747 1061 1688 124 925 846 49 1813 964 1889 1342 199 1494
H 8 1607 2152 1036 750 466 1623 2126 1325
H 8 1248 1311 1506 384 641 1551 1049 802
H 6 1484 1220 1089 584 328 1228
H 9 2061 603 2069 648 607 328 1036 949 1642
V 11 1096 911 1977 1117 1503 1618 1810 1303 13 1015 1763
V 12 1607 509 793 1004 1400 769 1696 1939 816 817 1913 1436
V 5 497 1446 1670 2157 1943
H 8 1117 1248 758 227 1230 32 741 1101
V 13 921 1050 881 1493 1320 463 404 1413 817 308 1921 328 1687
H 5 1699 1320 976 1471 468
V 5 776 1153 244 274 1122
H 12 2141 276 1426 97 950 69 1451 375 19 1156 1554 1129
H 12 2076 1949 1559 865 1034 948 682 1119 329 1552 1062 630
V 12 610 1645 1838 1401 311 1353 1677 1562 2100 1939 59 475
H 7 1987 1626 313 368 483 2120 1770
V 12 943 1920 673 1550 82 1664 1573 1591 1289 1127 1133 746
V 12 430 138 668 1388 133 931 1665 805 813 3 1613 21
H 11 504 647 1660 408 1035 1468 424 349 2059 1240 1401
H 12 589 1253 1889 1853 1184 1391 2096 131 1654 82 1571 1220
V 13 136 601 1069 1919 1455 411 133 1788 154 728 1884 1189 1881
V 10 1312 455 910 1837 2141 561 449 1967 1346 1527
H 9 230 776 415 842 1903 1872 1399 1042 1607
V 13 1867 1723 1001 1496 278 790 329 1213 723 1800 949 2134 756
H 11 2044 921 375 1790 1305 530 30 125 1924 2035 899
H 11 288 1632 1298 1599 1554 1793 817 816 1220 1832 1654
V 8 2143 2160 2146 538 747 804 886 986
V 9 1077 1471 1249 480 1207 1484 555 1797 1806
V 6 576 567 215 383 911 1623
H 12 1840 1845 278 856 1149 2035 1468 1949 1833 0 1494 941
H 13 699 883 345 1559 1874 816 139 1455 1950 757 1551 1250 421
V 14 1696 836 530 1339 210 1110 1156 1824 99 1622 1591 1818 30 576
V 14 1622 446 113 608 1159 907 1615 911 1782 1471 1948 1903 1717 1129
V 14 2160 287 432 0 1729 248 268 445 1304 1318 546 480 135 1531
H 14 45 1673 1788 237 196 1171 187 723 1437 760 1251 1501 156 1906
H 8 1678 329 1419 725 687 276 387 156
V 10 1920 275 607 534 1318 1895 32 1418 329 278
V 13 1518 943 1924 2023 1987 222 691 1323 1120 325 2152 1920 890
V 6 1458 2065 990 39 1619 126
H 5 1677 1117 1905 1197 1720
V 9 1622 542 4 923 530 63 1939 1 910
H 12 1720 497 2050 846 284 264 1262 1539 977 1897 364 369
H 13 1623 1908 559 2090 886 604 1298 528 807 538 1577 1724 948
V 13 601 159 329 557 81 1394 574 1950 944 1678 1677 2044 1339
V 12 340 1000 91 383 728 925 1264 139 196 1930 273 215
H 9 349 269 85 567 1378 804 1591 1571 326
V 7 883 574 1171 363 1036 313 168
H 12 185 1908 1034 484 787 1117 1105 863 196 1268 1616 2021
H 7 536 1144 265 1637 15 2045 901
V 7 1774 1462 1471 1005 1936 1559 1920
H 14 877 85 1637 1141 1333 1800 1828 695 10 1389 961 1793 910 1762
H 7 1050 600 1082 1356 1839 977 1748
V 11 149 32 737 1622 1443 741 943 1157 1419 1494 2141
H 7 978 1457 145 606 823 696 500
V 9 173 522 504 1580 1318 242 449 2101 285
H 5 1800 1618 1688 1912 2145
V 12 1462 1320 2020 1623 1842 2134 150 1889 333 1118 273 1903
V 9 1302 156 545 608 311 1618 1665 1657 1708
V 5 1182 368 1066 1399 2121
H 14 941 691 99 204 508 804 1496 805 2134 1661 1828 1657 1719 1047
V 7 924 1344 607 817 557 1607 720
H 11 345 420 361 1219 966 285 1451 402 2105 0 196
H 11 1404 2061 1810 1779 1813 1909 156 822 43 1248 1668
V 9 1645 1599 707 820 1714 67 1336 896 625
H 10 1120 6 1361 534 284 230 741 345 242 1455
V 9 1471 1649 1598 1278 645 608 281 883 1728
H 12 2020 1 215 972 171 1820 145 2014 514 986 2096 53
H 5 48 1268 529 496 691
H 5 1991 1464 1577 828 601
H 11 361 779 1082 851 182 1560 1818 2134 881 2102 1708
H 13 2016 144 1798 2141 378 1105 599 329 227 1388 1637 1151 358
H 12 72 831 2162 645 902 1090 872 1376 1706 1138 805 313
V 7 1949 858 709 2121 817 1571 351
V 14 1401 2031 974 715 897 430 97 1494 567 1105 1183 1806 138 725
V 5 1401 1843 368 784 1289
V 13 1133 311 10 1987 1676 921 1191 1001 145 2146 1141 608 1451
H 8 328 948 1885 1712 613 75 1005 600
H 6 1689 2160 2038 805 817 290
H 10 1339 1976 17 1320 2146 355 1615 232 1661 890
V 9 355 1813 1839 601 1584 379 1435 1515 63
V 11 479 733 617 1248 1141 923 1318 1334 338 1662 1484
H 7 469 41 397 1412 1047 864 1206
H 7 1490 427 1339 372 259 631 43
V 14 312 673 208 2039 1876 1577 1390 1024 361 437 1829 500 904 444
V 13 595 792 1696 986 1412 1615 1810 1839 972 245 225 2146 959
V 5 1789 2156 1515 358 586
V 13 813 145 1506 1719 397 420 315 418 691 1635 658 817 1825
V 11 813 2130 1203 2091 1796 379 137 1838 1069 72 1763
H 9 1838 700 753 444 449 456 634 955 1035
V 6 72 558 1335 2038 1854 475
V 10 1483 625 207 836 173 1110 1449 1878 1936 1550
V 8 1909 1120 860 585 1217 1268 1788 1916
H 11 2145 138 43 1462 1809 499 466 1341 455 2113 1714
H 6 881 333 846 491 1211 943
H 11 285 265 453 68 1975 1517 2102 630 0 1210 1012
H 10 2134 1149 211 618 2023 776 1699 445 563 924
V 10 2021 1419 585 1468 1123 986 1227 741 104 1440
V 7 267 688 2064 311 79 1425 1343
H 8 1552 790 173 336 691 2157 1793 1661
V 12 192 1142 1540 1606 624 1639 1659 1725 1577 705 1455 1023
H 6 1585 1810 2141 967 973 1902
H 12 795 355 657 329 1402 227 1533 747 750 814 1577 173
H 7 565 280 765 1985 2062 1591 1354
H 12 1700 460 480 612 1511 1249 482 1023 1434 1206 1494 131
V 6 1189 432 429 2141 1373 2030
V 14 541 30 500 668 150 269 1141 445 907 1878 763 1515 1861 1975
V 12 863 435 1294 2016 2062 1203 585 1987 1401 961 2113 973
V 8 212 2142 1144 329 805 1665 369 1020
H 14 476 1660 1649 924 2016 1411 229 1991 1209 1817 15 1654 2102 1390
V 10 153 1655 963 1712 1732 1920 341 717 770 377
V 6 600 859 368 1219 1080 20
H 11 107 1388 1590 882 2062 1839 159 683 1399 1270 930
H 14 230 977 2146 81 1982 42 196 1465 805 1031 1462 252 275 197
H 12 999 1141 2145 45 1924 1912 1623 1494 1655 1505 625 1491
V 6 219 169 1832 922 1220 1607
V 14 1832 1451 26 2044 197 2035 370 1320 1077 97 1377 2146 790 652
H 10 436 1813 74 1730 1487 428 711 379 748 1035
H 13 1575 1676 1145 956 1975 54 793 565 1249 62 1855 1221 747
H 6 2146 1837 1889 311 1385 700
H 14 207 358 1120 831 883 1467 416 355 2101 1073 1376 902 1444 1411
V 5 74 220 404 1912 1141
H 13 1720 881 1138 1268 1897 1 1285 1677 711 1765 943 1238 480
H 8 711 139 1180 1886 1266 530 1954 613
H 13 857 148 1424 608 1138 831 276 956 607 1149 165 780 349
V 11 97 1838 168 1644 704 1320 1423 588 844 1551 1912
V 9 1625 1186 1218 311 1395 2127 555 1662 466
V 5 1373 1957 606 1248 9
H 8 404 72 4 608 2110 563 129 1555
V 10 712 741 39 1189 259 3 229 365 1554 1383
H 14 1746 1793 1105 1881 2121 2157 664 1320 133 130 493 1780 1950 948
V 5 208 1120 1933 2038 1249
H 5 1293 2160 1017 1419 449
H 10 1376 973 1623 1678 197 837 1276 99 2137 2065
V 11 88 282 82 1954 9 19 691 1654 215 679 1719
V 11 1702 1156 1790 508 1832 230 585 687 82 1161 1806
V 10 313 2106 2101 870 821 36 349 991 269 883
H 7 1388 1575 787 2113 2016 1252 1551
H 6 1219 49 1388 2044 1774 1531
H 13 1127 1967 1110 613 2095 1661 139 1777 231 1542 51 851 934
V 8 948 790 196 1682 889 1832 933 1668
V 5 804 455 1735 514 39
V 9 1373 1796 1975 816 1117 1961 1654 1838 1931
V 8 63 311 2141 1646 745 866 619 430
V 14 63 606 995 776 1873 1281 1889 1727 438 617 1877 632 1120 259
V 9 77 1597 645 1316 1654 1913 1238 1217 973
V 11 281 779 350 574 273 46 295 1924 2150 1428 1399
H 10 375 91 398 645 72 274 466 67 1531 625
V 9 1889 514 831 2134 1880 1842 1820 490 375
V 6 1391 2134 1138 430 1219 399
V 5 699 925 1937 1913 177
H 14 1399 1548 631 576 754 520 46 1571 1912 1806 308 1011 1678 1110
V 6 1646 1693 234 1688 747 1312
V 9 1240 1339 207 329 948 1974 350 1462 666
H 8 1321 1451 2146 1877 1191 432 1352 2072
H 6 725 1090 946 565 35 797
H 8 1627 1885 495 1242 237 911 555 450
H 11 264 1991 1282 1171 2121 584 99 1967 663 118 49
V 9 24 1410 152 1377 737 2160 2020 2035 1268
H 9 1650 1320 2112 948 508 547 1105 460 1117
H 9 426 63 1395 1140 1559 449 1799 1905 736
V 5 551 466 2157 2108 1646
V 8 1810 1653 175 1217 1908 1465 1864 1950
V 5 1677 2111 1708 1889 296
V 8 2063 790 941 1646 1649 1434 555 1633
H 5 560 1916 956 496 1046
V 5 813 1806 1 817 1066
H 9 2003 1832 563 746 2104 634 528 948 1271
H 9 1179 2146 1615 1297 1708 631 626 2122 1373
H 13 508 40 1059 445 60 746 1503 614 1141 1749 1824 1395 735
V 7 2102 1191 1037 1924 1867 1026 232
V 7 2132 66 2035 1001 97 1766 123
V 10 196 63 1227 311 361 943 2134 645 1433 564
H 10 2061 754 2090 532 1490 1073 1591 1121 1369 907
H 7 565 546 242 1364 711 770 1570
V 11 1853 470 1046 2015 2099 1127 1039 2102 3 1312 99
H 11 1597 569 2121 2148 1806 1458 588 1038 111 700 113
H 11 797 1991 907 1625 1275 1752 1719 197 742 444 496
V 14 388 1076 97 977 1554 565 1150 1220 1200 145 585 890 2005 11
H 12 671 1248 1676 1763 497 687 345 419 546 2012 1838 1955
V 13 600 1853 1369 977 45 85 762 1468 565 208 1551 1763 43
V 6 183 205 1705 511 445 1676
V 14 1939 1171 1 1451 508 1373 1339 1318 699 1361 1363 313 368 375
V 13 1412 1837 947 763 230 1150 1238 1766 72 1703 355 1047 1677
H 6 863 1794 1814 1752 923 43
V 10 907 1352 2035 1646 1388 1559 1110 1133 430 522
H 13 308 2061 1160 1127 798 6 339 242 1954 1624 395 296 1279
V 10 687 956 1001 817 1823 1708 243 1853 1055 625
V 11 1209 1577 795 169 1592 502 197 1791 1829 1263 880
H 5 369 500 1215 3 1216
H 11 229 1451 1889 1550 60 224 1808 2113 634 1939 496
V 8 275 1696 592 1186 730 741 234 1899
H 12 89 269 1548 118 1813 500 642 246 1975 302 1839 369
V 7 741 630 350 2109 682 285 1035
V 7 91 49 1622 1618 1688 790 120
V 7 288 1461 1975 85 67 1144 1688
V 7 2141 2121 729 2122 533 1468 913
V 6 151 715 1412 1455 1241 1289
V 6 2122 741 530 1422 1636 1881
V 7 1046 1912 777 81 1958 1484 430
V 7 1654 790 1496 196 1606 1105 152
H 14 1664 1484 2125 930 1665 1371 611 1677 1615 747 1537 950 409 1564
H 5 1171 1327 1054 276 1587
H 8 630 475 1006 1810 1208 1895 218 1984
H 11 2016 233 1531 977 711 1559 383 1407 411 934 1287
H 5 1292 455 967 1763 1133
V 11 1535 210 133 2122 360 1873 208 1377 139 2145 1787
H 12 725 152 831 790 1768 476 943 1939 1141 2101 530 2043
H 14 385 1293 1399 965 1836 576 941 2004 449 934 1664 480 1810 1936
H 5 234 1658 1399 380 2061
H 6 1248 1810 1829 710 276 607
H 12 1284 3 1607 497 768 870 1090 72 925 658 316 624
H 5 1089 1595 72 600 881
H 10 578 1860 1813 1686 956 977 404 32 371 449
V 9 806 1027 1959 1511 836 636 1676 601 638
H 7 1936 1455 532 1810 222 1462 868
V 11 384 833 508 1720 227 1149 318 1586 1313 1069 2120
H 13 1724 1275 1399 1535 1260 269 776 1970 918 159 108 432 902
H 6 547 1203 1595 67 80 1013
H 8 888 863 1678 227 1609 245 1817 2161
V 9 2079 1471 369 1181 949 824 1665 430 39
H 7 1954 1105 1455 1835 585 298 851
V 6 369 1217 790 1289 1363 113
V 7 465 1001 2134 1762 234 1908 2114
V 14 275 375 911 1325 1445 1912 1639 1468 1203 714 1764 1837 1458 407
V 11 232 625 925 631 869 1247 1867 506 229 1665 1924
H 10 1939 133 2008 343 528 1878 948 138 0 1554
V 10 948 1036 383 430 863 1247 1391 1677 890 910
V 13 10 344 601 1668 944 1654 1033 2085 1522 1092 630 831 947
V 7 1182 907 1375 72 902 1728 1442
H 7 1219 174 1661 1954 1001 453 578
V 7 45 1853 1548 688 173 1105 1121
H 9 527 350 770 1654 1047 1795 606 570 587
V 13 1746 1110 563 1456 1361 1550 1117 537 1348 1119 99 831 956
H 10 547 620 275 514 1419 1927 283 557 1150 1454
H 7 85 809 1720 1105 252 226 786
V 6 184 2112 32 1429 688 691
V 12 133 211 1866 1089 1307 1198 1334 1450 1814 364 1810 358
V 11 116 1615 1235 2160 1571 208 528 1702 992 1936 897
V 7 870 922 630 1089 1054 774 475
H 12 1569 751 1494 1837 49 1532 1013 585 817 1628 711 626
H 6 863 1824 2038 688 728 45
H 12 159 234 797 1563 640 1854 1184 584 417 1329 1832 1514
H 7 1806 1763 1317 956 645 329 1658
V 10 1249 424 265 39 355 831 1877 805 2020 1751
H 8 1471 439 1723 2121 1721 265 1661 896
V 6 841 1897 273 1127 244 770
V 9 870 1531 1795 1688 600 2150 88 645 721
V 6 1544 1819 1077 91 481 162
V 13 1747 1553 445 1720 149 1604 1835 1399 373 252 1920 1421 1191
H 9 1862 262 1909 1632 1114 1131 770 333 1688
H 11 825 700 1833 276 82 227 822 1238 273 1939 288
V 10 277 1765 345 1987 33 1832 1899 987 122 247
H 7 1530 886 1033 256 10 1144 278
H 5 1650 1637 132 1954 472
H 7 1873 485 770 203 693 1607 156
H 8 1832 863 251 850 64 1785 1601 1201
H 5 1 1035 2158 696 730
V 10 1419 99 547 1219 296 243 138 1544 430 613
V 5 1504 818 2016 726 1129
V 11 45 943 917 1141 1127 896 2025 592 243 690 273
V 7 925 608 1860 361 1311 45 1352
V 5 1838 764 1112 2146 883
V 6 593 1860 236 1618 941 547
V 12 1554 724 275 1222 145 1454 1225 1628 900 1745 1981 1407
H 7 770 870 368 925 247 1149 1623
V 12 408 404 630 863 508 311 208 1978 708 1415 44 593
H 12 2142 1217 1350 2132 717 1597 981 514 1678 2031 317 1401
V 11 528 1219 1991 1281 1618 1880 1117 500 22 475 1055
H 13 548 223 1997 97 1462 1664 1730 1587 1256 1665 308 649 445
H 10 1790 1924 902 1881 534 170 1681 1189 831 1856
H 10 747 1167 1184 75 2163 252 1757 2108 1324 1004
V 8 871 968 1793 444 1658 1256 1796 601
V 8 145 1474 853 2160 1007 2122 285 883
V 9 1696 198 139 2155 0 269 1419 1321 1633
H 11 594 2035 368 445 99 118 522 1115 1312 1388 1490
H 7 843 708 1019 634 1525 625 528
V 13 455 591 173 133 1439 357 2016 1552 354 457 1031 928 1996
V 9 700 1155 661 276 1120 1238 2025 2141 989
V 12 1458 273 355 1227 22 1156 682 1610 1726 2038 567 1983
V 7 350 113 1090 865 938 1320 1551
H 10 1810 45 1154 1677 1876 328 1646 759 1596 1069
H 9 1049 261 1551 1363 1810 1597 93 1046 196
V 7 766 1127 2094 1412 643 2160 41
V 14 1824 2124 1837 891 1545 346 1119 99 2016 1905 291 350 122 1103
H 5 895 1373 890 1 9
H 14 814 496 1077 1058 1550 72 2120 445 1510 1451 1844 0 345 68
H 8 1791 1079 71 1677 1551 1832 1451 1552
H 14 41 1110 1021 1104 237 661 986 601 726 1677 1673 554 1089 1815
V 12 475 1920 972 1490 831 1089 404 242 1172 1677 274 624
H 8 1945 1932 1554 2121 1428 1538 1832 1458
H 14 145 910 1090 1149 404 1345 1069 1458 1712 215 445 1598 296 267
H 12 10 924 180 9 653 1550 159 41 747 1503 1107 1548
H 6 85 1712 383 1577 1089 923
V 7 1622 2011 634 1982 1119 1239 895
H 14 1934 1 237 1396 430 2081 1286 404 660 2005 347 145 563 1471
H 7 422 85 1219 805 1385 1462 511
H 5 955 72 1927 1923 1676
V 13 557 1550 1219 2000 1296 817 1458 360 208 1774 328 1880 430
H 11 85 276 208 923 910 1494 1646 1349 1158 1233 1813
V 10 2023 150 1632 115 445 797 1462 1791 658 1838
H 6 1725 741 1881 1461 1395 489
H 13 138 996 1368 1559 308 1774 575 1985 1873 804 1779 2139 322
V 13 2051 900 139 1974 361 1799 94 1116 1938 58 85 1559 630
H 6 242 546 30 613 1129 1089
H 7 1370 311 445 625 329 563 475
H 10 173 0 3 1678 152 624 1605 265 1221 546
V 14 1661 631 682 1096 902 2122 1640 1837 1388 1129 3 1339 905 1587
H 14 1908 1034 1909 1924 1121 2123 886 1552 420 940 1708 1119 906 1856
H 13 597 1382 1156 963 148 1824 232 747 943 265 791 1550 1001
H 6 863 45 813 1309 1548 1551
H 5 95 444 519 646 792
V 5 1220 1788 1058 1254 2096
V 5 404 237 314 2113 368
V 13 1479 63 209 506 1655 1352 601 230 148 129 1554 807 1005
V 6 67 1005 369 1377 1599 113
V 9 128 1813 278 1926 81 1806 1185 741 757
H 9 1 313 1806 466 776 1120 78 2136 525
H 12 535 477 497 1829 911 1939 771 404 1538 1877 350 546
H 12 227 1186 813 1110 1246 1837 1412 1867 555 545 1506 183
H 12 1182 369 486 1842 1909 1402 2020 1097 550 198 91 1708
V 9 240 252 2020 606 2102 546 1853 335 870
V 8 2020 1300 661 1184 723 585 1268 1141
V 11 1477 1047 1792 1412 1264 515 1110 2016 1571 274 934
H 14 1047 269 846 2096 1438 1105 1216 274 1419 977 1029 2062 931 1850
V 6 956 1913 626 1119 1726 975
V 10 886 1813 1064 509 2028 691 565 365 563 1127
H 6 959 843 1654 1129 1312 1623
V 12 129 613 1850 1687 907 1607 99 273 156 328 242 1689
H 5 1867 1399 1146 1618 1816
H 6 1802 399 2157 2119 600 1339
H 12 1767 420 89 700 475 404 1137 360 682 1419 1189 2126
V 9 1046 1611 803 2061 196 139 1274 1189 1591
V 12 446 1974 1325 265 630 159 500 607 1293 2122 1916 1244
H 14 36 978 686 329 1597 2023 530 1877 2032 1708 1954 310 1291 1471
H 6 1175 653 1238 1801 1462 1607
V 7 934 1786 2044 324 1957 1119 1552
V 9 846 273 1066 670 2157 3 896 566 1051
H 13 1599 1484 1177 1754 732 328 444 1791 1706 1105 1833 497 1575
H 8 1890 2058 1056 620 547 1552 1414 208
H 12 695 1206 1880 1842 388 1352 1597 770 1325 420 1936 166
H 7 1144 956 950 648 1779 334 446
H 14 812 1238 1122 369 2015 92 1559 1665 1840 133 1792 886 150 1806
H 5 510 360 316 1455 462
V 7 1044 2160 1970 313 791 1359 1337
V 6 2104 649 607 2057 851 1005
V 5 2114 50 1227 1209 1434
H 5 522 1581 1399 776 229
H 7 2152 387 379 39 2141 892 2096
H 9 252 97 2025 1525 1391 1880 204 404 1881
H 8 41 1100 943 1830 1954 1419 1731 2115
V 6 1182 549 1127 81 3 1836
V 8 2022 1341 159 133 557 175 275 1339
H 7 802 445 1278 2061 473 886 38
H 7 1591 727 430 1877 285 1909 687
H 12 470 1100 870 1373 1840 1067 1576 750 1572 1916 2045 147
V 7 1708 977 1863 1991 739 2027 563
V 11 1102 1572 1875 747 416 986 890 1363 1248 1819 547
V 14 1004 907 557 2052 1654 1905 1880 607 212 863 63 1133 1618 257
V 14 1141 1887 675 345 534 506 911 1034 1378 920 152 691 522 354
V 14 661 1158 532 567 1083 528 1184 693 1169 1106 278 923 3 202
V 5 1530 1306 2096 322 274
H 13 368 831 358 2122 326 1744 816 526 1339 84 483 1947 343
V 12 475 1920 682 692 2003 1132 2061 355 465 773 2141 546
V 11 169 986 2015 316 1455 830 1594 1293 1227 1554 891
H 14 557 2157 313 542 2102 1774 1049 234 1240 25 49 1077 1013 977
H 12 1117 1034 1100 1654 514 329 361 1623 220 1184 728 1211
H 8 122 831 1119 1588 1788 1795 497 1481
V 10 227 1388 951 883 1 562 245 1458 1419 709
V 7 437 2145 728 203 902 265 369
H 7 1120 1032 1434 1551 2062 2016 890
V 12 567 700 1036 1013 1455 902 518 1920 1138 1046 2142 1395
H 7 139 1105 1696 521 369 1986 1429
V 9 814 1726 1005 1268 1811 802 767 1219 633
H 8 350 463 1492 701 891 1333 1127 2131
H 10 1548 664 790 924 943 1936 1597 3 1833 1813
V 13 943 624 1525 2084 1618 1811 1046 271 1943 1036 1838 269 862
V 14 1186 356 863 308 1802 139 590 1661 1878 1623 1256 2121 452 906
H 9 532 1708 1388 1268 1468 145 338 1149 1352
V 8 265 514 2082 8 234 113 1264 1412
V 13 625 1494 1924 328 460 1676 49 361 229 1451 302 1090 227
V 9 349 1471 1880 288 530 508 1607 1496 576
H 7 687 1184 1329 215 585 59 334
H 10 607 1975 698 1455 1525 1494 1618 1837 2096 1726
H 9 2016 1412 264 1565 1523 1312 234 630 1203
H 7 1550 1818 1246 625 864 1805 1041
H 7 1202 230 1903 1494 1264 414 1339
V 7 567 364 550 1664 1552 1458 1591
V 11 43 854 1248 3 1441 321 989 368 1622 1066 1046
H 7 1618 610 1615 1774 2108 1905 1800
H 8 1047 2023 1791 1119 836 1025 1443 890
V 7 445 1813 870 896 50 25 1189
H 6 1119 152 1475 1668 1217 1922
H 12 1361 118 534 2121 3 1868 1799 1954 1950 58 2016 2040
H 10 747 1661 1399 881 557 1720 1576 2142 1077 358
V 12 514 1011 1632 845 2072 1352 1541 645 1577 973 1395 361
V 11 1048 355 1353 424 1419 747 497 1077 770 1003 542
V 9 85 47 709 285 1918 1924 345 252 2035
V 11 2048 1013 1838 1117 1069 1004 1954 234 1332 947 2089
H 14 409 863 1712 1462 1352 1626 308 1412 159 1720 1303 13 2108 331
V 14 628 355 252 637 1954 265 1191 1905 563 406 1664 84 823 717
V 9 728 670 2025 817 1664 2121 1001 1037 1828
H 8 1120 133 802 1264 252 723 1385 1591
V 13 677 506 1928 34 1320 1138 237 907 1840 1069 328 1790 1898
V 11 729 1837 361 1651 1134 230 902 2157 585 296 1333
H 7 992 2061 565 73 2097 1470 2121
H 6 567 577 350 1550 1579 368
H 10 2069 453 9 1395 414 824 351 1264 429 91
H 10 296 464 964 1490 449 118 740 1524 242 2020
V 13 1912 1929 622 791 404 1110 3 1560 2109 1664 1799 2102 644
V 14 1799 746 1278 296 497 125 91 1920 836 1559 2152 563 1117 957
H 6 39 1486 242 846 426 376
H 8 1688 241 229 496 158 1832 1171 1678
H 8 2038 1936 1263 1646 1920 1877 355 522
H 8 567 1688 1156 575 964 2025 1496 1141
H 9 32 181 1298 509 528 1676 1264 375 925
V 11 1677 355 2044 790 1920 39 70 330 599 1545 1229
H 6 1 119 1815 129 1514 962
H 12 1100 1657 1950 1225 432 2101 63 138 1249 363 843 2141
V 13 1878 1829 549 145 982 956 1947 1936 1484 138 1719 1052 576
V 10 1908 1912 574 1760 1471 1060 1412 1840 1905 2146
V 12 1719 534 1156 1391 1708 1189 804 1873 1171 770 1256 1881
H 5 1373 223 1688 1838 1607
H 11 1784 935 1635 1203 1763 81 1225 383 1455 229 319
V 14 761 1401 1474 790 0 249 805 1100 769 1 278 158 1848 259
V 11 275 288 797 2152 259 480 1479 1426 391 139 1318
H 9 967 1606 2119 432 626 1182 425 517 1832
H 12 1525 281 222 1219 1435 260 1476 1559 1659 899 607 1047
H 9 1795 97 159 254 1047 582 1724 318 694
V 10 1880 1455 1395 925 585 1573 383 1572 1654 921
H 13 49 631 1339 634 12 152 1373 2119 911 333 715 458 1559
V 7 1764 229 230 1184 1459 1571 1161
H 7 613 222 1436 2120 2113 1712 833
H 10 511 528 2078 333 1653 1732 2046 343 781 212
V 8 1633 309 1953 3 1824 1240 563 2107
V 11 1357 1788 496 1577 1182 1762 1714 776 1264 891 122
V 13 1499 470 929 349 1462 133 2160 293 272 1173 1490 1189 863
H 7 350 2020 657 2019 1399 1607 41
H 8 973 1188 776 1964 1804 368 2020 1637
V 9 1660 239 986 514 1525 1167 1231 1881 651
H 13 917 40 1481 983 2038 630 0 1829 1471 163 2066 1339 1645
H 10 152 342 1806 1676 375 1217 138 176 1144 824
V 10 1144 1655 246 1738 805 1013 1030 878 1471 1426
H 12 2088 208 363 1548 1105 871 1171 285 480 1217 393 197
V 12 970 1233 1047 645 1763 1779 1881 746 1462 1391 565 984
V 8 619 948 1090 506 1046 1142 265 822
V 6 1664 775 1877 2035 91 915
V 6 72 1399 1788 947 550 1225
V 13 343 1366 791 1771 500 1837 800 259 1873 318 1069 446 528
H 9 361 12 849 1001 747 1184 1127 928 82
H 12 1677 667 943 1832 631 1341 1436 1813 300 645 269 132
H 10 925 81 1496 349 2067 368 1730 2026 1508 1256
H 13 1484 1299 32 208 776 1256 1092 1800 923 1401 1623 907 430
H 14 1249 1431 1936 1912 630 1618 2149 1827 768 2067 1600 350 758 353
V 11 117 1238 1388 1203 1109 539 1726 1225 1697 83 2147
V 5 500 444 851 630 1451
H 7 1523 1899 1896 500 3 466 1069
V 14 883 67 1668 500 1484 1868 1193 948 383 368 1248 1817 1089 1203
H 7 150 49 1419 1451 1758 509 233
H 11 1623 891 910 1881 1577 283 1586 1664 1462 1677 332
V 7 1550 1538 728 1343 1548 1471 2118
V 6 696 522 2142 2096 350 504
H 12 273 1069 1920 1846 1936 2134 545 1289 1867 350 196 776
H 11 556 424 599 924 1788 1220 1274 1978 1291 1946 1969
V 6 498 1195 2096 1615 411 379
V 5 214 327 1724 1797 1361
V 11 883 230 1658 309 2160 202 163 783 1161 2035 831
V 6 553 333 229 981 763 1001
H 11 1191 1554 1372 1793 1663 1646 475 1395 161 1325 467
H 9 1813 629 252 328 2004 156 416 2020 444
H 11 379 948 996 796 1058 986 1939 288 1141 1045 661
H 8 1538 551 285 1889 379 461 522 2035
V 6 133 1163 1661 1836 235 1610
V 7 1676 977 2002 2122 141 1905 1275
V 8 1036 1676 600 10 296 2120 526 1162
V 12 1537 2003 816 682 1125 1550 1456 688 1046 1117 1066 1720
H 13 1071 1650 2087 2016 1553 91 265 728 747 1736 1665 1481 1465
H 6 814 1901 1800 1471 676 1053
V 11 1646 922 278 791 1790 1846 1680 1149 91 528 1462
V 5 910 1119 159 1311 1597
H 7 432 455 1458 850 1566 1289 2019
V 8 1129 1238 924 2160 1733 506 1066 554
V 8 1501 1950 504 1991 836 250 1171 253
V 10 1774 1368 1869 813 1395 1054 910 1582 1668 250
H 10 563 1203 234 150 139 1105 1571 880 1268 1664
H 9 1490 159 565 1373 970 1548 285 1785 1129
H 12 2101 2134 1623 2146 802 311 1526 950 1878 743 1800 1325
H 13 829 1810 1726 741 245 2062 237 1813 32 1346 905 1800 1531
H 8 1293 1527 2102 1090 1149 860 1035 1273
H 11 1847 1120 193 208 1072 1248 246 600 1 946 112
V 8 626 733 613 2096 1238 1114 584 72
V 7 1962 661 508 1149 1419 950 1286
V 13 2025 197 1355 328 142 1570 585 1240 1661 682 501 741 1970
V 9 728 1238 1203 555 1217 1954 506 831 584
H 8 1510 1840 546 1227 1628 2113 951 1646
V 12 1525 9 296 1625 950 546 243 997 2134 663 522 896
H 8 574 273 1615 1301 1486 67 1954 1077
V 8 1577 2003 470 1090 875 49 2101 892
H 9 1238 601 1035 1948 85 575 2020 627 1655
H 11 1264 728 1488 1996 139 1912 81 1881 1623 863 2017
V 11 1665 125 259 883 1615 1577 1234 1484 902 2113 1343
H 6 254 1035 286 1929 977 264
H 13 457 909 249 444 1158 404 227 1838 1664 1790 1912 551 532
V 6 187 608 1036 2047 1902 466
V 6 547 805 1362 1001 43 2157
H 13 1249 1363 215 1194 145 669 1588 739 731 1494 877 1472 484
V 10 1730 1926 160 242 1149 689 478 1795 988 1013
H 10 1712 2101 1419 1008 671 1145 1259 1363 865 855
V 5 1150 139 1144 890 159
V 6 190 500 379 278 1284 85
V 11 1325 470 1856 711 1352 208 1559 1724 783 1837 1451
H 5 1803 1264 109 1066 21
V 9 851 1735 1534 661 470 1622 1991 7 921
H 13 410 379 1895 102 821 723 923 357 522 242 2041 430 447
H 11 625 106 475 383 1536 1376 563 1623 197 500 1724
V 10 1839 914 728 480 1897 624 818 383 2020 2140
V 11 1347 526 48 1326 291 1703 922 30 1913 2157 687
H 13 565 1504 1028 1846 249 1384 839 1728 1203 361 1733 2050 173
H 6 179 45 1129 4 1455 1902
V 12 1961 1217 883 1924 1468 1558 1455 567 246 2101 1622 481
V 9 229 259 1796 1141 345 1351 152 1127 43
V 9 1734 311 269 1156 584 1909 1362 913 2147
H 5 2160 634 505 1800 1889
V 13 360 1708 246 473 1238 948 891 973 97 1315 1 2157 51
V 7 1458 445 699 1238 761 528 1087
H 14 1960 316 1826 2157 460 230 443 1871 1363 1810 1220 1607 313 1724
H 12 688 497 1806 713 770 92 1839 1212 1258 2035 438 296
H 13 1750 1171 2146 648 1352 1688 547 345 1057 626 316 1708 650
V 9 1528 1830 269 631 600 2059 97 1455 2044
H 6 32 368 984 1299 1936 1565
V 9 645 1708 2044 1035 655 1105 326 1220 2016
V 6 275 94 2053 1548 138 383
H 14 964 237 1584 1083 1138 453 445 313 2122 950 552 470 355 1088
H 10 578 1187 1660 264 1531 1217 1732 907 1434 2044
H 5 1724 1838 890 661 546
H 12 331 1154 118 1220 2146 849 489 979 891 1203 1217 1893
V 10 2003 1548 1401 625 1571 1796 925 508 296 313
V 6 606 1047 1311 1127 1865 506
H 8 1818 126 1796 333 1399 601 910 1395
H 6 491 145 1135 886 455 217
V 12 2113 1289 298 1001 613 1560 546 770 658 1119 1099 883
H 9 9 600 1124 1351 890 1004 797 1559 954
V 6 1090 360 173 1601 1462 432
V 5 215 1412 942 1889 504
V 7 1988 1114 453 1620 631 842 296
V 13 1339 1554 1249 1669 722 1589 1833 2113 72 1388 159 902 275
H 7 1543 1490 271 1062 480 1936 559
V 11 159 1036 2134 806 1550 530 890 892 1696 1133 2004
V 5 2061 1293 313 882 1394
H 11 907 565 192 2155 795 276 466 464 1066 870 1617
H 10 1998 863 1173 645 344 1664 1144 74 1149 1066
V 12 470 1502 1467 1742 1419 656 817 944 870 977 924 1926
H 5 754 1190 311 1077 343
V 8 1005 1127 1731 1867 434 3 2142 1082
V 13 1425 682 885 1256 1554 1539 60 1833 565 567 1645 816 1484
H 11 1807 1645 1550 1256 1577 977 1655 1551 1119 1650 1531
V 13 386 285 1189 432 2016 2122 130 631 1749 700 1571 1401 489
H 13 1318 102 241 110 924 2101 1129 178 1968 910 420 1910 275
V 14 870 173 682 1646 1806 1129 81 2018 1995 369 1069 1665 1908 763
V 9 1703 1881 690 741 67 1426 613 133 1132
H 8 607 308 1128 250 222 99 1571 470
H 10 916 297 1203 470 157 977 1566 1912 274 222
V 5 1551 348 264 9 1658
