 250 30 0 
 465 599 931 741 924 768 991 
 953 628 940 578 632 683 883 
 481 689 922 950 887 883 745 
 617 613 986 953 621 852 831 
 804 590 374 706 849 764 562 
 854 687 723 945 774 882 581 
 494 932 612 955 630 928 532 
 803 583 896 603 864 792 592 
 702 593 644 770 907 689 804 
 826 562 414 724 727 605 507 
 932 784 856 632 944 947 976 
 707 750 870 898 957 648 706 
 648 980 1009 949 528 711 860 
 479 415 867 756 902 937 893 
 1007 928 794 1004 500 973 678 
 842 610 696 972 848 700 738 
 668 962 741 726 797 880 643 
 963 718 600 879 538 926 854 
 634 679 537 544 1035 842 798 
 559 632 892 866 460 670 609 
 508 602 677 896 544 681 1125 
 651 753 740 897 723 897 707 
 985 770 765 727 492 665 562 
 962 939 937 846 631 858 902 
 541 985 917 862 549 645 862 
 712 943 854 873 578 813 1019 
 880 713 715 722 640 777 563 
 600 651 870 556 657 548 1010 
 786 777 974 789 784 575 660 
 962 910 780 640 710 871 571 
 966 726 535 896 952 547 626 
 673 745 1006 671 809 522 877 
 799 1014 941 907 503 892 790 
 873 565 908 895 664 679 574 
 532 602 913 819 514 695 904 
 942 878 1075 949 651 
 797 323 168 723 780 101 683 
 224 594 452 952 442 215 153 
 425 10 898 760 375 872 540 
 419 939 595 452 839 751 99 
 809 257 456 979 90 471 621 
 247 750 102 308 34 994 55 
 89 924 45 200 438 717 924 
 868 48 189 679 778 887 263 
 912 462 324 881 879 890 48 
 876 64 34 704 699 111 322 
 954 125 896 400 359 427 128 
 856 414 985 347 940 980 733 
 173 912 573 104 527 543 8 
 199 439 847 318 513 230 732 
 513 790 775 248 493 379 493 
 118 136 831 962 273 336 381 
 454 791 97 288 750 213 667 
 576 184 729 93 15 952 105 
 739 186 652 783 808 535 287 
 481 237 363 832 338 621 249 
 744 19 398 857 550 575 456 
 639 306 720 586 894 788 861 
 993 128 586 520 224 575 875 
 665 174 328 895 501 938 869 
 978 916 911 399 612 237 535 
 358 490 97 401 712 907 122 
 258 891 794 114 181 178 910 
 596 499 817 298 355 248 329 
 941 667 395 377 778 43 156 
 75 798 488 194 210 915 504 
 940 669 478 987 283 925 210 
 626 793 109 891 948 429 502 
 338 860 873 768 12 757 82 
 56 633 337 405 372 4 747 
 497 271 16 666 137 349 957 
 763 541 742 61 795 
 21 706 897 609 158 912 658 
 686 640 719 553 656 981 993 
 190 211 530 994 337 800 539 
 780 769 953 951 56 840 9 
 352 308 690 285 649 520 537 
 186 38 782 547 830 37 92 
 719 599 518 267 953 348 763 
 182 299 380 463 433 399 762 
 400 238 629 934 780 49 690 
 26 125 247 979 705 933 305 
 4 559 680 569 755 768 627 
 649 907 922 696 478 562 338 
 550 383 753 224 627 112 159 
 393 97 540 972 440 417 583 
 630 604 611 823 118 399 240 
 670 151 924 454 824 356 606 
 745 804 734 864 129 468 624 
 497 135 37 499 587 87 582 
 465 984 389 600 298 899 119 
 906 224 143 751 521 27 11 
 885 169 618 336 454 847 288 
 567 198 986 659 6 254 837 
 588 668 206 429 416 73 33 
 675 424 24 483 576 210 79 
 372 19 901 548 249 53 104 
 79 958 135 936 471 38 152 
 523 670 671 16 527 596 190 
 27 89 692 397 718 383 753 
 702 779 53 990 854 669 232 
 240 386 995 467 532 755 36 
 717 408 833 406 431 906 201 
 310 126 746 214 239 533 17 
 120 251 488 582 447 915 440 
 693 774 510 874 902 344 739 
 150 655 164 222 911 161 583 
 876 615 394 485 600 
 57 375 968 921 116 24 508 
 865 914 281 208 606 148 500 
 837 190 619 464 147 949 142 
 671 400 902 663 90 192 147 
 860 846 756 764 695 619 346 
 313 452 720 152 688 541 568 
 144 862 736 754 337 893 123 
 268 331 513 221 69 505 427 
 52 741 76 185 734 933 140 
 60 48 261 686 416 480 306 
 771 457 418 276 622 681 549 
 992 931 644 283 771 104 240 
 483 65 341 381 327 1000 627 
 256 356 896 54 279 61 966 
 602 380 917 781 215 978 225 
 652 59 753 946 86 867 538 
 91 844 186 392 502 442 438 
 260 367 172 445 471 862 702 
 578 54 77 742 687 815 501 
 411 618 829 577 753 8 453 
 607 867 754 742 242 168 505 
 923 713 177 146 561 757 904 
 106 703 708 281 616 87 609 
 781 206 784 288 418 13 961 
 490 355 835 846 997 201 790 
 962 64 911 733 240 26 278 
 642 386 712 261 698 742 368 
 663 664 620 336 386 469 271 
 349 362 792 630 149 810 813 
 450 595 677 536 510 590 280 
 749 208 673 785 999 145 152 
 651 748 838 863 72 578 267 
 874 973 461 253 76 228 172 
 397 673 117 726 243 970 922 
 911 768 483 900 179 841 670 
 465 343 317 630 434 
 530 925 235 998 574 414 704 
 376 910 88 110 568 495 892 
 814 157 102 120 169 822 661 
 658 344 811 621 381 586 583 
 699 454 97 545 522 629 844 
 959 460 285 242 305 288 130 
 642 430 162 357 29 690 141 
 201 329 762 657 706 404 629 
 653 291 5 970 683 180 978 
 33 950 261 64 203 404 710 
 839 585 507 418 185 822 469 
 567 870 123 323 526 833 622 
 595 746 832 153 289 187 294 
 883 967 192 792 666 780 126 
 826 12 165 755 247 920 991 
 912 266 87 304 370 128 745 
 568 592 386 313 66 913 731 
 528 58 141 141 914 887 488 
 764 251 421 678 839 160 865 
 162 619 429 372 565 430 761 
 147 454 459 724 540 349 706 
 476 952 952 837 777 1 914 
 251 383 602 446 517 781 258 
 831 602 688 447 141 42 345 
 257 711 540 182 837 276 456 
 339 646 903 604 550 564 909 
 287 110 292 488 879 569 866 
 673 379 128 953 184 160 899 
 518 811 236 779 1000 912 244 
 180 808 434 878 519 736 117 
 598 937 733 370 689 309 156 
 769 66 857 790 154 7 43 
 75 793 347 58 208 293 626 
 725 392 719 975 316 851 66 
 886 608 401 7 296 835 956 
 526 513 342 25 116 
 635 55 846 943 65 623 704 
 170 779 533 75 313 268 821 
 504 532 949 949 117 611 39 
 757 208 278 859 172 786 641 
 401 987 307 809 195 770 97 
 402 312 916 432 516 623 348 
 968 905 153 819 850 47 932 
 937 816 582 601 839 703 624 
 694 910 901 51 929 738 618 
 888 673 339 969 730 212 313 
 755 181 295 326 631 940 673 
 889 148 576 479 629 586 865 
 469 534 404 895 761 967 342 
 629 72 435 86 10 477 666 
 476 663 629 320 681 47 68 
 92 865 594 157 541 399 192 
 923 644 357 582 475 705 808 
 394 341 600 974 85 743 264 
 279 822 640 78 996 545 829 
 622 730 609 693 693 364 115 
 564 704 44 350 154 92 647 
 995 850 562 388 881 962 256 
 787 973 717 359 277 660 905 
 473 727 488 777 254 94 124 
 243 747 417 823 23 649 497 
 730 76 886 642 906 994 726 
 358 804 703 416 598 148 474 
 201 599 316 337 240 766 749 
 307 126 940 230 573 364 136 
 111 365 65 919 236 912 898 
 580 955 708 936 143 300 196 
 824 583 771 431 149 511 734 
 783 270 801 351 187 567 718 
 561 323 152 761 674 287 288 
 446 925 134 31 62 316 495 
 574 375 959 858 951 
 46 840 99 212 20 851 412 
 713 576 158 119 17 314 435 
 686 753 892 816 420 229 422 
 539 303 686 280 6 723 905 
 198 831 120 71 346 197 695 
 278 341 521 871 218 500 570 
 442 795 826 94 102 765 185 
 145 332 218 935 584 458 527 
 322 882 697 537 964 883 503 
 949 509 448 370 115 668 826 
 129 232 35 363 426 102 860 
 234 98 356 191 805 456 228 
 281 947 264 481 796 103 889 
 29 537 540 6 84 78 811 
 909 370 399 997 473 165 774 
 849 743 785 2 541 986 888 
 56 549 927 118 500 972 328 
 973 510 365 706 518 685 912 
 717 2 29 573 263 340 215 
 490 671 687 132 413 233 574 
 274 320 95 55 515 200 50 
 318 608 459 347 691 792 508 
 420 556 456 337 973 728 625 
 559 784 664 237 218 580 502 
 423 510 905 75 213 868 536 
 746 663 118 992 213 597 665 
 568 819 98 141 240 806 874 
 302 198 86 796 967 297 936 
 791 243 303 44 782 436 399 
 776 332 168 510 880 190 39 
 394 299 666 765 24 572 11 
 175 77 581 170 287 63 91 
 988 999 953 786 718 623 265 
 543 169 23 594 279 349 660 
 928 874 142 467 527 183 761 
 159 225 663 709 897 
 172 73 554 924 792 560 83 
 998 913 566 834 333 673 959 
 439 712 466 366 961 704 558 
 944 160 747 831 122 801 399 
 310 67 423 134 772 585 976 
 69 626 573 15 76 896 206 
 395 805 751 750 42 709 160 
 398 608 885 185 266 13 525 
 683 20 449 29 893 489 280 
 547 453 70 366 267 660 169 
 849 185 399 280 169 392 812 
 170 16 600 523 918 706 706 
 376 47 523 827 90 892 42 
 281 678 665 2 569 32 896 
 858 748 470 957 705 350 245 
 780 900 436 648 667 763 272 
 804 583 111 126 252 224 411 
 676 229 403 197 540 849 363 
 667 777 957 7 334 202 417 
 273 368 897 962 276 540 435 
 138 27 505 150 114 393 958 
 563 948 532 221 704 980 561 
 736 181 912 310 949 514 307 
 994 880 237 949 948 908 996 
 711 518 785 340 410 224 364 
 32 806 300 825 585 153 205 
 857 848 85 325 692 268 920 
 499 110 732 866 866 329 219 
 761 80 62 886 124 603 538 
 327 913 35 282 255 95 599 
 31 286 106 201 583 651 226 
 464 378 785 715 490 543 151 
 355 742 721 365 101 794 622 
 112 696 274 681 724 878 731 
 564 460 901 467 872 380 64 
 512 255 424 251 930 
 8 940 152 266 696 867 589 
 855 608 420 2 949 508 520 
 91 924 837 852 322 81 338 
 894 241 959 851 801 602 164 
 321 89 407 555 79 630 640 
 612 913 281 88 85 214 279 
 47 431 695 336 910 289 373 
 414 276 885 396 109 370 548 
 450 175 544 371 357 102 110 
 514 295 670 139 344 130 327 
 541 728 43 62 837 625 593 
 550 152 289 563 873 860 671 
 586 498 177 818 427 350 35 
 685 763 525 713 400 104 868 
 391 237 875 319 804 655 807 
 809 291 411 129 764 985 419 
 493 848 443 230 348 219 181 
 465 447 92 2 852 67 727 
 967 452 394 184 391 100 268 
 336 364 155 194 17 113 468 
 895 113 978 128 924 408 945 
 387 482 42 143 600 687 627 
 390 414 620 149 25 488 564 
 34 752 237 557 299 413 164 
 332 636 24 901 538 574 403 
 671 593 82 836 694 684 574 
 918 448 65 97 230 644 136 
 534 206 506 456 59 36 983 
 582 734 776 193 397 540 528 
 685 68 961 395 490 978 87 
 607 502 938 959 530 881 942 
 104 35 613 453 466 767 618 
 189 817 659 404 775 171 212 
 939 468 56 447 454 387 92 
 794 134 304 326 63 356 124 
 413 476 882 422 239 
 404 586 237 602 595 585 322 
 558 820 825 927 513 114 210 
 675 968 392 638 689 694 305 
 806 235 927 262 367 945 993 
 116 853 353 479 186 163 742 
 132 514 279 625 753 199 377 
 424 968 345 461 49 749 752 
 701 292 495 871 584 411 402 
 580 145 235 57 977 535 255 
 254 315 368 121 394 285 220 
 144 27 101 378 9 48 865 
 29 669 557 170 69 645 831 
 533 894 752 791 176 256 880 
 39 755 323 928 990 978 560 
 815 955 764 40 369 226 541 
 949 785 105 107 362 520 10 
 907 964 252 343 34 341 314 
 751 226 605 434 210 82 255 
 148 494 141 828 926 759 46 
 18 994 424 392 706 681 564 
 135 788 635 179 941 339 514 
 741 750 648 737 696 995 287 
 503 610 456 484 131 798 860 
 219 615 822 323 850 997 308 
 5 760 522 384 412 818 716 
 288 336 409 885 579 994 413 
 797 964 995 431 56 192 610 
 809 837 390 672 887 938 696 
 259 42 560 862 820 24 418 
 669 874 541 212 321 403 423 
 718 944 246 884 549 43 520 
 197 422 370 378 911 970 678 
 200 406 239 6 920 48 308 
 918 526 601 914 987 554 460 
 316 879 542 589 421 764 152 
 423 259 947 957 936 
 287 706 528 350 441 527 84 
 384 526 751 231 669 377 300 
 363 165 75 586 187 192 426 
 89 634 914 298 40 227 36 
 398 77 399 338 396 295 994 
 798 140 24 749 231 863 699 
 362 352 879 57 889 114 859 
 715 677 233 151 231 414 904 
 708 842 452 844 949 58 568 
 48 925 73 115 342 161 641 
 171 545 210 922 344 658 902 
 388 683 881 355 461 329 263 
 379 505 330 557 909 780 213 
 382 106 433 664 749 570 48 
 697 951 650 610 108 958 350 
 636 378 331 974 181 566 89 
 171 215 847 769 670 871 456 
 905 748 605 294 300 803 970 
 438 847 691 533 108 705 885 
 315 339 904 661 58 600 923 
 671 548 989 467 347 748 870 
 424 95 673 573 709 897 69 
 414 124 417 357 962 15 936 
 143 492 563 427 597 494 5 
 646 11 544 937 473 289 109 
 167 978 825 206 12 936 248 
 323 993 155 765 926 30 69 
 507 789 725 617 869 322 670 
 813 750 149 686 632 855 917 
 222 372 661 176 908 290 55 
 296 964 216 83 825 581 148 
 123 348 307 389 250 326 408 
 870 242 6 210 17 760 272 
 98 309 326 588 274 103 838 
 686 139 330 423 51 825 167 
 658 520 256 394 881 
 675 891 914 876 462 529 422 
 323 655 854 64 530 776 194 
 259 928 63 468 76 454 222 
 804 274 144 712 787 996 605 
 632 299 239 846 993 598 996 
 360 404 280 363 321 13 83 
 346 725 429 654 588 6 318 
 293 977 596 384 879 889 578 
 526 689 425 780 935 558 849 
 130 558 123 123 134 913 420 
 908 445 225 793 607 391 246 
 654 62 742 192 653 704 273 
 789 603 537 853 837 949 76 
 728 223 608 57 221 98 811 
 831 319 996 902 560 46 138 
 991 959 34 331 169 274 90 
 461 563 359 715 604 945 168 
 706 694 932 391 680 840 986 
 752 840 438 350 328 489 981 
 710 257 708 465 103 794 381 
 501 136 176 377 70 920 560 
 844 86 672 400 175 9 585 
 712 556 913 564 180 617 874 
 612 102 142 981 859 221 927 
 621 894 248 80 195 522 80 
 467 594 36 361 498 202 746 
 599 606 701 34 664 268 123 
 942 718 186 565 44 313 997 
 891 94 37 431 423 783 129 
 235 566 561 891 65 82 334 
 331 512 8 693 334 718 482 
 984 544 112 164 447 30 554 
 607 46 400 462 160 191 186 
 861 854 832 756 638 389 747 
 103 945 677 583 478 867 577 
 769 462 463 73 90 
 926 377 287 207 212 497 33 
 828 477 633 483 886 970 88 
 66 218 427 538 385 536 340 
 653 763 735 323 772 533 264 
 197 706 593 818 827 501 290 
 848 416 632 738 548 934 295 
 413 482 750 592 612 765 412 
 102 129 954 284 644 53 622 
 824 356 51 192 652 309 258 
 582 7 918 989 720 386 181 
 91 711 837 686 749 244 318 
 461 211 408 961 490 981 751 
 278 606 499 187 222 969 323 
 369 227 514 293 374 434 211 
 984 744 225 138 323 932 296 
 504 307 235 522 551 752 500 
 528 14 550 943 722 372 684 
 255 661 885 326 805 450 328 
 18 603 356 956 964 264 935 
 334 371 13 561 364 992 249 
 802 791 522 736 547 442 531 
 276 376 772 824 65 564 832 
 587 74 977 367 456 557 157 
 114 865 727 803 673 34 95 
 694 106 724 107 494 715 282 
 230 728 999 869 60 359 16 
 376 434 333 224 186 249 288 
 551 31 636 36 404 638 774 
 244 132 584 741 432 491 438 
 596 990 397 351 204 688 363 
 827 568 617 615 891 130 575 
 702 220 129 455 641 568 887 
 99 697 91 308 36 989 926 
 621 488 734 926 298 809 748 
 825 530 324 600 454 103 756 
 385 625 497 106 59 
 337 547 445 931 826 7 497 
 91 513 499 545 366 363 288 
 316 506 461 294 297 753 897 
 194 738 301 45 698 674 982 
 699 294 21 310 968 831 748 
 791 966 804 285 834 743 313 
 733 454 672 174 117 401 98 
 696 461 162 927 826 243 211 
 520 185 161 367 473 394 90 
 159 329 340 51 964 315 966 
 569 932 710 910 454 517 956 
 358 763 234 981 343 828 641 
 441 707 895 760 744 124 66 
 571 170 317 359 766 189 932 
 329 962 601 828 355 778 53 
 252 85 587 328 33 174 742 
 271 572 824 852 674 460 262 
 606 437 570 366 234 182 462 
 782 212 867 189 920 370 25 
 607 701 989 501 25 435 609 
 227 807 174 115 376 751 231 
 301 719 126 48 556 565 148 
 163 764 302 110 125 799 164 
 495 286 378 115 862 565 868 
 565 950 134 757 566 399 867 
 3 327 512 659 564 843 857 
 540 410 187 673 850 409 793 
 653 61 753 735 963 948 180 
 638 874 956 175 541 10 639 
 353 656 411 564 741 868 214 
 842 55 11 453 164 656 836 
 995 483 257 16 667 7 985 
 484 505 91 879 458 963 555 
 359 510 918 534 716 441 320 
 555 585 296 17 341 728 825 
 593 391 934 370 456 
 942 933 34 303 889 168 636 
 225 185 811 680 633 784 322 
 336 418 763 542 106 257 103 
 783 762 811 613 605 285 70 
 597 877 197 968 699 900 312 
 897 76 588 663 794 831 457 
 503 267 812 890 433 750 862 
 832 162 228 447 736 362 746 
 632 552 861 91 205 804 740 
 101 586 694 249 131 680 527 
 124 845 757 831 63 130 15 
 342 4 649 959 888 826 354 
 805 67 50 703 575 272 356 
 977 81 723 207 525 795 155 
 109 331 253 183 827 578 747 
 487 433 829 745 182 566 420 
 541 856 481 402 367 88 23 
 898 906 238 575 696 63 562 
 127 104 109 731 629 706 395 
 982 133 616 481 120 85 926 
 98 298 353 22 690 951 680 
 789 303 799 571 970 449 760 
 425 560 200 241 44 504 442 
 639 408 344 610 267 953 689 
 927 962 890 555 610 338 453 
 288 845 925 606 43 523 888 
 461 360 388 760 743 832 589 
 833 52 347 993 702 751 980 
 914 839 983 946 485 781 656 
 268 97 871 737 706 805 139 
 915 572 148 35 782 771 34 
 925 539 817 460 400 497 826 
 393 48 361 463 298 184 936 
 110 611 954 824 731 46 384 
 325 332 964 23 592 431 275 
 305 941 405 989 783 
 989 307 94 160 579 860 796 
 877 111 288 732 480 612 859 
 585 927 305 254 459 357 426 
 717 72 547 628 557 742 985 
 59 188 516 934 668 133 211 
 552 977 98 784 229 504 833 
 159 894 290 674 350 222 108 
 261 543 422 495 910 707 286 
 112 766 830 51 111 616 703 
 51 320 80 507 937 460 756 
 231 680 748 352 730 978 570 
 994 676 662 944 826 17 203 
 309 991 571 120 835 753 99 
 703 322 147 229 876 858 508 
 654 129 43 10 903 647 220 
 981 343 276 837 828 153 376 
 693 435 507 709 659 767 729 
 465 222 327 781 293 3 267 
 904 227 361 961 836 170 62 
 67 625 385 159 506 636 485 
 794 144 271 866 868 385 451 
 939 658 311 70 882 632 480 
 620 398 946 960 358 223 78 
 326 677 19 102 864 117 918 
 278 53 691 291 626 942 108 
 406 685 155 194 581 665 495 
 840 929 825 547 568 280 32 
 708 585 56 888 140 777 788 
 602 904 692 646 920 935 330 
 536 604 717 570 106 991 106 
 361 11 360 615 648 544 266 
 513 320 661 388 789 703 527 
 608 586 480 885 715 653 716 
 738 598 807 354 283 17 462 
 919 152 570 710 246 61 440 
 70 462 198 515 242 
 550 413 231 212 889 202 757 
 193 106 566 448 69 990 736 
 223 974 307 52 936 969 316 
 800 839 855 658 484 920 685 
 74 667 603 710 137 398 256 
 480 215 259 183 673 950 80 
 289 912 602 722 412 388 405 
 516 985 989 209 376 685 540 
 149 254 833 851 404 872 194 
 308 936 401 480 130 810 177 
 975 314 750 362 583 672 999 
 847 180 112 912 569 341 75 
 943 745 92 878 943 269 994 
 689 196 195 889 309 317 199 
 238 194 696 740 852 587 288 
 804 386 99 759 567 407 324 
 532 797 427 739 684 916 517 
 628 312 648 540 583 321 702 
 687 328 318 183 347 200 722 
 109 703 309 254 486 609 209 
 49 715 214 149 177 239 756 
 292 729 128 280 736 664 432 
 86 181 245 688 988 166 261 
 505 942 475 864 442 815 944 
 846 176 412 52 861 889 584 
 526 271 623 87 543 198 997 
 404 184 223 115 105 858 23 
 825 129 199 904 469 943 76 
 153 509 413 371 9 331 508 
 866 314 531 438 805 446 366 
 501 796 338 212 313 908 885 
 651 84 559 838 90 382 523 
 752 140 823 555 751 917 120 
 279 128 630 160 460 658 152 
 95 219 78 106 93 619 455 
 763 832 958 289 911 
 527 419 700 993 882 505 286 
 428 837 727 945 42 496 308 
 329 672 648 369 427 568 812 
 648 983 869 743 843 284 948 
 720 260 53 223 259 376 975 
 192 701 234 192 543 258 441 
 79 636 502 441 485 748 805 
 394 55 435 708 851 488 206 
 420 565 81 670 138 391 768 
 371 119 860 625 342 312 142 
 671 308 909 41 856 219 730 
 79 140 135 15 367 796 714 
 143 165 899 285 571 608 997 
 137 181 270 1 595 732 799 
 736 939 658 308 363 307 166 
 598 878 152 242 966 118 266 
 909 80 804 972 574 646 958 
 34 733 829 10 861 577 234 
 530 520 809 155 221 87 780 
 925 652 741 190 753 800 402 
 969 493 451 30 439 356 285 
 776 929 925 923 534 921 348 
 990 426 223 267 409 296 543 
 382 889 659 653 601 898 104 
 925 338 869 705 540 701 147 
 2 110 52 808 841 230 515 
 24 319 240 13 867 25 951 
 928 600 461 445 433 66 133 
 421 287 437 742 866 984 230 
 405 990 510 958 982 673 751 
 69 644 976 112 934 383 577 
 471 695 385 760 730 109 542 
 811 523 513 295 165 352 580 
 758 757 820 852 614 980 184 
 308 922 969 303 588 274 292 
 755 374 405 837 331 
 355 306 282 993 617 452 490 
 901 814 232 61 276 617 176 
 663 238 61 821 648 402 436 
 767 85 50 245 124 245 597 
 198 753 475 1 624 428 86 
 757 548 861 577 543 145 872 
 291 419 579 476 967 126 778 
 817 994 261 952 611 662 368 
 48 121 296 974 311 20 267 
 384 100 927 139 101 70 595 
 489 689 274 984 138 556 169 
 59 534 635 515 698 720 664 
 46 776 891 131 525 337 79 
 566 57 948 702 113 208 588 
 345 58 791 933 193 842 97 
 870 47 40 141 315 547 182 
 680 400 165 701 816 37 748 
 473 172 844 393 700 524 275 
 891 620 36 497 9 772 599 
 379 906 3 101 908 172 174 
 917 790 742 678 505 163 598 
 570 100 322 458 26 237 90 
 207 353 8 888 427 64 960 
 816 603 266 54 589 699 203 
 136 81 297 607 435 483 336 
 300 46 68 926 887 484 783 
 100 688 631 292 353 844 317 
 131 989 638 20 8 998 677 
 228 676 589 971 105 141 605 
 331 69 850 169 720 255 497 
 754 846 758 261 771 849 324 
 272 669 911 699 340 970 262 
 312 378 2 325 169 974 215 
 331 343 681 753 58 476 804 
 559 642 908 140 92 821 691 
 51 814 702 178 928 
 326 168 377 468 153 655 291 
 68 824 105 597 741 465 571 
 476 899 259 75 984 408 381 
 33 141 60 348 532 796 137 
 430 630 883 692 961 343 89 
 226 266 498 775 224 839 330 
 279 920 12 474 254 765 814 
 551 434 949 56 54 218 90 
 865 117 791 191 530 586 485 
 834 80 813 10 246 894 503 
 171 901 592 960 193 679 615 
 393 255 86 39 302 104 173 
 26 201 690 900 387 590 141 
 341 650 250 858 235 891 834 
 827 80 868 646 15 155 26 
 530 521 339 747 336 181 510 
 961 791 555 511 283 697 775 
 236 59 312 286 403 807 566 
 536 8 769 542 902 40 341 
 398 898 882 253 761 425 978 
 735 414 98 453 1 595 787 
 84 602 263 511 145 728 826 
 106 650 337 741 344 176 954 
 721 873 590 712 264 310 50 
 90 253 807 62 923 700 892 
 708 57 170 776 930 80 883 
 532 283 875 253 993 273 822 
 944 235 531 391 266 589 883 
 238 707 561 236 449 949 781 
 510 673 530 812 369 353 619 
 473 851 59 572 364 74 147 
 665 314 456 937 446 519 937 
 191 721 875 526 118 225 92 
 15 945 979 201 234 430 736 
 234 70 584 927 344 798 670 
 308 56 550 361 477 
 415 535 599 945 101 867 867 
 744 529 583 945 112 400 571 
 362 812 668 530 124 181 590 
 818 846 190 524 643 894 864 
 857 816 268 219 847 303 50 
 167 477 559 98 405 328 806 
 22 88 107 928 885 803 686 
 687 770 226 208 157 172 151 
 661 18 662 515 301 511 484 
 833 906 238 314 104 271 863 
 964 889 24 635 741 211 966 
 878 633 486 576 912 401 494 
 472 936 457 204 378 708 755 
 27 517 114 98 143 95 814 
 198 14 931 930 482 491 345 
 967 975 727 553 590 590 206 
 560 100 832 338 662 145 302 
 82 277 184 743 201 297 716 
 61 86 432 886 526 647 32 
 984 836 692 995 385 219 220 
 36 767 445 259 143 606 200 
 678 114 242 706 476 396 910 
 210 796 721 402 30 14 603 
 534 211 19 976 90 73 316 
 654 929 682 700 943 953 822 
 516 36 3 656 394 827 594 
 838 112 57 502 291 910 997 
 637 524 623 346 526 645 644 
 754 78 481 67 746 559 891 
 973 162 228 440 802 393 20 
 136 861 91 337 33 439 786 
 32 138 61 461 422 304 24 
 299 855 74 64 21 926 213 
 64 903 227 927 880 173 280 
 491 981 413 610 361 24 89 
 216 27 713 320 260 
 992 337 737 364 457 442 151 
 896 461 552 723 377 820 540 
 733 270 885 220 584 101 568 
 636 200 644 371 19 60 741 
 493 141 139 939 572 787 113 
 839 543 981 726 553 387 411 
 699 247 326 839 819 782 413 
 58 59 524 894 696 905 450 
 453 549 910 802 502 508 932 
 204 455 27 932 831 291 160 
 664 578 918 442 76 960 620 
 488 491 245 944 258 389 148 
 934 201 586 580 983 511 829 
 822 527 246 897 647 928 633 
 436 629 293 844 46 19 670 
 941 415 709 758 592 516 130 
 694 644 496 949 711 374 578 
 970 354 369 906 297 975 202 
 443 852 136 444 152 359 843 
 545 158 773 42 236 333 293 
 267 439 941 62 429 71 818 
 207 257 16 424 317 205 314 
 822 563 655 337 186 555 470 
 566 39 455 640 423 32 30 
 986 918 804 583 3 660 255 
 423 472 660 997 507 701 343 
 646 468 32 35 847 261 310 
 955 486 181 642 364 347 420 
 313 749 446 832 239 308 629 
 989 527 536 691 983 620 258 
 959 271 643 987 738 727 348 
 20 78 869 85 543 678 144 
 613 473 450 599 361 908 383 
 978 88 989 272 527 102 995 
 151 965 531 747 994 229 546 
 619 173 622 913 484 
 43 637 523 470 844 14 662 
 251 85 102 517 235 35 956 
 838 579 485 747 89 308 356 
 585 109 268 516 948 578 400 
 399 65 342 140 790 956 104 
 216 735 815 622 91 45 418 
 847 875 106 407 344 652 916 
 811 783 164 699 675 577 464 
 766 300 772 529 841 728 499 
 732 263 754 477 140 151 25 
 572 880 784 340 655 388 507 
 729 246 120 805 182 417 131 
 546 595 407 701 344 230 631 
 159 665 204 801 500 998 496 
 153 251 331 813 913 539 815 
 195 339 750 896 708 969 553 
 216 860 390 657 778 90 160 
 916 978 752 291 554 248 4 
 447 947 123 20 885 437 725 
 804 828 716 778 455 542 744 
 367 351 489 389 341 989 966 
 301 179 127 643 773 685 724 
 57 322 174 864 654 842 126 
 704 288 698 523 541 285 91 
 137 593 229 107 530 890 333 
 956 732 713 114 40 349 362 
 985 432 143 769 401 22 75 
 208 725 448 86 995 147 217 
 663 792 269 71 484 919 611 
 151 199 942 277 456 996 17 
 201 193 560 907 561 316 856 
 655 962 791 950 917 980 294 
 213 949 413 755 55 245 852 
 329 771 587 525 139 168 113 
 650 743 407 491 532 265 59 
 794 836 881 690 150 
 12 413 385 557 524 636 538 
 158 974 488 284 45 121 336 
 6 52 213 144 739 701 867 
 778 292 265 810 336 608 280 
 289 545 100 631 296 87 867 
 618 245 298 452 519 351 703 
 982 558 180 526 324 842 83 
 654 889 921 57 944 338 770 
 140 670 406 539 416 290 902 
 312 653 590 164 579 814 63 
 941 535 999 337 221 538 454 
 361 991 325 246 804 338 445 
 203 426 595 279 561 874 396 
 973 570 61 504 411 164 882 
 947 72 991 980 115 246 775 
 973 50 728 150 801 326 638 
 446 611 550 169 769 904 469 
 670 745 205 500 901 47 833 
 673 287 4 34 938 954 16 
 129 679 68 702 541 259 560 
 492 72 544 523 828 435 733 
 910 308 90 961 825 69 567 
 844 100 765 80 771 836 53 
 463 63 535 451 317 162 417 
 973 615 849 155 793 892 151 
 334 471 819 999 170 155 423 
 663 231 308 975 70 32 895 
 535 284 27 592 305 692 513 
 637 385 986 85 715 188 27 
 87 613 14 313 654 856 652 
 508 911 127 376 760 216 407 
 326 24 619 386 433 526 898 
 301 504 471 111 704 437 632 
 401 152 827 51 854 527 685 
 792 211 166 470 860 548 431 
 380 330 876 173 164 
 764 468 512 36 167 563 563 
 651 721 937 564 769 708 764 
 749 517 80 175 735 650 402 
 502 682 689 167 185 452 437 
 278 684 423 913 856 643 561 
 337 240 205 394 755 811 56 
 680 780 414 414 602 122 786 
 690 382 917 856 397 155 372 
 212 847 197 273 332 878 300 
 876 77 896 372 360 601 312 
 979 167 11 986 300 63 846 
 663 206 153 48 495 467 757 
 227 306 737 696 293 548 691 
 648 884 76 421 469 411 899 
 801 392 235 981 669 657 338 
 473 457 241 620 128 761 699 
 492 911 7 940 641 940 981 
 484 449 458 973 516 614 893 
 265 294 354 85 257 682 716 
 842 984 334 88 644 502 667 
 248 495 564 568 717 176 801 
 263 355 619 838 674 391 968 
 403 163 98 89 16 525 842 
 500 932 46 749 601 613 729 
 461 619 268 261 370 526 150 
 376 530 684 433 25 753 199 
 733 848 344 390 590 606 503 
 961 27 523 91 954 104 259 
 326 801 644 248 169 438 674 
 903 913 284 687 386 484 354 
 40 16 739 145 185 238 277 
 29 229 588 591 107 281 224 
 989 407 999 898 871 290 564 
 644 668 597 656 736 471 209 
 744 47 108 258 309 293 417 
 224 187 190 364 571 
 33 654 713 969 931 747 936 
 41 465 499 96 988 333 853 
 853 49 703 169 459 509 57 
 614 136 389 177 176 947 739 
 594 926 222 930 265 612 348 
 58 64 325 772 961 365 166 
 72 656 8 690 598 665 87 
 874 884 465 297 761 49 498 
 668 248 312 373 966 550 748 
 241 670 229 570 958 169 69 
 848 264 812 194 769 357 116 
 548 286 773 862 18 116 196 
 536 574 303 720 52 822 394 
 571 264 584 44 792 383 306 
 41 557 901 973 494 429 4 
 680 210 458 50 3 508 925 
 871 34 113 894 783 485 563 
 417 155 242 896 158 848 122 
 959 327 484 907 18 352 84 
 675 476 160 928 983 546 169 
 905 511 834 825 271 618 732 
 823 141 40 771 404 121 347 
 649 495 12 212 13 47 142 
 128 422 837 711 695 844 617 
 582 424 755 770 409 639 806 
 634 241 961 118 15 723 733 
 8 650 573 10 79 13 687 
 248 238 838 77 256 923 654 
 406 435 316 649 750 891 939 
 611 227 603 178 735 970 752 
 309 414 968 868 937 881 991 
 599 432 448 270 732 178 278 
 488 148 626 210 495 405 126 
 791 305 232 796 350 423 269 
 212 664 740 247 938 197 556 
 935 592 979 568 209 
 86 912 260 585 49 934 663 
 620 459 522 941 766 712 266 
 598 326 612 481 996 75 150 
 181 847 357 461 915 264 532 
 588 511 120 737 775 517 622 
 606 810 222 442 55 942 676 
 637 325 259 524 69 318 37 
 806 578 646 902 734 601 867 
 230 192 339 908 909 501 173 
 575 60 520 190 477 167 623 
 147 30 955 530 649 771 927 
 933 407 312 845 965 506 485 
 429 460 637 217 421 420 894 
 422 354 197 346 843 629 408 
 500 987 263 463 415 688 738 
 546 441 904 317 315 620 747 
 101 132 979 210 363 717 137 
 183 802 600 745 315 165 1000 
 268 460 763 581 718 347 985 
 64 208 135 123 30 644 403 
 75 184 498 24 301 325 901 
 83 848 787 765 500 37 570 
 338 243 789 533 893 843 564 
 207 719 875 735 433 734 505 
 302 822 290 366 986 506 84 
 271 461 398 345 480 236 637 
 41 937 846 708 827 974 185 
 108 653 135 801 758 4 772 
 583 34 983 431 59 832 348 
 998 650 171 271 951 261 513 
 247 194 855 692 967 989 308 
 461 228 155 522 957 603 281 
 530 83 248 886 115 252 38 
 808 538 582 186 390 570 58 
 206 721 437 133 14 129 777 
 62 396 722 633 117 
 260 547 945 304 743 953 934 
 564 288 944 353 925 456 797 
 706 358 874 508 764 200 582 
 269 389 563 686 69 282 853 
 898 621 852 36 43 93 340 
 293 930 855 559 659 134 787 
 602 351 888 54 429 290 814 
 737 223 851 113 546 37 177 
 240 677 625 783 896 513 356 
 347 866 83 804 757 803 418 
 540 127 194 671 838 513 995 
 266 393 345 414 37 683 189 
 831 770 196 657 515 35 808 
 334 63 180 899 321 649 451 
 641 983 251 875 373 105 579 
 963 317 851 459 82 648 796 
 177 783 551 845 783 114 812 
 522 592 796 38 138 391 439 
 823 766 550 13 435 715 481 
 418 377 727 497 144 968 957 
 48 950 832 985 544 1000 749 
 675 337 325 884 828 646 571 
 266 49 118 834 65 794 60 
 467 442 849 254 270 770 507 
 397 646 997 184 545 582 946 
 330 658 824 939 151 878 105 
 771 7 557 774 422 381 806 
 708 690 125 368 155 198 41 
 577 920 823 491 822 709 517 
 266 750 649 583 318 759 270 
 227 42 805 727 195 27 374 
 774 872 828 799 135 584 247 
 604 997 911 100 778 352 935 
 337 789 988 223 933 552 624 
 461 973 792 235 227 498 607 
 655 234 393 9 514 
 497 616 224 448 764 25 760 
 403 69 520 970 813 867 701 
 177 20 181 600 86 707 125 
 463 868 31 996 129 787 384 
 562 520 77 123 154 352 761 
 250 70 626 299 51 64 23 
 816 49 204 149 571 988 734 
 836 41 665 479 957 732 545 
 335 230 865 675 441 288 130 
 73 673 101 875 635 702 754 
 781 574 104 785 229 833 656 
 251 186 421 202 967 888 923 
 787 229 831 618 18 321 450 
 319 264 489 585 716 863 149 
 278 196 988 489 7 715 68 
 364 440 672 760 413 174 263 
 648 475 420 8 905 361 245 
 666 566 75 166 302 479 915 
 561 819 972 706 304 92 80 
 912 104 99 46 313 466 868 
 412 885 856 338 42 294 675 
 410 513 504 991 753 939 154 
 883 174 198 735 42 263 528 
 667 236 676 490 13 441 230 
 404 641 106 918 404 450 183 
 581 166 50 248 647 723 650 
 485 590 609 376 100 215 589 
 883 485 575 499 152 207 100 
 554 18 785 28 720 275 480 
 653 48 501 812 345 478 822 
 281 200 398 95 310 2 488 
 548 255 739 412 673 746 629 
 365 201 371 476 271 526 769 
 220 776 831 189 331 320 964 
 30 326 408 379 934 116 836 
 440 218 460 768 630 
 180 784 323 185 544 479 46 
 79 432 483 699 441 728 23 
 102 149 921 310 788 377 830 
 635 670 711 688 404 388 892 
 362 318 545 807 651 423 570 
 105 839 525 438 200 109 994 
 485 971 934 692 432 758 146 
 606 612 43 67 729 878 964 
 270 872 765 195 829 574 962 
 181 765 223 457 426 688 585 
 717 974 674 217 404 165 524 
 901 247 104 587 573 544 642 
 533 16 161 505 497 55 809 
 933 107 572 605 82 706 249 
 184 213 618 817 962 960 952 
 551 826 910 569 967 771 93 
 49 289 928 390 189 943 623 
 622 200 754 414 994 85 305 
 33 757 137 597 542 601 22 
 29 535 942 14 429 477 94 
 78 93 900 852 359 98 771 
 576 163 679 112 827 227 33 
 374 107 123 181 781 910 42 
 859 917 798 995 447 2 161 
 21 547 446 749 922 821 578 
 429 890 74 371 558 981 968 
 684 321 747 220 535 70 676 
 184 131 701 654 890 820 316 
 33 637 141 239 148 96 110 
 211 446 880 653 561 36 855 
 382 306 110 201 835 223 943 
 602 410 221 136 482 569 211 
 292 43 818 507 265 48 6 
 98 356 533 43 352 857 342 
 253 206 741 273 590 787 411 
 419 109 876 88 804 
 31 503 832 354 329 742 61 
 933 376 28 291 775 559 737 
 156 810 342 885 68 695 946 
 478 499 962 369 345 150 774 
 490 314 166 410 862 933 723 
 192 849 288 312 442 783 142 
 342 563 38 452 844 678 767 
 361 854 538 812 248 825 816 
 689 629 527 66 170 25 15 
 499 424 293 474 574 314 992 
 717 944 685 881 50 268 892 
 923 733 82 366 636 231 351 
 139 4 549 692 108 357 141 
 206 852 647 725 952 595 745 
 844 650 348 526 501 847 859 
 885 752 858 545 287 223 766 
 315 870 544 264 422 226 751 
 245 83 555 528 523 450 582 
 704 608 847 751 602 757 623 
 179 136 521 370 98 415 484 
 165 903 960 738 686 831 608 
 515 671 619 831 396 358 86 
 857 456 851 612 607 109 782 
 81 842 806 947 229 181 900 
 176 305 407 411 360 50 915 
 965 839 56 408 761 100 501 
 974 25 341 886 464 327 918 
 515 946 589 823 111 135 662 
 944 646 212 880 366 57 337 
 246 18 930 301 752 262 456 
 23 1 903 954 380 812 496 
 427 155 334 29 987 946 913 
 754 983 911 997 142 317 54 
 391 316 282 373 551 931 503 
 656 594 803 479 541 885 246 
 745 568 700 647 558 
 95701 92517 94877 94095 100070 88564 93074 
 86207 96510 89523 93375 92684 93783 98779 
 94895 92071 97005 86318 89318 88846 96908 
 93488 89985 92294 91577 92279 99225 85780 
 89504 98153