 250 30 0 
 798 603 843 835 912 924 888 
 657 823 616 662 860 776 716 
 723 788 670 989 704 836 805 
 616 793 741 618 949 792 607 
 1045 952 648 535 548 606 759 
 561 626 827 923 799 824 834 
 780 675 698 974 690 1024 786 
 880 499 966 686 648 856 704 
 811 524 774 529 617 707 594 
 579 784 558 843 815 960 694 
 694 567 765 683 654 798 765 
 810 494 932 569 724 600 507 
 863 610 819 930 541 725 556 
 790 687 730 543 862 564 900 
 850 579 580 714 533 1055 611 
 849 939 744 820 528 705 835 
 725 830 888 596 627 868 842 
 893 638 583 786 711 528 719 
 696 994 917 655 971 969 509 
 692 611 726 743 590 818 975 
 892 976 714 769 736 989 503 
 892 990 953 1036 597 714 742 
 863 568 521 1038 638 496 712 
 617 876 531 757 822 538 968 
 1019 595 688 777 865 690 685 
 521 538 727 905 884 414 665 
 823 744 722 639 562 721 940 
 552 563 983 707 605 1077 477 
 943 974 743 817 724 917 1022 
 849 540 883 504 779 547 696 
 452 478 690 766 868 874 871 
 640 737 663 706 650 597 1012 
 916 745 818 888 731 530 823 
 550 581 520 464 915 952 872 
 876 912 850 738 684 982 483 
 847 956 840 925 736 
 923 224 238 330 818 393 33 
 568 475 495 110 490 535 387 
 238 153 918 373 715 943 431 
 134 825 960 205 8 516 220 
 542 335 101 918 538 668 883 
 356 536 901 612 693 688 182 
 425 660 680 478 802 999 607 
 89 430 637 484 33 640 195 
 564 51 83 429 164 650 324 
 717 21 111 482 917 945 699 
 566 100 422 682 818 970 18 
 360 555 827 345 152 814 750 
 422 744 980 931 552 606 941 
 374 744 929 262 806 795 776 
 826 28 476 115 689 692 70 
 35 883 668 924 698 691 831 
 834 762 299 641 71 78 780 
 920 65 842 402 800 431 700 
 705 146 916 304 218 393 345 
 741 364 677 727 928 186 227 
 23 724 528 506 250 462 293 
 126 575 642 639 59 864 735 
 290 137 91 59 38 538 609 
 215 172 172 321 432 102 567 
 890 466 273 573 490 93 747 
 189 401 981 644 942 93 539 
 447 779 644 445 637 811 211 
 293 470 317 801 908 710 678 
 955 309 473 714 454 97 662 
 556 54 30 389 750 264 391 
 16 511 33 905 986 816 38 
 243 683 861 760 27 567 963 
 285 896 530 981 584 987 939 
 775 483 917 851 479 690 487 
 316 671 215 179 441 251 660 
 70 866 514 77 50 
 412 855 257 77 794 420 789 
 107 70 539 327 812 789 13 
 978 133 310 870 230 447 753 
 503 101 946 767 497 486 696 
 821 521 193 897 320 745 775 
 290 135 545 207 348 283 567 
 856 694 672 460 338 138 488 
 178 987 623 284 566 98 172 
 514 505 573 176 180 558 987 
 465 806 707 401 779 6 960 
 69 772 561 665 396 505 594 
 988 132 899 577 769 592 759 
 853 556 623 984 713 755 540 
 861 864 648 227 82 320 374 
 312 919 879 899 375 947 273 
 658 419 919 156 77 559 569 
 210 237 694 95 228 473 723 
 624 838 184 248 440 151 887 
 616 652 981 529 395 584 586 
 361 756 321 297 824 715 566 
 550 208 524 876 297 629 260 
 902 537 390 615 745 103 879 
 651 561 914 979 490 30 420 
 948 162 140 319 722 476 989 
 186 133 631 878 96 3 98 
 732 655 681 275 413 35 914 
 146 350 238 919 949 904 385 
 164 354 417 711 95 606 220 
 862 895 504 624 4 704 756 
 17 938 88 985 392 147 49 
 506 659 572 261 637 85 873 
 306 661 108 156 523 647 893 
 204 586 270 487 590 862 743 
 81 790 417 237 405 348 462 
 826 297 311 613 42 402 51 
 487 39 15 922 728 
 91 150 643 670 210 185 692 
 30 483 334 9 217 962 97 
 562 73 535 730 422 662 660 
 695 962 942 218 199 39 416 
 472 12 271 95 560 197 158 
 63 50 670 176 721 892 185 
 213 551 96 288 543 158 132 
 714 384 62 464 785 588 291 
 690 573 930 713 457 667 249 
 241 939 451 68 997 575 300 
 934 877 162 191 892 600 786 
 614 469 618 524 35 282 112 
 845 112 956 604 667 306 706 
 880 218 381 696 453 653 374 
 871 73 130 978 919 705 740 
 305 324 636 303 218 515 316 
 526 406 291 563 348 868 740 
 817 836 751 713 959 841 970 
 428 707 909 158 886 961 690 
 185 363 798 626 439 687 468 
 87 357 835 108 506 34 181 
 239 684 124 427 482 974 916 
 653 597 120 665 701 203 932 
 565 96 639 936 585 938 738 
 837 537 211 815 747 399 859 
 234 81 929 310 36 734 834 
 408 680 640 680 823 979 479 
 507 283 525 33 545 7 922 
 948 417 524 31 709 574 489 
 860 59 895 925 463 186 289 
 400 458 241 827 589 874 179 
 581 880 127 277 488 150 786 
 236 851 17 698 436 874 49 
 404 360 719 9 933 966 742 
 647 409 774 882 529 10 189 
 586 80 752 950 720 
 838 139 43 943 790 712 958 
 962 656 927 586 188 345 505 
 161 476 780 666 812 484 850 
 218 116 205 603 803 659 701 
 738 458 401 932 770 182 704 
 857 363 257 790 391 970 337 
 446 79 755 438 333 540 472 
 225 109 9 567 185 500 482 
 652 557 202 645 395 288 461 
 79 644 960 356 326 541 364 
 949 146 208 569 767 306 601 
 227 351 176 582 156 539 156 
 340 294 999 273 301 224 235 
 73 860 299 145 290 20 553 
 496 861 203 594 666 266 138 
 262 165 350 410 657 468 839 
 502 538 947 342 154 522 469 
 329 534 668 877 219 147 161 
 254 652 818 809 323 87 975 
 265 958 753 425 663 961 730 
 221 359 494 555 912 523 583 
 398 273 995 621 435 928 522 
 881 193 249 308 835 822 782 
 185 670 508 455 851 856 404 
 323 559 643 920 748 261 21 
 306 619 335 863 269 633 299 
 343 871 417 721 934 291 438 
 91 25 648 15 672 536 508 
 453 47 712 750 449 571 329 
 502 981 675 191 109 561 270 
 369 779 146 705 916 948 762 
 577 124 154 122 551 207 314 
 751 870 322 886 287 237 431 
 117 243 164 77 940 354 369 
 935 11 729 697 392 168 4 
 477 99 707 619 938 
 476 302 524 950 853 427 45 
 683 131 787 951 725 397 26 
 504 571 111 580 809 800 962 
 253 242 54 777 19 839 495 
 972 220 467 724 645 671 542 
 706 916 932 80 87 699 3 
 947 39 617 333 930 399 54 
 412 731 414 3 411 814 855 
 919 565 490 400 632 55 380 
 695 224 772 815 225 436 965 
 98 363 931 973 524 164 43 
 317 504 560 931 540 480 45 
 871 484 283 683 999 685 79 
 751 959 43 557 380 204 838 
 959 837 468 229 233 861 898 
 482 370 235 252 363 338 502 
 237 950 697 748 632 577 315 
 659 211 373 397 564 152 745 
 790 450 282 141 565 558 620 
 621 447 543 609 729 149 380 
 299 511 671 282 332 808 692 
 268 670 450 164 277 379 499 
 747 543 195 288 462 577 249 
 137 435 858 749 605 58 904 
 935 796 37 647 792 136 33 
 258 977 323 522 571 384 199 
 216 571 958 583 643 312 321 
 761 319 577 370 393 647 435 
 566 140 515 513 221 873 418 
 772 428 575 383 400 403 190 
 219 779 726 647 677 644 108 
 795 571 255 849 748 695 267 
 540 661 187 599 31 147 323 
 776 674 800 652 948 615 964 
 968 907 707 914 791 235 665 
 883 652 440 622 877 
 533 141 116 169 56 301 591 
 735 85 192 889 346 880 639 
 438 67 307 822 848 398 397 
 659 920 647 221 203 256 723 
 69 439 763 758 199 193 9 
 599 920 713 756 893 278 973 
 204 720 875 652 594 504 695 
 962 407 542 175 769 242 956 
 471 939 36 550 680 730 660 
 245 754 859 432 183 472 766 
 434 688 751 623 287 982 428 
 674 86 360 872 928 357 484 
 860 723 506 755 244 83 628 
 941 133 935 840 491 590 275 
 842 329 953 100 426 160 158 
 276 770 644 715 862 561 762 
 101 664 777 648 373 547 16 
 602 683 268 904 271 668 520 
 535 832 611 730 479 172 193 
 660 467 156 668 294 70 178 
 736 217 67 951 856 339 835 
 953 994 336 939 937 446 813 
 57 182 349 788 146 947 393 
 270 902 881 153 228 462 709 
 889 956 618 87 923 580 821 
 47 119 575 181 512 363 794 
 611 81 164 190 63 272 368 
 811 937 166 792 97 919 584 
 153 126 946 194 709 998 935 
 140 228 558 206 354 84 454 
 316 772 712 162 73 2 140 
 399 681 710 277 270 643 694 
 104 866 659 744 337 513 159 
 637 688 308 788 600 266 366 
 238 519 917 439 226 910 97 
 750 228 548 495 56 
 455 855 219 683 864 390 601 
 689 497 18 209 389 206 940 
 130 303 729 229 943 295 406 
 535 764 522 214 598 470 712 
 685 678 486 2 714 404 396 
 572 673 220 67 598 129 94 
 401 522 662 887 850 781 399 
 585 825 166 62 113 511 312 
 601 540 375 735 683 233 415 
 300 105 245 439 600 237 33 
 726 82 805 923 601 57 968 
 680 338 232 150 188 306 180 
 493 775 487 407 794 167 180 
 347 398 237 259 397 525 297 
 35 199 428 93 545 620 786 
 955 624 904 35 93 361 903 
 957 591 136 306 387 223 300 
 865 682 712 149 684 407 289 
 274 504 421 746 465 409 55 
 239 470 539 122 899 648 353 
 104 86 590 658 276 842 125 
 351 137 505 230 661 472 599 
 601 883 453 406 156 746 329 
 501 370 807 22 496 652 466 
 412 734 672 227 654 965 747 
 122 116 789 511 963 230 87 
 69 459 925 587 218 686 217 
 716 809 172 730 45 284 575 
 472 768 754 406 809 162 591 
 654 566 448 758 301 36 472 
 824 558 627 775 585 380 280 
 397 574 911 10 995 185 287 
 495 48 264 435 645 302 650 
 824 712 688 591 139 351 600 
 761 733 380 962 950 929 687 
 561 986 766 401 245 
 303 445 81 130 372 586 441 
 751 799 946 254 763 650 641 
 610 312 518 952 457 900 866 
 801 277 131 674 171 170 15 
 992 347 633 915 627 248 309 
 426 274 717 7 586 663 741 
 642 695 883 464 238 761 277 
 207 269 709 931 417 407 45 
 836 915 5 887 531 610 103 
 382 436 49 279 298 699 248 
 346 784 529 754 322 521 846 
 357 653 796 901 87 266 267 
 18 877 697 334 636 171 56 
 506 42 427 28 422 136 486 
 742 43 966 276 465 842 893 
 763 205 11 849 72 694 672 
 12 848 937 926 704 238 931 
 823 402 251 49 919 639 430 
 871 773 568 201 546 837 373 
 743 621 984 611 78 676 650 
 877 49 449 447 827 51 97 
 685 773 170 374 671 750 233 
 187 215 713 636 649 505 860 
 673 548 272 191 355 853 465 
 899 389 446 969 426 417 863 
 135 690 94 267 425 449 107 
 609 231 728 575 67 898 327 
 52 161 883 268 454 931 515 
 899 503 289 806 332 152 699 
 678 432 527 359 17 537 451 
 134 673 468 400 5 887 440 
 803 923 656 827 605 992 203 
 408 936 352 919 723 267 306 
 487 544 661 788 138 111 419 
 450 636 128 897 554 839 310 
 858 713 519 581 751 
 155 216 763 681 813 256 720 
 48 634 948 861 647 295 555 
 62 54 464 516 583 53 127 
 569 119 280 784 441 895 207 
 437 574 977 555 634 259 128 
 352 8 867 540 557 698 945 
 490 868 273 19 5 233 344 
 470 15 613 7 352 222 288 
 711 879 887 401 130 157 811 
 189 329 576 427 376 50 587 
 260 534 703 903 995 609 431 
 687 87 248 819 694 249 972 
 649 320 277 146 232 739 925 
 79 832 708 322 934 910 841 
 674 739 194 234 632 894 442 
 926 270 470 122 94 611 146 
 74 300 636 920 469 538 484 
 685 34 411 627 801 365 394 
 416 447 452 604 22 344 481 
 422 535 618 106 997 652 739 
 873 42 776 352 300 818 736 
 243 900 870 634 40 582 471 
 584 119 804 416 515 615 425 
 65 671 551 966 959 443 763 
 591 517 989 696 836 592 839 
 56 553 118 852 644 157 372 
 113 653 435 377 363 737 306 
 934 244 238 237 306 797 408 
 793 687 651 154 658 998 569 
 5 644 75 417 60 58 184 
 730 748 9 667 895 804 322 
 695 742 816 282 675 980 580 
 464 749 248 651 355 244 350 
 758 770 831 424 323 17 777 
 252 235 974 954 392 169 7 
 108 854 843 674 642 
 7 506 457 560 529 354 83 
 770 152 241 596 462 790 311 
 560 289 330 225 690 323 913 
 989 862 938 303 445 720 78 
 916 428 555 313 655 577 345 
 77 756 967 470 555 77 56 
 11 743 345 157 755 524 271 
 511 415 529 328 338 449 64 
 136 799 571 923 139 53 430 
 685 159 789 242 673 653 738 
 704 238 871 666 112 677 984 
 944 91 336 438 133 33 10 
 17 603 864 838 609 679 929 
 785 401 288 234 614 733 588 
 459 597 36 757 497 300 285 
 630 964 193 804 625 169 172 
 305 36 631 111 860 406 170 
 482 579 453 785 72 479 469 
 1000 836 266 647 396 593 81 
 952 730 332 353 661 182 642 
 723 991 757 825 247 546 849 
 208 865 981 832 797 718 945 
 611 154 973 842 231 502 462 
 23 702 133 92 321 450 879 
 546 925 631 713 254 906 22 
 966 687 521 880 172 328 95 
 481 462 602 668 968 965 75 
 889 296 341 161 763 808 720 
 197 938 642 61 615 280 494 
 286 37 538 68 221 723 200 
 700 372 977 356 917 574 551 
 589 895 401 570 464 266 265 
 483 835 2 355 116 177 921 
 878 986 37 275 41 304 895 
 168 252 961 511 299 208 828 
 677 341 573 165 364 
 289 392 904 729 845 529 756 
 431 518 837 464 256 72 745 
 825 196 191 153 879 290 761 
 907 219 142 992 575 256 808 
 888 547 948 337 293 360 581 
 147 442 806 52 664 441 928 
 915 695 814 191 277 981 546 
 63 946 873 152 916 287 166 
 105 866 535 575 95 999 916 
 308 836 994 931 791 560 647 
 651 332 645 650 268 852 267 
 159 231 768 194 707 49 566 
 116 653 470 110 518 505 224 
 337 897 10 61 534 165 477 
 177 499 712 182 577 229 249 
 291 146 392 184 402 549 390 
 242 284 92 200 829 70 977 
 726 663 411 778 294 167 844 
 582 189 776 794 903 489 737 
 257 293 298 694 173 71 284 
 556 392 768 670 111 491 266 
 839 868 73 830 454 221 2 
 15 254 944 108 961 675 254 
 121 749 744 948 297 545 171 
 972 574 617 103 472 409 472 
 48 12 56 197 156 976 140 
 190 886 192 723 805 26 668 
 59 813 543 430 201 482 856 
 288 605 747 473 321 574 257 
 729 955 684 453 956 934 434 
 331 662 66 935 265 607 359 
 521 149 792 716 601 569 337 
 457 508 232 489 638 670 597 
 978 71 751 752 114 966 794 
 175 50 887 882 174 404 449 
 700 471 119 58 66 
 640 274 560 749 566 522 735 
 8 717 611 741 788 461 920 
 30 407 292 515 328 427 918 
 603 967 616 660 504 142 857 
 664 152 642 599 764 799 447 
 632 189 17 982 701 251 495 
 349 974 989 754 861 414 358 
 795 338 455 866 414 516 883 
 783 690 24 175 211 353 246 
 88 530 464 185 330 492 429 
 240 852 504 252 775 286 267 
 88 476 606 558 585 923 93 
 947 435 201 196 357 456 680 
 605 458 826 327 228 378 739 
 286 730 276 824 493 685 509 
 834 570 729 360 754 572 309 
 92 127 411 205 600 306 931 
 563 863 140 325 909 724 364 
 356 284 804 866 968 905 318 
 418 884 992 891 729 151 426 
 844 273 165 420 520 733 835 
 537 707 123 709 487 838 684 
 879 796 536 213 126 712 896 
 691 540 39 368 953 733 292 
 864 33 405 375 735 852 517 
 794 762 249 858 711 123 439 
 548 274 944 802 127 557 168 
 543 140 535 638 136 20 196 
 155 791 217 370 773 843 317 
 457 793 387 215 552 562 901 
 81 1000 447 492 482 186 670 
 45 788 430 867 745 294 506 
 70 657 823 319 151 282 295 
 506 18 165 574 432 986 766 
 392 846 792 679 735 787 257 
 212 863 287 400 806 
 519 232 856 667 197 641 127 
 316 534 1 268 700 712 243 
 431 9 264 707 26 261 666 
 556 915 417 989 106 103 750 
 594 602 806 243 375 659 568 
 542 776 683 571 715 673 481 
 930 772 227 391 596 222 180 
 803 369 136 277 825 989 251 
 946 99 978 410 827 955 224 
 894 45 590 412 128 744 945 
 753 60 622 576 768 683 153 
 19 529 261 209 656 143 576 
 408 62 429 691 342 326 155 
 953 267 666 46 598 688 482 
 842 803 596 699 384 329 472 
 518 160 303 353 930 301 580 
 944 545 524 452 867 939 10 
 18 82 460 112 129 937 550 
 791 499 329 207 683 702 149 
 480 306 641 476 955 153 426 
 475 722 114 781 144 399 591 
 860 943 391 102 817 469 53 
 306 308 110 920 341 813 927 
 748 39 113 466 858 413 117 
 756 110 610 67 184 956 223 
 463 970 794 706 584 11 83 
 431 47 280 537 633 385 609 
 656 631 597 610 274 526 548 
 163 894 498 715 672 624 301 
 698 232 991 315 370 517 417 
 436 328 928 943 550 972 154 
 759 37 640 811 829 492 977 
 907 761 432 440 641 383 178 
 5 679 249 736 943 617 684 
 600 246 746 605 556 253 637 
 698 140 392 132 144 
 366 578 875 544 582 619 281 
 601 21 675 852 683 195 322 
 937 152 173 419 894 387 948 
 443 88 806 123 742 99 37 
 239 716 957 300 516 389 745 
 169 451 26 597 601 837 367 
 298 347 582 610 239 846 842 
 892 396 948 521 386 839 116 
 98 99 825 912 480 886 541 
 946 55 955 382 335 941 542 
 350 914 328 11 502 727 803 
 117 80 259 417 124 245 782 
 141 802 768 278 719 316 111 
 306 551 224 429 916 527 379 
 601 403 18 816 276 803 990 
 95 997 438 378 163 357 431 
 848 26 113 498 458 259 506 
 381 435 609 38 468 572 817 
 565 223 987 149 163 765 547 
 30 208 485 991 28 177 825 
 955 141 597 513 528 734 223 
 968 710 629 622 696 438 115 
 470 838 719 826 132 230 469 
 281 219 77 912 514 914 752 
 10 208 914 496 470 514 32 
 610 593 305 47 631 498 856 
 83 72 361 656 589 192 760 
 785 642 943 676 176 634 722 
 162 595 97 276 169 421 631 
 322 59 282 295 401 619 785 
 146 352 550 957 794 773 578 
 282 830 265 359 464 80 483 
 591 457 591 117 167 977 93 
 680 98 442 304 440 378 589 
 418 447 462 608 559 563 882 
 19 58 943 978 960 
 942 826 468 541 829 385 175 
 667 59 941 928 132 407 861 
 407 199 462 250 211 579 136 
 956 186 429 183 959 174 970 
 579 605 121 882 695 138 934 
 698 905 299 597 576 788 604 
 501 141 710 971 142 613 881 
 879 470 773 49 552 63 128 
 161 429 930 506 998 432 78 
 161 409 731 967 222 29 982 
 231 872 853 544 838 155 379 
 433 864 522 423 488 890 458 
 462 434 341 738 422 429 14 
 699 890 440 363 364 955 395 
 830 706 321 381 199 465 804 
 697 714 862 885 624 342 688 
 434 501 801 762 310 219 780 
 513 213 143 650 157 928 292 
 767 746 221 650 682 812 68 
 782 899 421 281 264 267 790 
 404 800 86 630 346 301 657 
 421 233 634 347 863 30 554 
 117 329 487 837 522 21 880 
 50 277 46 958 122 100 563 
 709 477 224 307 281 792 817 
 20 606 610 740 171 736 825 
 452 187 458 839 593 966 648 
 731 835 589 923 409 189 215 
 616 449 154 99 759 760 208 
 317 491 153 999 450 215 337 
 456 125 27 278 549 573 329 
 973 845 660 586 45 660 536 
 359 39 891 431 297 994 549 
 693 959 104 133 333 715 475 
 536 41 724 197 806 697 713 
 897 1000 797 26 197 
 1000 539 414 500 155 175 979 
 518 144 414 962 798 589 1 
 318 998 574 634 264 301 380 
 759 165 860 383 377 570 700 
 211 556 485 479 780 108 179 
 160 458 971 896 916 138 653 
 970 621 714 832 932 658 626 
 876 155 520 619 102 427 799 
 137 956 7 349 496 536 426 
 587 495 869 561 273 215 611 
 469 569 354 10 313 262 412 
 912 376 100 818 251 499 204 
 157 949 413 982 149 66 671 
 853 445 347 587 480 51 704 
 945 662 515 239 378 79 400 
 655 456 242 610 499 314 67 
 503 23 649 233 34 404 44 
 640 787 412 539 171 91 284 
 21 687 246 564 578 568 190 
 920 88 540 244 59 959 889 
 214 464 427 336 855 297 52 
 670 105 28 559 734 315 233 
 58 72 746 867 802 232 705 
 401 413 110 281 404 78 81 
 678 767 852 715 871 672 714 
 642 947 480 396 692 900 299 
 214 24 357 144 309 276 627 
 1 321 634 644 80 801 57 
 802 437 917 789 854 393 570 
 343 204 905 656 290 675 52 
 698 122 921 923 586 765 593 
 531 307 78 228 884 451 910 
 639 231 263 289 50 146 652 
 322 52 395 942 278 815 173 
 588 312 295 565 213 434 418 
 755 267 174 367 386 
 468 424 254 798 688 340 394 
 328 718 798 225 419 652 61 
 608 763 970 671 742 635 326 
 4 655 411 62 674 613 643 
 632 803 78 235 377 671 153 
 318 470 771 901 378 22 991 
 39 528 68 121 522 867 54 
 555 307 675 775 389 731 751 
 300 74 708 588 841 395 488 
 215 785 526 812 404 863 708 
 584 997 664 157 180 737 373 
 180 81 74 65 74 268 133 
 854 60 555 119 152 980 109 
 580 143 263 716 767 845 339 
 865 472 411 223 155 873 603 
 464 311 463 518 647 703 129 
 203 788 130 769 268 568 55 
 589 473 614 737 765 497 911 
 473 866 412 575 455 395 977 
 651 454 231 896 959 74 881 
 543 426 162 310 909 832 374 
 800 273 731 983 840 824 616 
 721 510 487 642 833 632 207 
 882 398 500 210 57 913 133 
 534 571 84 783 737 916 828 
 739 487 63 686 897 139 627 
 219 321 932 204 395 871 410 
 258 226 186 117 251 253 35 
 540 769 323 485 214 108 932 
 953 707 854 659 839 943 145 
 267 652 460 368 466 318 621 
 776 840 592 650 588 142 22 
 502 787 326 704 186 915 838 
 494 495 257 420 632 614 632 
 745 874 920 389 757 881 612 
 28 790 729 724 76 
 112 874 606 427 499 638 819 
 546 127 899 914 46 433 904 
 642 356 858 978 865 209 764 
 412 223 524 308 320 986 477 
 613 217 168 34 11 603 998 
 365 970 441 459 391 914 236 
 276 819 979 836 782 386 1000 
 841 421 810 221 862 598 390 
 744 162 526 83 953 54 818 
 384 777 125 27 955 427 71 
 519 603 149 484 609 313 638 
 945 747 910 876 292 793 619 
 516 166 421 938 937 54 729 
 944 184 48 705 815 161 935 
 748 85 30 544 422 878 41 
 634 32 178 232 958 770 670 
 423 91 45 387 105 878 3 
 537 430 564 339 954 276 847 
 29 358 357 290 698 834 300 
 948 601 719 7 134 985 788 
 642 213 18 523 626 918 490 
 60 340 853 824 667 513 484 
 954 738 555 940 623 695 68 
 364 268 547 651 140 583 584 
 437 584 157 783 876 813 524 
 972 371 910 991 379 629 251 
 765 456 449 526 425 951 942 
 581 791 383 206 255 563 600 
 20 351 369 270 236 809 788 
 69 535 471 791 867 595 193 
 733 123 276 841 641 143 477 
 627 613 746 485 404 932 865 
 658 281 542 864 6 117 54 
 228 980 87 436 276 577 433 
 956 238 674 513 915 490 409 
 925 133 617 583 873 
 704 539 288 345 918 459 58 
 452 645 476 571 278 438 784 
 525 388 912 836 555 557 322 
 229 960 373 522 785 748 881 
 392 645 189 346 434 474 583 
 106 254 134 476 463 169 300 
 730 514 258 147 167 599 573 
 679 381 234 593 865 781 198 
 321 503 677 924 971 644 233 
 813 554 494 962 304 611 738 
 497 467 889 767 859 810 113 
 636 946 832 334 227 791 464 
 178 282 441 330 401 174 331 
 342 285 142 89 194 368 272 
 377 556 598 462 682 302 902 
 502 229 221 540 525 110 887 
 120 401 417 15 348 264 756 
 875 97 820 280 728 990 547 
 414 634 429 512 68 317 454 
 451 29 34 319 929 170 411 
 10 124 650 485 181 920 482 
 32 848 778 445 320 833 497 
 682 976 607 146 537 267 912 
 645 475 883 355 657 819 342 
 573 735 368 44 628 465 304 
 105 781 465 500 962 285 833 
 46 609 514 991 755 360 591 
 644 296 79 938 904 789 86 
 878 983 4 202 111 802 873 
 928 665 390 479 610 967 516 
 182 788 436 157 230 678 131 
 884 841 919 799 857 740 581 
 482 481 636 599 766 910 48 
 974 165 111 91 872 97 153 
 862 323 339 281 527 104 780 
 286 716 847 461 952 
 414 301 254 480 661 437 769 
 599 927 932 932 334 391 475 
 56 841 255 826 229 426 351 
 17 50 999 897 806 662 939 
 434 661 527 541 1000 922 149 
 322 291 768 110 747 237 367 
 223 31 913 976 816 430 726 
 744 141 459 48 925 499 871 
 778 628 129 949 750 118 441 
 721 256 575 843 375 374 148 
 529 909 432 559 352 656 542 
 668 331 583 454 953 471 146 
 571 968 175 432 716 844 629 
 795 545 140 564 596 430 354 
 97 206 398 843 443 332 270 
 932 734 977 342 969 740 36 
 984 317 870 799 974 985 581 
 644 917 565 11 70 444 870 
 344 232 898 661 838 568 754 
 804 443 529 104 287 418 180 
 193 751 728 252 220 541 543 
 76 826 40 237 800 110 742 
 58 14 973 605 476 259 92 
 967 930 325 884 439 514 740 
 879 958 155 559 879 268 537 
 728 194 863 708 279 135 885 
 984 623 456 98 955 979 245 
 399 208 270 340 584 870 452 
 667 844 351 5 897 587 97 
 291 695 538 191 688 226 901 
 213 361 653 960 214 935 169 
 494 53 732 972 926 573 656 
 26 129 89 343 726 804 739 
 323 823 421 29 968 915 495 
 961 619 300 806 537 617 876 
 162 566 217 594 796 
 873 154 218 385 386 771 662 
 56 420 499 663 326 709 263 
 377 780 206 757 17 765 975 
 810 456 802 864 760 508 842 
 232 285 131 706 334 4 183 
 592 552 764 888 359 630 75 
 516 337 381 352 711 753 981 
 11 995 428 842 741 398 418 
 779 614 229 272 725 451 76 
 538 60 460 579 891 686 518 
 632 869 120 565 375 223 124 
 383 729 570 177 193 47 250 
 26 459 349 788 34 419 695 
 412 804 986 317 371 772 504 
 94 475 492 175 485 258 225 
 418 230 288 858 412 535 465 
 251 649 814 224 701 973 431 
 354 779 990 306 214 549 962 
 334 894 661 840 160 830 691 
 912 97 735 681 658 586 826 
 54 527 521 277 826 601 217 
 727 366 323 122 859 872 864 
 902 783 289 717 967 97 552 
 750 112 830 91 633 242 346 
 929 956 924 287 432 543 207 
 918 463 922 382 894 602 581 
 496 887 265 849 834 677 208 
 545 647 278 972 160 872 34 
 211 273 290 445 504 633 698 
 342 336 773 704 372 121 363 
 414 13 707 10 447 94 381 
 472 664 146 201 311 168 108 
 314 646 495 994 195 497 967 
 223 415 121 573 351 288 329 
 950 160 160 557 393 596 297 
 675 537 209 45 374 
 695 429 20 606 913 259 905 
 898 316 415 132 1 595 944 
 301 731 493 362 429 50 311 
 176 109 248 607 76 307 671 
 844 727 480 307 670 383 898 
 520 393 779 242 482 881 223 
 733 976 84 176 739 424 538 
 111 921 41 909 318 431 827 
 624 108 921 55 881 56 78 
 902 615 390 154 170 946 484 
 756 383 940 36 190 647 475 
 560 704 40 604 791 708 670 
 294 625 991 103 916 499 108 
 915 448 604 168 208 992 220 
 125 407 498 335 975 928 759 
 157 784 198 632 806 340 66 
 258 816 516 800 844 673 52 
 228 235 819 155 835 242 619 
 477 385 242 864 698 877 107 
 523 668 862 808 578 43 380 
 547 468 192 335 814 988 628 
 561 989 575 582 466 541 252 
 135 430 781 421 366 240 550 
 2 777 189 187 384 234 273 
 768 747 814 907 36 633 508 
 95 327 98 338 342 594 585 
 414 32 769 508 903 45 946 
 403 666 926 306 770 819 519 
 979 22 706 665 599 569 961 
 752 43 229 399 473 293 627 
 262 34 580 729 84 951 601 
 917 331 288 977 28 841 779 
 647 456 832 234 315 917 587 
 653 701 403 901 158 104 257 
 681 711 719 973 32 787 457 
 102 759 198 155 566 
 612 798 705 600 756 479 685 
 109 839 735 923 550 14 270 
 682 992 833 163 347 787 803 
 926 55 530 601 18 98 640 
 311 327 65 462 722 712 556 
 423 979 585 972 696 184 454 
 355 544 290 891 662 75 974 
 232 492 197 148 425 491 841 
 401 638 271 583 477 304 937 
 536 420 126 81 945 709 842 
 108 337 692 318 523 522 887 
 774 969 841 395 165 923 702 
 268 318 733 906 719 825 32 
 780 464 441 53 705 482 239 
 424 919 314 337 597 912 810 
 984 163 487 446 357 907 171 
 880 721 775 822 348 670 155 
 181 91 17 565 78 577 3 
 507 43 541 676 552 632 331 
 271 454 221 698 908 139 740 
 238 656 292 98 70 925 386 
 150 276 889 878 810 606 382 
 414 468 591 830 300 612 172 
 93 331 748 231 260 673 753 
 837 42 675 890 8 105 844 
 413 317 832 610 884 339 30 
 998 394 367 658 946 713 682 
 410 177 630 576 178 447 931 
 350 568 221 682 259 297 587 
 618 595 14 98 292 595 996 
 737 226 225 262 124 452 567 
 770 195 178 659 111 624 536 
 200 346 950 989 497 34 274 
 410 779 922 282 443 80 808 
 728 671 363 695 805 751 791 
 400 766 728 645 449 
 944 1000 33 948 106 691 44 
 278 710 498 112 683 519 24 
 461 124 762 957 638 326 452 
 870 626 777 824 339 60 142 
 253 654 362 918 176 460 717 
 281 295 677 125 685 265 643 
 34 419 86 764 994 144 922 
 288 382 985 432 434 715 52 
 784 174 993 830 49 582 725 
 128 165 837 790 424 839 1000 
 10 8 437 375 39 489 613 
 631 9 182 713 173 127 921 
 570 362 435 590 878 49 949 
 689 666 89 294 599 77 787 
 733 495 898 619 588 951 179 
 22 840 790 413 776 227 6 
 448 650 553 309 980 574 684 
 728 586 290 152 518 55 438 
 718 581 370 502 961 31 303 
 950 994 482 803 448 12 402 
 847 806 919 111 336 833 509 
 278 516 214 142 65 284 67 
 835 838 146 349 124 48 930 
 478 755 215 400 329 149 600 
 213 358 68 213 945 787 374 
 258 103 137 10 300 243 578 
 504 466 404 851 325 513 842 
 462 193 777 934 356 402 344 
 508 316 828 498 673 758 455 
 526 484 471 662 935 910 586 
 777 263 737 722 18 291 506 
 954 119 750 327 873 156 39 
 454 7 750 362 923 392 752 
 168 271 498 254 526 216 64 
 410 965 206 740 161 398 246 
 87 485 395 510 225 
 649 478 920 135 30 371 619 
 679 120 557 916 260 496 401 
 223 729 480 812 869 928 792 
 829 101 232 147 586 299 336 
 720 900 928 118 513 897 991 
 486 614 37 683 924 999 168 
 201 776 652 646 105 907 781 
 793 915 413 232 343 996 301 
 190 587 630 821 324 955 96 
 163 713 463 114 856 261 333 
 31 366 276 244 768 788 365 
 455 317 865 278 597 34 793 
 475 50 187 723 610 576 415 
 582 216 443 14 655 649 903 
 307 628 106 818 335 934 238 
 17 818 296 794 107 618 433 
 186 392 114 332 816 991 562 
 578 200 74 880 652 100 274 
 969 34 424 898 864 874 69 
 781 931 930 342 62 760 293 
 420 843 130 821 426 65 323 
 908 800 6 832 322 615 249 
 152 677 697 857 147 741 774 
 239 522 123 87 77 978 892 
 747 908 512 689 970 471 564 
 540 85 849 733 162 290 126 
 607 412 680 380 639 67 279 
 96 787 590 604 832 529 821 
 951 988 462 267 478 123 435 
 86 261 527 991 174 652 87 
 231 423 934 721 318 214 922 
 164 188 149 900 158 792 703 
 986 763 574 410 166 128 262 
 735 493 226 401 771 356 578 
 844 843 782 309 843 402 165 
 348 757 562 734 177 
 929 939 171 12 355 735 926 
 464 319 713 323 73 849 121 
 923 82 954 25 871 921 148 
 276 531 849 640 107 198 602 
 307 431 211 570 125 678 713 
 50 333 950 299 249 941 314 
 30 897 289 552 294 971 686 
 278 743 883 749 272 660 531 
 365 394 802 337 482 869 82 
 216 623 524 472 231 100 916 
 678 308 824 182 216 6 5 
 923 70 284 861 420 620 521 
 624 934 24 453 275 880 528 
 674 848 925 10 563 409 327 
 408 780 233 810 809 17 560 
 43 57 465 244 276 348 295 
 487 26 541 459 878 209 488 
 661 603 867 713 229 103 557 
 827 938 745 158 32 649 828 
 806 300 330 252 243 280 673 
 151 419 159 153 316 128 490 
 745 669 806 475 316 787 813 
 476 113 301 727 998 87 336 
 777 641 53 110 458 998 77 
 446 653 933 991 927 998 703 
 429 540 214 539 994 286 350 
 650 225 244 397 258 703 859 
 2 922 631 166 865 545 242 
 197 389 615 43 197 761 313 
 579 666 735 581 265 863 460 
 314 319 609 930 76 309 135 
 523 746 406 250 22 936 773 
 124 92 379 653 730 991 264 
 51 1000 583 267 556 289 420 
 329 990 428 963 452 328 110 
 545 218 368 594 248 
 948 360 840 196 239 431 144 
 748 325 833 12 33 760 646 
 865 520 196 76 76 151 114 
 812 661 42 611 892 621 195 
 939 617 966 850 889 731 590 
 74 504 334 603 416 815 748 
 173 817 320 180 7 427 515 
 320 899 863 272 514 656 473 
 767 148 101 256 39 618 339 
 763 144 184 284 746 498 394 
 85 64 833 935 700 489 327 
 189 617 383 960 435 990 565 
 844 601 23 416 446 496 800 
 640 487 344 9 410 74 878 
 834 603 229 866 686 348 917 
 122 673 264 798 552 96 622 
 284 595 173 799 733 616 808 
 559 195 295 397 100 650 118 
 16 903 590 238 512 877 802 
 423 477 916 384 372 299 894 
 452 334 125 600 23 9 400 
 487 547 825 340 975 339 474 
 627 691 65 674 143 275 621 
 720 414 872 24 849 740 801 
 108 710 612 508 177 174 54 
 227 31 845 215 548 296 298 
 620 958 529 457 52 772 203 
 861 848 780 182 507 764 197 
 872 807 730 794 208 423 771 
 1000 726 898 516 337 415 302 
 218 46 385 59 926 726 890 
 396 895 82 401 943 98 596 
 233 48 609 298 953 610 679 
 71 125 297 223 876 322 672 
 47 449 364 845 673 813 392 
 710 211 486 408 706 
 435 890 466 527 604 122 895 
 823 127 697 812 450 330 568 
 850 146 617 175 822 312 232 
 307 784 434 667 522 60 497 
 171 599 315 604 313 773 70 
 870 520 678 463 272 317 449 
 392 398 101 605 392 50 122 
 777 249 748 325 111 971 292 
 650 683 70 317 782 879 162 
 497 298 148 590 876 740 272 
 858 634 306 987 342 407 918 
 495 774 51 32 402 28 858 
 863 445 164 908 892 810 501 
 945 156 600 749 362 980 502 
 34 792 370 905 247 414 584 
 509 405 309 687 701 877 755 
 772 75 286 562 53 886 459 
 498 563 326 66 270 453 953 
 197 903 80 163 344 283 792 
 727 583 307 693 57 797 816 
 518 911 828 731 822 354 784 
 966 385 464 969 77 885 423 
 180 596 505 354 409 88 606 
 459 867 661 296 348 137 115 
 306 741 135 287 268 37 771 
 346 559 409 449 52 18 133 
 54 390 980 366 428 339 192 
 675 306 380 998 631 880 45 
 448 831 198 60 456 747 202 
 963 2 607 171 929 413 479 
 377 453 624 532 696 213 22 
 489 257 26 297 940 895 276 
 752 917 529 45 25 160 837 
 166 533 331 647 963 526 910 
 44 608 945 108 601 376 850 
 526 594 282 84 970 
 587 370 118 630 664 1000 724 
 167 198 306 779 544 678 955 
 986 819 357 288 625 152 652 
 238 842 681 16 982 554 129 
 529 668 62 288 971 426 925 
 448 190 807 130 764 366 663 
 438 877 130 977 159 844 317 
 50 59 999 350 709 314 116 
 223 7 335 119 303 868 212 
 995 128 900 200 786 65 450 
 778 468 217 58 474 745 152 
 744 220 111 750 777 28 570 
 735 403 768 943 221 603 1000 
 423 500 945 382 715 947 605 
 165 956 432 713 836 808 336 
 852 31 419 721 802 233 931 
 208 644 780 138 961 200 668 
 993 178 801 102 889 255 692 
 548 377 483 776 790 726 683 
 571 295 150 475 980 301 627 
 132 725 782 384 484 636 235 
 965 732 13 533 170 431 746 
 938 125 488 165 742 516 961 
 523 481 321 67 105 45 704 
 16 796 916 322 930 818 883 
 390 233 457 56 237 767 482 
 317 683 484 997 474 892 672 
 684 124 204 236 535 623 652 
 311 819 797 677 817 66 484 
 838 978 648 376 710 48 386 
 117 592 106 47 27 346 472 
 460 191 404 294 832 750 585 
 869 220 881 86 464 249 622 
 957 366 366 588 737 924 48 
 693 407 920 352 801 592 38 
 875 798 745 467 221 
 313 335 395 922 427 411 818 
 794 821 682 357 730 418 896 
 318 226 558 570 433 346 857 
 848 778 931 699 557 402 631 
 824 839 478 176 736 508 566 
 298 165 970 446 656 524 413 
 374 559 743 991 730 748 160 
 737 257 133 22 12 181 810 
 613 653 127 779 191 356 912 
 943 405 507 416 567 491 855 
 815 550 582 480 148 295 446 
 505 593 220 444 166 394 267 
 930 408 394 558 85 346 620 
 742 580 400 42 712 165 836 
 336 834 364 265 85 638 491 
 540 630 531 504 77 299 276 
 896 705 399 866 687 389 312 
 159 405 714 842 977 495 844 
 147 555 147 152 38 699 34 
 472 889 422 259 168 325 819 
 483 885 177 194 982 891 605 
 778 451 380 999 941 67 831 
 536 972 337 166 835 194 686 
 870 251 794 107 284 26 359 
 406 396 985 47 848 409 186 
 902 908 947 134 884 816 340 
 456 879 545 456 534 175 328 
 384 419 763 326 558 254 246 
 88 581 392 944 355 944 680 
 526 351 967 223 674 323 321 
 426 560 660 605 82 598 517 
 270 149 65 53 121 379 975 
 123 240 112 447 770 620 892 
 394 580 988 36 369 872 721 
 815 964 923 381 168 214 224 
 279 678 65 176 943 
 94979 94666 95165 91655 97295 94964 89660 
 95224 93426 93322 91548 97604 93083 90614 
 95681 87914 95897 98474 94662 100179 92459 
 94049 95354 89205 94988 90277 91781 91087 
 96382 94641
