 250 30 0 
 997 508 673 877 746 878 627 
 1056 494 907 469 888 787 825 
 937 1057 839 885 743 615 719 
 524 684 796 731 883 842 899 
 831 865 1075 767 864 540 743 
 568 746 967 700 881 601 545 
 647 844 807 544 658 753 936 
 868 672 864 613 754 622 519 
 864 633 920 908 719 826 575 
 927 731 661 808 572 914 656 
 868 754 527 805 540 700 871 
 784 1009 682 825 988 671 772 
 567 538 570 734 843 984 608 
 593 902 766 432 646 519 965 
 870 967 822 722 838 528 711 
 556 590 980 674 696 636 893 
 799 936 848 856 1006 861 871 
 1019 1010 826 635 830 774 885 
 637 637 905 734 967 958 524 
 521 1078 905 738 753 809 1025 
 942 506 626 751 662 696 1003 
 671 655 494 657 1051 847 911 
 533 591 676 622 543 544 617 
 747 942 601 553 631 760 914 
 811 917 776 978 514 879 592 
 686 906 602 885 773 500 563 
 920 578 472 887 685 590 705 
 796 502 764 666 952 846 954 
 639 634 623 533 1046 519 804 
 851 779 526 632 949 665 908 
 576 993 375 758 1010 595 884 
 726 848 593 549 531 490 788 
 946 631 553 500 828 661 909 
 564 483 903 804 654 796 545 
 604 982 815 858 875 534 808 
 539 604 597 585 1018 
 298 375 337 449 205 428 341 
 939 794 194 151 496 158 130 
 734 983 543 614 632 174 282 
 784 342 585 732 914 930 18 
 187 257 681 484 723 617 392 
 733 599 87 736 934 173 824 
 528 716 672 116 639 740 4 
 786 279 312 436 123 128 516 
 723 510 714 375 612 654 191 
 995 802 813 180 795 175 303 
 710 862 118 527 813 704 134 
 818 305 947 757 269 414 512 
 672 647 625 560 803 918 848 
 689 414 3 236 417 562 125 
 493 67 926 302 177 468 3 
 735 676 276 329 412 966 254 
 408 503 935 318 679 365 427 
 77 621 91 726 270 384 575 
 574 702 424 431 331 437 395 
 570 943 31 679 687 302 473 
 825 105 212 148 736 967 480 
 195 856 477 557 572 688 93 
 786 584 867 747 398 874 750 
 651 902 714 374 91 642 439 
 855 40 546 718 741 370 532 
 421 683 326 899 62 924 751 
 790 83 452 172 605 86 758 
 319 956 30 68 659 694 161 
 512 347 800 420 717 98 778 
 427 981 406 934 473 593 892 
 478 758 386 914 799 956 530 
 919 576 152 201 427 320 569 
 305 669 402 498 168 616 2 
 238 313 509 341 704 233 447 
 858 240 979 552 554 349 762 
 495 385 142 937 807 
 225 78 661 630 226 731 789 
 314 164 597 791 371 425 462 
 626 568 787 110 971 219 800 
 731 752 148 903 355 429 750 
 170 129 626 955 897 921 153 
 56 466 60 321 801 627 90 
 380 419 139 267 808 988 179 
 355 448 946 616 25 296 325 
 510 446 475 966 603 246 180 
 132 608 120 942 99 192 172 
 28 291 414 994 416 529 809 
 901 180 56 255 913 242 654 
 754 42 324 918 101 520 75 
 392 28 123 120 450 118 107 
 379 341 684 524 47 288 359 
 315 234 965 923 380 926 246 
 29 871 945 93 558 774 788 
 637 917 927 421 844 149 234 
 901 205 395 698 297 703 46 
 107 841 176 804 983 650 791 
 329 864 468 139 959 613 931 
 279 892 981 502 75 101 941 
 258 97 958 122 75 268 383 
 237 383 65 742 521 347 986 
 767 381 569 798 3 282 97 
 434 11 604 131 958 51 800 
 989 167 79 289 345 728 111 
 635 435 928 306 684 806 802 
 827 670 132 631 774 581 911 
 43 745 400 266 473 827 602 
 22 672 157 438 398 35 250 
 388 530 41 88 925 636 585 
 60 992 821 627 719 994 468 
 134 98 112 379 614 715 60 
 137 17 93 753 567 230 153 
 103 284 909 454 876 
 142 604 729 753 39 822 517 
 800 164 907 193 78 724 705 
 452 420 461 790 665 637 966 
 170 402 656 347 399 878 915 
 436 901 275 547 829 480 698 
 949 99 800 60 436 428 580 
 616 273 507 358 522 179 966 
 188 474 884 248 148 626 903 
 428 980 229 762 208 5 576 
 416 22 533 322 115 281 327 
 283 684 452 76 717 2 290 
 829 509 748 717 152 616 87 
 575 118 77 702 426 805 999 
 373 960 627 591 187 705 589 
 219 994 376 858 984 16 629 
 91 817 532 480 896 821 175 
 322 753 386 608 244 592 347 
 254 740 666 570 10 147 751 
 366 252 879 502 131 331 649 
 963 477 825 134 819 826 428 
 886 285 306 965 942 864 207 
 646 950 196 932 213 322 922 
 383 547 697 547 159 228 863 
 625 164 476 995 855 512 262 
 159 714 17 331 251 836 860 
 308 521 85 865 937 326 200 
 840 925 677 126 543 159 635 
 525 432 881 226 342 12 855 
 246 633 123 95 753 497 790 
 954 952 39 819 318 554 47 
 198 57 867 293 591 885 556 
 629 976 862 456 613 858 205 
 855 996 965 194 635 271 476 
 852 444 615 602 848 531 956 
 958 866 321 879 711 422 541 
 738 377 349 800 281 
 435 209 57 853 158 879 423 
 268 669 63 561 394 324 981 
 543 317 803 869 7 604 103 
 440 351 205 965 753 717 752 
 365 958 728 192 336 359 965 
 931 186 39 616 494 133 334 
 825 969 323 851 450 579 570 
 177 722 342 749 56 259 680 
 646 305 627 591 5 110 749 
 738 383 239 180 880 615 510 
 213 113 957 949 162 382 641 
 588 814 641 670 772 260 411 
 135 347 446 458 267 477 974 
 999 184 359 54 257 944 923 
 567 915 21 34 468 758 333 
 925 477 894 118 706 602 774 
 1 727 302 235 247 704 95 
 953 468 904 862 527 765 944 
 851 419 906 483 158 365 492 
 581 725 861 582 351 537 652 
 410 172 31 211 50 417 231 
 46 507 670 406 309 481 359 
 796 376 822 329 669 320 359 
 365 688 438 92 574 577 581 
 845 154 118 910 77 946 636 
 751 665 826 367 259 621 15 
 900 471 130 155 447 394 705 
 667 515 162 910 18 525 222 
 93 357 703 343 397 30 557 
 341 423 373 505 387 517 938 
 895 403 195 659 112 879 599 
 677 424 308 207 796 22 799 
 295 803 438 684 511 963 264 
 603 101 51 429 497 496 251 
 975 679 408 649 935 885 886 
 280 899 701 432 148 
 966 959 97 14 533 656 145 
 79 898 209 337 414 275 776 
 645 826 175 273 552 142 934 
 147 961 88 774 530 23 712 
 365 136 996 328 249 603 117 
 536 249 652 846 46 777 757 
 541 120 232 79 845 802 938 
 982 590 453 357 342 695 526 
 100 506 444 474 932 417 557 
 585 850 607 756 34 81 740 
 748 745 581 703 298 248 184 
 992 644 498 495 816 820 353 
 164 81 955 234 306 861 198 
 78 42 504 434 824 280 220 
 478 172 565 64 956 750 283 
 840 295 582 266 723 276 205 
 557 615 425 464 668 676 678 
 631 879 826 309 420 455 84 
 842 555 684 338 955 231 718 
 104 7 247 957 768 662 434 
 327 975 868 120 237 794 100 
 27 892 934 926 130 780 210 
 313 620 946 182 55 60 142 
 968 835 481 339 531 955 955 
 914 270 269 269 302 253 907 
 444 814 721 214 579 948 696 
 820 524 368 237 418 791 843 
 246 471 994 132 536 510 652 
 317 586 289 666 563 11 966 
 237 680 788 939 450 504 342 
 648 271 197 298 144 910 403 
 243 344 891 491 59 84 550 
 840 39 348 391 556 700 553 
 780 247 767 575 716 428 846 
 634 785 156 783 256 247 319 
 340 739 919 814 979 
 18 410 786 598 244 990 546 
 200 156 34 974 107 651 233 
 15 961 665 233 603 417 793 
 97 785 749 103 804 9 685 
 571 559 697 773 114 987 174 
 639 896 419 1 9 792 142 
 813 69 79 802 10 898 476 
 76 812 525 272 410 344 895 
 766 996 51 158 433 606 314 
 139 511 487 122 686 113 246 
 357 947 15 961 329 274 461 
 798 849 530 296 918 375 460 
 56 284 416 687 491 33 942 
 918 476 444 100 699 600 692 
 411 274 21 950 399 70 864 
 661 97 516 477 141 779 153 
 85 653 5 468 951 888 290 
 539 807 42 265 318 982 530 
 652 726 679 844 843 204 645 
 83 615 313 821 633 709 777 
 471 823 216 710 547 867 357 
 597 430 388 117 675 682 911 
 157 742 54 855 437 603 626 
 870 234 235 833 38 891 261 
 340 957 774 73 611 604 513 
 562 130 599 712 161 485 866 
 289 41 828 680 1 838 156 
 251 388 596 691 154 255 697 
 25 973 285 145 391 402 987 
 686 120 389 653 180 722 577 
 61 198 4 401 759 154 932 
 845 501 749 344 622 611 383 
 400 536 58 875 557 426 21 
 311 148 422 61 622 888 849 
 789 381 491 217 485 781 3 
 914 486 649 660 823 
 146 652 801 712 306 988 26 
 776 116 860 820 236 186 981 
 996 467 259 458 626 728 776 
 933 277 392 79 477 785 395 
 295 877 651 789 440 450 537 
 34 679 852 282 323 916 466 
 336 779 877 259 63 600 94 
 193 173 378 335 412 663 661 
 259 119 552 678 945 461 753 
 303 437 313 150 706 269 527 
 622 616 499 6 216 807 517 
 667 454 413 397 396 427 687 
 121 113 979 40 690 267 327 
 130 597 513 557 381 516 671 
 906 690 314 445 479 247 688 
 592 932 609 234 67 247 882 
 321 131 410 616 958 141 528 
 233 587 49 29 727 578 187 
 401 263 298 220 587 713 990 
 685 261 264 860 63 547 543 
 325 972 267 208 496 726 507 
 731 839 16 53 632 487 784 
 636 213 617 353 827 110 962 
 922 642 344 337 208 584 171 
 174 524 719 43 485 541 778 
 277 109 236 695 602 156 369 
 812 85 941 361 482 476 145 
 692 589 537 465 695 575 757 
 100 86 808 161 574 343 462 
 380 811 279 787 435 430 750 
 772 708 699 249 267 129 750 
 859 33 637 226 299 949 848 
 321 28 19 130 423 806 36 
 881 21 384 922 362 870 874 
 280 945 211 619 203 993 967 
 816 627 523 337 695 
 575 959 93 919 380 803 594 
 136 732 782 849 970 814 899 
 562 774 65 406 558 590 984 
 296 525 693 740 314 853 878 
 76 411 839 477 758 242 377 
 640 563 850 595 732 763 801 
 626 55 197 239 262 906 220 
 462 12 874 67 662 227 314 
 31 61 887 586 7 929 247 
 613 588 126 183 734 456 358 
 188 328 288 115 99 960 681 
 381 200 667 539 556 1000 287 
 208 909 189 858 316 932 301 
 509 786 670 265 470 898 787 
 942 48 692 453 558 396 379 
 724 851 387 273 262 545 978 
 71 87 689 268 297 587 372 
 199 659 462 494 94 526 376 
 454 985 416 10 327 615 647 
 881 904 207 627 933 331 761 
 191 968 712 719 686 687 951 
 370 196 706 984 703 484 259 
 730 670 315 17 621 54 926 
 114 641 810 441 913 443 994 
 290 653 922 81 857 581 669 
 570 617 132 291 329 515 729 
 16 770 878 236 978 213 217 
 16 895 605 340 26 588 659 
 402 438 478 556 215 564 409 
 765 209 332 169 474 688 735 
 612 457 68 273 548 298 683 
 143 373 275 504 949 187 61 
 930 213 809 64 602 102 329 
 654 74 954 511 338 157 445 
 516 336 618 647 291 17 649 
 480 909 445 402 38 
 452 359 423 384 658 110 792 
 976 343 577 552 707 333 544 
 434 183 348 211 54 65 28 
 859 649 787 799 82 24 344 
 210 868 898 48 150 82 736 
 810 555 706 382 692 935 864 
 278 507 146 818 153 148 441 
 438 764 22 116 245 684 222 
 80 908 474 384 883 718 325 
 141 340 403 642 402 910 295 
 283 42 424 235 779 984 206 
 491 749 351 478 188 592 838 
 665 956 219 549 711 94 183 
 736 377 948 265 822 61 236 
 853 559 4 590 905 545 355 
 114 262 2 740 612 800 602 
 849 813 888 24 886 184 341 
 905 435 426 151 64 924 470 
 360 201 753 299 520 372 205 
 566 247 25 207 343 681 951 
 753 29 776 12 813 472 373 
 244 768 691 732 571 165 261 
 282 417 75 764 840 696 793 
 496 773 78 895 929 436 378 
 325 104 426 841 39 781 206 
 302 327 510 351 619 857 659 
 199 594 981 146 992 833 398 
 733 66 26 653 613 18 678 
 245 180 194 573 988 998 171 
 670 710 709 514 726 217 151 
 798 955 713 608 373 94 361 
 967 905 738 14 386 990 751 
 812 776 568 325 740 554 831 
 416 412 504 26 360 893 149 
 181 382 779 962 665 286 678 
 20 247 31 955 261 
 157 547 290 386 156 735 614 
 298 16 626 350 313 789 253 
 678 447 848 54 501 701 813 
 437 940 464 882 563 419 405 
 710 669 347 211 556 133 451 
 503 236 450 571 834 160 645 
 131 450 330 267 105 67 702 
 817 764 228 611 363 28 985 
 120 194 382 772 400 113 752 
 346 421 518 200 695 958 137 
 597 457 9 134 922 221 311 
 482 342 252 162 935 629 323 
 671 704 308 37 259 507 263 
 392 926 770 322 610 818 952 
 330 954 714 643 305 815 851 
 765 347 681 252 690 740 233 
 477 850 430 609 841 844 979 
 475 690 55 614 34 648 120 
 378 827 482 369 880 770 184 
 888 945 275 878 971 47 79 
 193 292 356 659 407 225 983 
 207 936 704 106 340 247 845 
 468 498 590 715 872 700 660 
 395 442 429 712 560 165 247 
 330 567 981 463 70 759 573 
 522 456 412 888 269 526 579 
 456 15 736 804 409 312 600 
 179 458 46 346 878 161 411 
 162 491 851 856 351 825 894 
 144 179 635 15 997 800 987 
 66 675 842 765 430 765 711 
 550 108 35 886 209 426 329 
 970 816 196 998 598 50 454 
 273 901 9 313 163 408 1000 
 939 605 663 911 453 568 708 
 702 131 502 698 923 
 181 724 16 571 1000 660 709 
 202 28 732 603 140 891 384 
 76 999 551 824 469 542 1000 
 513 173 134 536 125 771 830 
 527 786 202 913 637 931 150 
 339 571 264 716 181 152 886 
 659 41 21 422 484 668 703 
 463 970 254 791 771 737 66 
 587 250 577 198 291 752 935 
 274 963 7 40 424 396 13 
 349 352 617 763 836 337 561 
 731 244 110 185 911 575 430 
 839 305 205 498 895 110 956 
 692 262 257 354 909 432 265 
 798 43 970 890 481 539 486 
 396 32 684 169 302 918 807 
 662 729 843 744 769 924 936 
 982 835 138 406 970 145 197 
 889 410 635 49 895 250 653 
 528 424 254 375 617 805 274 
 669 312 41 230 350 44 160 
 867 676 315 497 991 32 798 
 245 295 115 419 181 593 181 
 198 165 407 974 439 2 394 
 221 986 236 908 52 977 356 
 772 783 177 501 79 825 583 
 898 683 661 513 154 4 981 
 884 150 194 997 817 494 944 
 628 782 247 150 440 326 838 
 689 942 232 656 279 748 248 
 505 501 575 176 961 676 451 
 972 637 967 950 896 619 406 
 259 42 668 135 248 831 399 
 329 534 958 177 561 668 822 
 870 289 346 873 565 19 294 
 189 647 273 913 431 
 95 666 702 478 694 107 696 
 968 61 788 97 967 978 197 
 794 1 414 772 189 675 740 
 25 699 931 506 131 447 600 
 429 234 575 569 982 884 782 
 927 918 171 355 492 643 549 
 143 529 407 10 985 305 605 
 875 170 598 147 703 711 799 
 974 404 433 262 289 239 518 
 403 651 477 902 27 115 85 
 765 238 740 908 451 659 392 
 942 269 444 94 28 138 513 
 20 155 605 885 978 710 821 
 682 116 961 374 141 278 605 
 709 370 244 330 309 94 505 
 119 325 686 844 323 982 562 
 657 697 93 217 725 973 621 
 556 351 226 578 474 846 223 
 325 23 399 36 251 731 851 
 840 852 979 754 816 932 282 
 418 7 851 765 590 649 132 
 929 375 438 552 981 51 502 
 841 135 87 304 270 320 142 
 75 977 231 615 473 345 310 
 359 166 608 302 212 468 84 
 955 621 492 55 207 58 981 
 206 592 631 92 449 577 191 
 175 262 33 994 865 38 637 
 263 540 757 462 784 410 162 
 411 600 170 674 996 997 139 
 597 260 302 793 709 780 771 
 691 338 823 22 793 767 425 
 37 854 450 598 428 41 71 
 148 853 394 729 992 864 263 
 933 786 864 340 126 175 683 
 453 975 506 207 995 
 149 778 116 503 409 25 478 
 330 934 642 791 664 359 808 
 286 968 150 239 98 588 955 
 251 493 153 411 458 912 526 
 164 922 802 76 689 226 521 
 874 523 857 348 885 610 713 
 470 89 942 842 323 123 968 
 526 535 442 854 280 443 473 
 155 187 287 733 523 747 14 
 775 167 830 492 929 229 977 
 41 184 765 330 794 381 459 
 985 404 619 55 341 455 40 
 294 792 172 732 998 858 471 
 19 85 431 658 74 190 903 
 263 612 504 936 307 729 87 
 198 371 827 799 934 720 56 
 524 286 811 822 258 740 726 
 738 445 849 175 783 128 683 
 910 191 71 405 577 323 803 
 15 724 562 201 365 250 403 
 937 649 129 875 350 143 833 
 917 443 36 747 300 704 414 
 321 345 23 714 769 485 753 
 871 81 918 135 294 762 562 
 362 294 685 309 865 353 78 
 282 214 273 194 371 168 624 
 465 601 382 457 35 481 152 
 994 365 85 117 790 241 174 
 827 116 950 450 531 562 213 
 897 592 767 606 863 196 219 
 542 226 1 711 777 360 487 
 228 727 656 451 28 416 493 
 442 458 423 90 688 19 713 
 480 67 857 41 744 214 411 
 115 505 6 102 268 441 295 
 2 99 140 732 389 
 939 789 104 816 236 215 640 
 891 277 353 613 872 529 982 
 962 818 659 113 842 996 595 
 632 62 994 974 896 953 233 
 744 338 692 484 33 487 385 
 317 495 129 632 144 121 342 
 282 742 7 123 913 894 226 
 956 836 36 631 45 948 311 
 771 463 896 99 846 355 648 
 171 807 816 579 828 226 653 
 129 994 788 118 624 259 115 
 143 784 949 414 681 181 304 
 936 310 879 580 443 702 899 
 329 206 736 511 520 270 760 
 528 836 54 811 620 24 86 
 202 423 784 413 586 301 495 
 638 384 572 539 812 373 239 
 746 53 558 682 450 144 328 
 898 716 174 525 855 863 193 
 161 920 3 799 571 941 404 
 285 836 899 387 220 618 26 
 811 924 177 349 864 107 502 
 822 184 875 747 56 54 15 
 9 201 227 988 104 318 579 
 919 120 532 776 11 46 943 
 897 295 853 878 617 992 42 
 697 407 83 158 911 281 977 
 521 401 15 497 794 294 672 
 607 345 501 976 950 201 28 
 284 694 279 900 179 902 787 
 176 20 400 593 633 959 743 
 606 324 758 849 642 750 423 
 300 154 340 280 578 427 789 
 137 68 622 348 808 800 831 
 703 495 362 803 593 582 356 
 524 751 216 749 614 
 757 662 251 15 390 982 80 
 816 638 89 557 198 207 815 
 729 880 429 491 384 374 690 
 758 436 973 281 821 892 837 
 507 521 279 407 923 234 302 
 79 706 811 237 733 497 404 
 256 579 410 178 597 925 758 
 510 397 116 597 760 858 58 
 942 593 936 139 756 635 251 
 895 549 282 484 809 785 375 
 610 471 15 560 515 560 759 
 41 312 863 607 537 313 106 
 94 404 877 40 835 948 7 
 806 59 894 26 680 683 341 
 99 328 884 554 553 896 608 
 622 533 975 245 565 721 557 
 801 203 266 462 488 779 181 
 825 765 963 219 590 375 49 
 940 817 927 980 813 753 122 
 107 625 487 939 918 104 423 
 29 326 418 255 411 477 986 
 610 17 317 202 4 790 753 
 275 11 64 501 609 819 358 
 495 416 45 91 139 129 948 
 992 576 843 648 438 11 737 
 198 830 287 791 813 89 97 
 116 393 286 157 6 966 423 
 994 321 348 682 446 525 773 
 16 170 579 439 768 915 261 
 162 737 189 456 544 769 592 
 362 640 280 544 771 497 412 
 510 302 350 915 920 108 830 
 314 424 117 272 56 367 461 
 809 818 56 696 549 53 612 
 93 911 653 313 972 729 799 
 266 295 738 344 948 
 713 203 869 318 978 840 759 
 518 990 254 772 475 9 824 
 247 614 842 234 218 72 682 
 602 761 706 483 562 790 750 
 24 534 579 569 849 333 852 
 341 915 642 768 544 609 431 
 124 958 661 246 174 703 988 
 712 465 80 389 377 621 450 
 888 154 332 829 270 684 397 
 35 676 388 528 788 647 492 
 182 117 494 892 6 551 370 
 754 503 233 319 783 193 493 
 967 685 82 562 3 129 369 
 751 321 980 860 203 523 857 
 266 572 341 30 88 350 525 
 259 484 479 992 948 459 76 
 537 551 739 46 72 660 775 
 250 540 647 318 875 672 902 
 51 728 79 995 834 21 679 
 889 895 850 174 534 254 542 
 200 189 282 370 779 264 302 
 356 337 896 581 522 499 708 
 690 211 101 851 135 763 622 
 434 399 575 780 620 258 491 
 273 716 715 420 800 451 530 
 281 237 635 19 455 672 672 
 235 113 544 385 238 876 286 
 218 762 956 257 574 601 553 
 43 231 921 407 782 413 667 
 440 185 472 478 241 231 286 
 729 719 430 492 954 792 626 
 821 809 177 957 546 436 755 
 216 191 409 156 542 186 877 
 231 717 538 311 579 347 907 
 19 876 137 379 368 171 938 
 244 273 590 131 696 
 724 224 512 605 140 799 859 
 598 30 232 859 637 669 858 
 989 609 14 924 629 100 68 
 912 227 609 345 716 502 808 
 513 501 194 66 398 82 865 
 315 178 529 602 177 537 740 
 787 657 930 449 800 916 313 
 444 745 852 550 269 365 817 
 931 906 401 521 777 850 150 
 755 487 159 366 354 639 648 
 989 386 937 57 863 540 235 
 660 780 586 679 755 222 417 
 179 133 7 73 103 404 427 
 870 953 392 625 964 280 742 
 648 788 626 358 387 752 406 
 671 61 272 17 410 619 355 
 217 585 492 973 755 718 969 
 363 4 755 43 335 250 677 
 369 891 929 768 15 904 332 
 353 62 876 521 181 638 524 
 491 116 595 959 966 309 266 
 151 325 737 658 438 643 919 
 227 780 891 290 728 882 592 
 53 283 214 196 361 333 196 
 25 372 522 193 889 994 350 
 279 598 952 466 39 721 629 
 612 354 731 199 162 597 117 
 7 636 48 527 60 476 614 
 979 840 647 922 599 604 921 
 325 996 452 650 194 490 882 
 450 413 96 172 421 775 149 
 317 775 795 487 939 390 574 
 926 598 362 992 920 276 814 
 637 787 420 715 962 148 465 
 88 959 650 882 628 970 385 
 796 575 437 408 102 
 972 373 346 392 415 250 148 
 891 149 389 883 654 696 229 
 603 709 64 527 927 970 616 
 368 21 849 78 164 773 37 
 384 845 492 501 863 19 589 
 699 957 174 186 42 325 371 
 445 221 823 122 697 7 800 
 204 776 471 547 53 715 327 
 393 69 299 856 754 646 714 
 408 537 109 360 463 857 977 
 271 500 818 588 37 490 777 
 348 117 730 34 561 844 895 
 15 716 244 740 838 516 715 
 549 251 256 393 528 826 707 
 892 546 315 667 195 665 532 
 983 572 701 503 12 614 941 
 88 694 374 507 53 599 522 
 391 723 489 398 604 964 931 
 178 980 307 334 664 541 427 
 20 759 512 114 885 513 893 
 305 521 340 817 721 548 619 
 530 981 317 394 697 33 429 
 436 540 877 999 956 766 226 
 196 477 839 809 420 626 666 
 190 844 413 836 848 586 80 
 413 972 594 925 990 551 22 
 878 257 496 998 236 910 335 
 325 712 532 344 727 146 793 
 973 324 629 399 590 334 303 
 559 618 298 322 203 323 688 
 348 101 34 170 622 248 584 
 782 526 994 504 148 133 38 
 165 278 40 555 558 723 767 
 95 892 586 535 129 232 742 
 952 1 764 910 798 648 136 
 57 744 262 209 52 
 283 335 913 12 843 925 865 
 122 310 5 262 449 977 785 
 878 680 478 800 898 383 28 
 39 961 796 438 142 80 820 
 231 771 795 536 266 742 450 
 229 563 249 667 521 660 54 
 908 406 58 382 78 456 820 
 933 415 222 238 895 856 571 
 209 128 985 897 232 126 974 
 418 555 519 362 23 484 642 
 933 429 43 343 143 570 50 
 910 762 442 264 312 713 866 
 509 327 602 609 914 646 101 
 34 70 560 121 803 15 2 
 955 850 199 151 606 948 35 
 312 745 990 554 808 875 855 
 66 752 775 691 330 671 327 
 816 294 463 730 814 766 416 
 54 18 526 486 196 775 699 
 241 998 944 387 360 848 784 
 945 629 641 598 499 870 481 
 681 964 681 368 711 951 148 
 770 894 210 992 100 543 519 
 836 109 469 145 952 236 433 
 243 688 646 610 696 572 724 
 31 922 474 302 893 235 987 
 803 575 269 765 779 464 458 
 622 562 618 978 643 77 836 
 864 740 890 117 460 224 993 
 499 678 951 532 202 407 171 
 304 685 208 870 457 70 879 
 874 607 94 269 826 186 635 
 672 764 382 460 121 404 734 
 694 749 159 34 252 4 956 
 449 615 651 66 142 491 578 
 953 594 86 733 66 
 228 887 267 774 226 674 384 
 783 822 390 43 696 290 242 
 534 718 810 43 113 963 835 
 695 830 295 599 582 442 509 
 990 734 568 894 979 251 13 
 744 916 272 451 316 863 48 
 230 946 820 603 864 85 951 
 50 917 158 794 625 439 185 
 284 998 599 226 628 46 671 
 478 788 970 2 129 694 188 
 760 778 791 932 147 360 29 
 1000 499 11 914 591 729 907 
 102 437 990 401 934 924 481 
 367 702 206 115 665 943 597 
 363 736 977 334 983 10 23 
 609 193 331 134 418 286 209 
 819 757 261 459 583 923 548 
 799 107 542 457 382 683 926 
 219 800 788 754 391 486 925 
 846 809 420 800 183 937 827 
 557 455 857 423 306 473 392 
 173 964 331 960 803 492 182 
 527 829 946 71 391 490 99 
 443 318 947 674 781 14 911 
 488 367 114 999 699 241 861 
 125 679 740 938 290 23 294 
 626 796 369 403 394 380 917 
 424 824 377 940 663 9 566 
 568 417 621 116 512 175 861 
 576 936 287 497 586 834 863 
 116 466 206 202 964 195 610 
 677 394 124 691 761 726 827 
 503 22 32 905 695 724 438 
 235 192 697 481 701 388 329 
 518 807 723 985 773 469 707 
 369 707 911 447 709 
 32 29 643 778 856 241 804 
 201 586 705 119 357 594 891 
 440 92 446 936 383 23 459 
 51 729 321 229 178 460 26 
 609 121 704 113 515 407 54 
 627 526 514 522 950 39 521 
 344 892 232 813 992 824 629 
 647 225 786 104 616 990 394 
 669 890 611 629 205 265 333 
 739 148 753 253 149 297 39 
 859 559 696 855 922 897 48 
 153 480 197 837 386 193 880 
 94 756 608 561 749 780 510 
 91 352 279 110 578 474 676 
 6 639 584 240 678 155 724 
 788 309 629 524 630 128 588 
 279 819 81 99 317 295 673 
 719 452 138 790 242 153 362 
 171 622 365 896 58 312 516 
 36 666 474 531 584 240 263 
 921 926 215 443 330 24 352 
 154 212 482 703 605 770 898 
 523 372 33 979 244 7 702 
 780 897 379 76 77 872 20 
 622 618 893 662 57 518 919 
 516 535 425 981 677 235 669 
 44 562 792 876 757 688 431 
 90 184 638 692 113 219 429 
 496 344 705 138 437 379 187 
 685 531 617 7 630 605 328 
 154 757 163 400 630 934 309 
 2 516 158 108 150 441 257 
 16 23 696 47 561 480 627 
 242 351 771 17 105 728 693 
 606 681 885 219 797 704 787 
 251 295 441 746 386 
 568 367 839 648 285 914 753 
 518 512 738 70 227 767 822 
 140 809 257 619 815 483 670 
 406 190 395 48 752 219 61 
 389 340 462 484 121 657 952 
 104 886 264 384 253 291 997 
 680 290 78 669 213 158 753 
 916 513 987 277 75 432 871 
 785 588 820 398 465 726 217 
 634 431 294 792 462 466 731 
 324 765 633 936 758 101 102 
 416 449 826 330 603 325 700 
 100 570 228 704 866 588 270 
 864 827 998 476 50 890 461 
 254 1 147 348 854 237 882 
 427 993 659 744 765 361 772 
 21 976 540 383 404 74 361 
 670 353 816 32 321 979 166 
 799 133 937 334 787 497 103 
 449 493 198 357 263 392 461 
 500 726 92 534 136 787 997 
 291 811 75 784 353 55 793 
 354 362 945 238 216 90 222 
 241 622 688 639 980 625 592 
 588 922 676 963 762 145 27 
 525 892 476 552 946 74 902 
 312 520 756 493 501 378 645 
 132 394 82 832 735 8 876 
 187 884 571 475 614 110 188 
 188 210 408 645 348 553 708 
 150 898 1 953 2 52 448 
 582 824 722 591 2 930 845 
 366 823 512 326 467 481 282 
 318 146 450 520 121 651 507 
 130 945 55 298 446 660 528 
 166 5 708 99 875 
 924 314 887 374 58 763 170 
 664 719 102 95 627 647 706 
 410 790 49 546 23 736 67 
 141 78 286 953 311 183 852 
 177 898 957 717 720 498 996 
 850 714 403 258 412 764 995 
 47 555 489 335 372 362 702 
 974 317 465 207 407 278 400 
 198 124 854 859 775 908 942 
 834 380 721 744 798 233 142 
 159 603 335 294 355 728 497 
 548 441 159 192 182 652 364 
 703 865 822 824 494 171 21 
 107 222 138 950 644 161 856 
 778 960 584 771 146 299 369 
 86 179 521 62 338 538 92 
 246 210 510 715 642 209 784 
 895 936 787 756 589 111 638 
 620 90 335 575 641 617 205 
 964 929 718 121 957 807 313 
 745 577 253 529 449 361 962 
 565 745 319 283 707 940 37 
 27 368 433 102 338 196 188 
 813 935 890 403 807 197 227 
 400 217 350 853 737 16 227 
 990 96 669 903 107 435 957 
 111 510 171 249 857 579 349 
 570 927 514 99 3 386 970 
 416 196 150 722 493 442 746 
 662 398 752 4 523 571 195 
 358 531 536 761 571 7 612 
 15 632 432 954 500 954 516 
 921 73 315 353 884 749 428 
 483 312 10 826 869 793 65 
 408 24 43 270 480 871 273 
 715 945 591 264 958 
 862 207 977 226 733 363 369 
 982 403 607 151 888 183 782 
 250 23 13 137 849 114 471 
 918 928 716 707 998 37 221 
 951 108 678 663 885 486 81 
 965 14 669 632 419 920 141 
 426 453 7 276 483 81 325 
 506 199 172 201 780 497 622 
 144 88 157 93 590 864 959 
 513 627 695 330 44 294 508 
 224 104 499 666 853 934 236 
 379 506 50 136 784 106 623 
 582 874 502 572 951 157 592 
 955 303 82 226 622 914 328 
 725 440 814 104 441 252 596 
 197 743 929 182 429 599 824 
 647 387 2 35 341 688 16 
 413 416 758 471 617 736 674 
 384 900 856 419 897 777 20 
 671 130 112 563 360 576 687 
 132 681 59 28 723 732 24 
 87 648 399 126 258 187 513 
 625 765 818 312 424 683 998 
 608 183 791 569 346 387 892 
 344 83 465 31 120 616 501 
 317 746 914 404 340 414 869 
 240 715 200 424 519 200 685 
 284 50 181 172 837 782 97 
 397 490 397 600 939 364 993 
 274 617 168 326 76 533 261 
 613 465 294 420 551 655 591 
 258 16 369 681 103 823 488 
 570 124 367 728 112 614 359 
 739 12 509 841 1000 606 427 
 181 489 188 941 987 784 922 
 291 267 215 248 855 
 684 601 126 504 318 572 281 
 323 705 60 66 454 489 310 
 515 892 160 513 513 472 570 
 700 943 730 31 799 600 178 
 378 795 259 896 956 336 84 
 375 128 827 911 828 36 116 
 355 666 93 576 831 499 967 
 692 272 71 478 652 390 941 
 184 54 682 1 967 522 463 
 363 967 198 595 828 932 443 
 268 870 1 801 51 667 720 
 835 866 850 749 834 28 376 
 209 18 713 188 287 279 958 
 601 360 789 134 82 22 154 
 675 663 659 341 682 986 639 
 666 666 719 12 109 187 767 
 90 346 902 835 81 734 688 
 697 811 848 965 737 669 788 
 367 180 288 53 548 601 788 
 472 608 318 927 609 456 384 
 320 686 417 451 815 53 756 
 745 505 767 219 763 468 249 
 680 929 326 438 81 857 174 
 623 181 120 583 53 398 548 
 704 708 956 69 853 352 542 
 871 843 587 895 929 366 46 
 33 450 67 84 589 849 780 
 389 94 153 415 775 520 318 
 861 28 924 427 51 156 72 
 710 835 689 440 602 31 68 
 903 595 875 67 452 967 119 
 135 157 89 263 86 276 877 
 755 230 484 50 453 372 721 
 547 143 256 58 396 272 473 
 280 988 938 655 36 943 21 
 285 458 521 769 762 
 824 2 94 244 396 979 499 
 892 968 324 280 559 151 36 
 861 961 540 901 726 818 127 
 285 221 693 62 557 350 421 
 557 927 864 511 702 858 305 
 533 47 181 959 776 845 605 
 742 323 700 398 484 639 420 
 995 773 794 635 214 7 638 
 725 550 422 227 915 843 117 
 500 719 83 785 426 947 42 
 310 547 196 580 789 664 914 
 906 460 465 580 829 308 969 
 285 870 57 594 209 649 579 
 950 526 693 943 802 474 860 
 901 891 873 427 896 749 843 
 88 463 79 231 903 638 569 
 874 547 11 945 453 188 298 
 544 210 574 256 103 972 275 
 159 64 313 525 646 391 497 
 270 229 269 355 963 284 560 
 916 109 569 420 367 981 811 
 584 339 642 826 352 167 733 
 594 158 966 391 748 584 19 
 639 187 423 315 117 759 948 
 509 421 91 131 362 244 902 
 141 99 116 724 247 735 8 
 906 996 426 454 364 690 813 
 751 862 71 655 680 85 979 
 951 46 795 202 287 668 740 
 79 15 404 524 498 622 463 
 548 789 561 436 969 866 146 
 826 811 165 175 533 54 816 
 495 586 379 778 85 443 123 
 863 186 370 408 421 988 222 
 956 604 696 382 334 99 329 
 616 848 467 390 783 
 737 917 773 592 43 521 18 
 980 429 109 61 300 158 106 
 910 573 286 437 681 400 581 
 987 521 529 215 561 911 538 
 542 182 504 559 494 706 991 
 17 718 539 447 710 844 220 
 510 679 717 60 139 855 119 
 438 390 484 791 54 345 408 
 577 55 234 36 452 813 502 
 1 217 861 269 270 134 566 
 983 545 319 390 730 414 320 
 892 529 407 434 234 235 89 
 75 558 552 283 892 492 660 
 782 449 502 681 949 58 670 
 943 353 748 713 35 707 567 
 628 304 711 885 491 479 182 
 544 126 232 600 856 435 110 
 107 111 281 68 750 501 809 
 778 164 490 453 637 873 951 
 437 289 574 83 742 479 316 
 199 321 599 514 544 685 684 
 543 727 732 123 751 274 94 
 233 221 281 871 271 628 768 
 793 638 438 536 146 570 49 
 148 267 793 580 51 262 704 
 733 850 741 561 984 447 378 
 206 543 438 330 293 548 92 
 776 385 479 933 3 292 568 
 462 287 518 652 593 5 444 
 392 563 537 889 854 127 623 
 118 290 641 181 953 267 442 
 190 206 922 175 956 16 844 
 808 427 838 784 89 29 445 
 663 570 17 689 710 327 555 
 924 581 591 922 506 437 940 
 828 931 627 447 370 
 293 375 705 722 572 3 2 
 440 571 212 946 348 175 747 
 944 634 145 336 798 300 855 
 306 776 495 239 937 305 424 
 451 320 860 293 235 939 723 
 803 973 997 674 611 917 286 
 264 172 972 558 435 910 554 
 373 904 707 404 878 469 462 
 883 374 399 649 266 961 410 
 416 534 791 972 271 275 712 
 768 308 890 509 140 772 612 
 674 777 934 485 997 438 289 
 33 599 771 439 136 941 286 
 135 641 318 840 227 359 873 
 828 845 350 566 781 930 636 
 457 605 301 311 894 493 58 
 98 224 127 438 488 927 804 
 769 820 597 967 321 278 919 
 214 173 166 971 372 895 742 
 894 224 70 585 779 91 790 
 797 170 884 129 449 606 868 
 730 647 309 472 365 817 678 
 841 832 626 212 845 735 771 
 708 316 898 506 720 162 656 
 602 425 967 688 238 447 576 
 492 418 536 956 84 671 113 
 766 867 133 288 709 171 645 
 102 365 425 886 13 539 217 
 140 524 210 40 607 957 233 
 787 81 819 209 523 477 245 
 623 301 464 164 390 410 369 
 139 306 955 200 643 188 947 
 511 348 89 858 651 707 233 
 141 345 238 360 295 448 608 
 206 325 458 733 734 828 602 
 740 905 163 717 480 
 769 448 201 653 517 572 78 
 323 183 478 254 892 182 608 
 990 668 916 531 201 821 775 
 571 553 376 89 994 941 43 
 886 22 729 166 401 26 233 
 99 333 301 771 776 204 308 
 374 390 258 888 239 255 174 
 696 950 154 445 357 314 86 
 887 775 9 728 926 914 85 
 589 674 712 392 405 174 165 
 205 461 704 766 948 971 747 
 623 684 312 805 638 509 760 
 528 346 349 848 32 491 614 
 907 704 32 289 749 229 947 
 213 452 360 926 822 129 100 
 145 118 555 652 19 509 758 
 650 84 439 477 814 699 161 
 253 293 109 4 613 149 296 
 669 182 873 979 282 39 226 
 142 653 141 816 856 774 52 
 595 12 257 513 484 875 741 
 603 721 304 848 893 373 782 
 171 100 740 658 985 264 279 
 7 318 189 196 565 857 159 
 835 953 10 64 448 35 298 
 873 947 499 693 121 913 616 
 96 504 144 701 82 314 741 
 333 516 676 358 576 89 80 
 943 517 420 921 149 605 131 
 110 100 552 895 206 384 859 
 248 935 69 517 723 358 111 
 12 683 118 201 266 672 937 
 655 878 34 416 690 44 916 
 234 79 628 721 934 526 59 
 367 648 538 668 870 709 958 
 988 831 264 250 969 
 892 368 256 664 988 871 577 
 984 107 747 214 226 818 978 
 184 485 804 968 718 475 932 
 712 90 590 999 724 595 440 
 957 940 168 476 71 304 521 
 536 591 374 541 79 2 386 
 538 873 191 105 889 985 380 
 796 453 825 93 445 583 632 
 283 18 316 847 694 572 105 
 15 626 927 396 82 667 183 
 58 531 321 566 543 823 385 
 872 553 352 425 531 291 325 
 785 735 34 451 346 553 474 
 146 992 487 542 784 407 387 
 137 70 62 568 576 284 710 
 974 820 644 953 141 936 689 
 659 667 343 223 465 542 322 
 351 324 976 972 73 396 317 
 286 560 700 294 482 227 682 
 643 712 465 26 986 817 706 
 967 546 735 981 777 158 273 
 262 22 130 32 980 793 391 
 499 91 810 231 386 998 842 
 711 716 82 325 359 481 779 
 333 667 231 335 395 94 278 
 324 685 179 762 219 630 836 
 147 633 304 591 294 929 498 
 772 753 403 841 390 681 891 
 80 204 68 113 440 535 309 
 428 29 330 595 462 262 291 
 273 365 594 67 283 255 923 
 54 845 579 548 19 468 727 
 450 4 232 941 699 507 592 
 468 361 568 852 304 557 100 
 585 18 899 580 591 469 810 
 71 297 669 384 486 
 95982 87779 98693 93041 95103 90875 91276 
 93992 91272 94787 95615 93144 87926 96942 
 94133 93787 98088 94619 97938 101295 86786 
 92202 92705 88451 91538 97353 91357 98560 
 90074 92582 