 250 30 0 
 661 407 663 745 515 670 969 
 505 783 600 709 691 1097 1004 
 878 492 510 615 536 675 709 
 615 906 890 552 941 927 952 
 893 634 819 661 801 647 725 
 489 877 767 786 709 842 866 
 661 462 648 676 597 687 804 
 681 514 712 675 695 954 533 
 718 1047 868 514 912 805 798 
 753 833 702 685 579 507 701 
 855 789 799 964 690 861 433 
 620 679 549 868 894 544 683 
 513 626 672 479 740 618 724 
 1005 675 851 890 975 926 879 
 867 674 811 1083 973 909 735 
 687 881 573 679 623 880 645 
 468 921 723 445 618 667 727 
 990 653 572 716 740 728 1005 
 458 980 480 1066 964 959 476 
 775 544 854 533 980 695 899 
 776 1010 1065 636 478 950 765 
 955 633 609 602 749 609 564 
 694 964 990 675 858 638 504 
 909 548 580 537 990 642 895 
 792 810 647 691 1035 538 462 
 960 504 499 706 741 787 905 
 847 599 710 620 1037 556 731 
 902 490 498 939 789 549 564 
 866 1049 398 962 654 767 950 
 704 901 991 722 911 708 573 
 784 912 806 571 582 563 572 
 762 534 759 791 687 861 727 
 620 895 927 704 927 772 465 
 775 923 976 650 913 702 907 
 737 659 853 877 605 782 835 
 599 770 910 518 940 
 990 3 809 515 227 393 887 
 679 477 570 286 133 544 706 
 397 962 809 247 214 212 96 
 635 455 774 55 689 67 498 
 409 223 134 93 987 1000 2 
 249 492 902 509 462 852 138 
 910 605 413 260 892 738 748 
 904 973 719 174 718 806 440 
 298 920 56 779 859 810 29 
 843 442 587 470 249 389 429 
 212 129 449 478 471 93 873 
 685 194 756 220 876 139 897 
 240 191 667 723 800 592 914 
 895 470 263 296 744 633 924 
 211 370 661 254 260 249 814 
 519 144 557 602 549 647 745 
 609 897 103 80 717 253 734 
 551 129 127 825 368 683 688 
 326 195 50 860 548 197 646 
 959 550 806 697 108 890 452 
 873 492 692 777 275 160 577 
 636 622 872 869 659 757 335 
 523 819 835 260 680 709 923 
 162 814 881 38 970 146 127 
 364 317 988 962 550 227 241 
 803 322 314 522 199 564 928 
 338 967 436 15 67 835 620 
 228 318 214 693 589 131 768 
 895 246 46 190 285 370 966 
 609 393 305 373 960 293 926 
 985 127 45 765 877 45 126 
 120 222 494 23 910 134 750 
 313 823 171 768 95 891 885 
 848 909 251 905 567 218 582 
 264 728 246 788 263 581 858 
 640 549 35 530 592 
 382 677 228 468 194 4 637 
 464 389 985 415 241 996 608 
 660 329 669 349 969 450 99 
 467 908 613 971 680 692 576 
 122 266 26 297 187 992 939 
 597 962 776 570 102 793 861 
 455 8 350 852 706 962 208 
 194 646 446 389 184 54 567 
 742 577 825 669 69 178 805 
 17 292 310 988 833 69 516 
 224 19 640 258 639 209 80 
 309 655 664 421 375 913 104 
 119 768 902 276 991 688 130 
 623 958 90 194 298 673 1000 
 566 16 315 550 919 645 273 
 376 55 698 492 659 627 170 
 593 356 490 338 904 218 874 
 283 455 693 607 910 59 971 
 802 67 627 462 227 826 901 
 87 951 406 821 609 79 101 
 58 389 182 905 494 705 225 
 595 297 719 676 124 652 767 
 312 611 46 900 214 477 394 
 592 578 248 194 215 128 413 
 891 147 751 417 417 172 928 
 747 908 645 557 395 481 263 
 914 719 353 815 197 108 759 
 839 452 134 604 549 890 872 
 499 669 698 931 716 679 167 
 951 609 792 609 266 242 505 
 288 98 112 562 477 212 644 
 309 38 859 973 930 821 800 
 139 989 725 292 751 298 652 
 982 775 156 783 309 843 448 
 17 948 848 805 41 601 711 
 135 230 972 165 680 
 738 159 329 125 298 226 127 
 834 306 243 823 829 960 512 
 796 27 415 941 262 149 615 
 276 703 328 567 407 198 919 
 243 518 341 393 27 841 170 
 330 369 852 551 498 912 230 
 754 176 797 616 132 236 470 
 830 643 623 381 647 494 659 
 211 92 731 730 565 594 843 
 407 224 343 240 255 499 270 
 644 430 952 363 984 57 850 
 918 615 526 486 104 929 173 
 265 382 998 110 678 1000 800 
 263 988 96 431 948 544 643 
 452 333 592 833 189 573 659 
 292 122 376 249 658 628 371 
 54 123 768 752 429 562 542 
 720 262 851 365 863 512 680 
 650 734 29 787 885 803 832 
 43 522 369 391 504 176 919 
 864 69 339 969 661 855 905 
 960 7 881 167 866 620 669 
 17 986 113 387 292 518 77 
 434 788 90 843 94 228 520 
 101 791 857 812 544 69 236 
 856 621 877 324 741 649 565 
 304 348 232 783 285 967 742 
 248 468 547 914 773 40 962 
 993 169 746 762 333 553 741 
 367 882 268 57 761 604 532 
 103 222 673 221 329 765 475 
 360 328 559 633 214 610 566 
 658 69 225 835 857 837 229 
 328 991 727 108 242 140 961 
 87 444 643 236 797 876 680 
 914 243 982 547 104 
 546 90 153 696 863 583 254 
 427 560 540 757 424 916 410 
 107 319 640 739 631 668 168 
 929 594 13 819 822 710 930 
 525 127 9 863 132 840 950 
 19 226 637 7 253 965 718 
 220 412 831 536 1 179 414 
 811 339 62 691 967 210 423 
 524 829 548 479 440 520 780 
 718 821 664 415 504 716 730 
 43 29 223 728 285 967 15 
 425 657 458 680 753 992 805 
 529 111 297 867 429 241 184 
 456 107 584 838 891 910 67 
 614 392 132 659 155 307 822 
 740 666 251 596 366 883 380 
 389 279 294 483 642 873 560 
 48 992 354 123 981 359 936 
 54 376 166 968 121 842 826 
 723 423 709 651 335 121 576 
 413 839 847 242 358 978 693 
 367 540 332 759 509 765 807 
 308 94 347 455 660 4 758 
 632 258 6 167 944 55 164 
 997 516 316 476 930 124 540 
 642 339 557 845 185 217 530 
 14 101 539 889 429 60 544 
 823 479 679 21 203 15 956 
 74 915 387 977 85 89 193 
 640 92 764 852 558 482 366 
 382 354 521 536 109 741 970 
 1000 149 293 901 910 625 377 
 691 241 897 685 20 188 42 
 451 306 47 137 517 394 31 
 726 733 878 406 912 512 547 
 385 579 190 651 955 
 340 435 226 156 177 379 673 
 649 152 711 261 578 310 730 
 684 262 44 938 652 463 769 
 983 780 21 786 221 176 443 
 394 745 573 915 386 581 40 
 730 966 572 806 516 701 636 
 67 934 534 566 180 486 482 
 727 163 394 111 964 310 970 
 566 728 839 39 577 541 665 
 224 110 747 950 64 721 380 
 563 506 510 123 264 832 186 
 248 921 582 68 628 79 353 
 774 637 60 126 787 737 288 
 764 279 554 254 801 850 406 
 117 854 531 299 351 698 452 
 684 996 879 97 134 204 830 
 88 74 31 667 679 800 21 
 9 960 640 756 707 478 528 
 68 215 148 716 716 524 538 
 665 747 53 911 592 654 180 
 925 658 956 856 574 720 971 
 162 498 559 817 786 111 54 
 562 220 276 584 772 218 758 
 63 940 297 551 350 958 411 
 15 501 414 567 684 323 578 
 698 536 141 404 692 336 857 
 9 202 934 513 275 455 139 
 376 966 370 942 982 300 125 
 434 603 128 723 99 597 541 
 207 983 473 797 509 725 603 
 81 305 351 175 860 185 638 
 243 550 523 585 402 576 646 
 405 233 860 226 412 439 338 
 126 709 679 547 461 95 989 
 350 88 333 362 75 386 600 
 831 963 542 639 923 
 291 33 263 693 309 439 131 
 32 933 846 67 714 532 332 
 132 307 494 953 42 589 68 
 884 64 824 9 279 195 987 
 149 426 866 457 955 393 950 
 657 194 716 777 748 918 962 
 576 588 125 468 400 657 465 
 339 513 67 719 153 829 623 
 988 592 376 105 882 173 917 
 366 782 506 476 238 970 95 
 741 972 696 813 474 598 629 
 544 752 202 393 2 556 286 
 8 639 518 773 971 964 207 
 187 27 463 905 464 562 773 
 34 685 770 373 400 751 234 
 904 659 278 797 677 638 260 
 160 895 44 414 270 893 993 
 588 166 532 415 841 152 623 
 150 185 874 858 712 85 668 
 393 874 56 517 3 618 774 
 476 406 16 913 270 393 439 
 692 10 116 96 228 102 392 
 250 513 456 862 252 952 75 
 920 654 366 368 713 259 308 
 80 374 663 533 986 609 56 
 928 474 674 334 198 667 924 
 177 611 554 744 855 189 75 
 35 947 109 312 920 596 992 
 741 470 323 388 244 776 769 
 611 512 351 668 226 540 711 
 912 318 850 508 494 579 619 
 443 502 923 778 112 786 456 
 46 10 938 267 363 216 649 
 865 344 2 202 64 174 272 
 437 717 93 907 719 507 262 
 13 349 426 176 681 
 750 77 268 939 227 482 991 
 142 600 800 443 614 727 994 
 804 340 353 93 259 427 763 
 3 236 460 122 61 616 391 
 255 370 122 380 57 154 417 
 12 237 130 411 531 165 805 
 588 977 788 719 297 341 741 
 433 223 753 951 602 626 603 
 617 812 487 9 396 82 440 
 186 701 891 266 708 527 800 
 889 889 43 268 343 497 807 
 440 46 54 944 892 923 66 
 47 260 238 528 59 432 619 
 420 772 459 362 316 859 630 
 255 283 483 44 489 426 769 
 780 419 246 738 781 828 327 
 664 582 382 293 844 641 65 
 458 130 666 157 216 287 315 
 673 713 764 557 223 641 536 
 638 132 380 934 237 928 407 
 739 519 666 431 430 455 793 
 547 342 631 114 650 868 329 
 948 940 357 156 941 51 6 
 391 714 29 21 814 217 952 
 260 376 919 580 948 885 441 
 975 434 303 515 284 517 39 
 713 552 675 541 473 482 606 
 709 284 800 538 692 905 113 
 323 493 233 678 593 467 304 
 479 11 567 744 295 389 455 
 308 839 856 362 975 180 541 
 262 379 375 402 854 841 696 
 440 324 139 666 731 282 147 
 285 70 624 233 462 249 941 
 23 990 437 310 869 429 521 
 87 563 45 820 525 
 482 806 89 463 65 436 80 
 991 697 883 811 709 783 766 
 492 30 189 770 263 839 975 
 389 243 108 758 454 951 854 
 390 156 454 128 767 69 986 
 328 430 284 490 470 490 66 
 572 62 214 913 713 941 889 
 522 91 13 847 388 135 393 
 541 121 257 760 687 16 748 
 785 154 341 855 930 192 696 
 526 840 135 864 302 782 64 
 477 486 686 688 952 750 440 
 440 75 265 550 349 592 65 
 355 239 162 366 207 658 446 
 503 204 158 927 636 253 111 
 644 961 227 508 11 851 895 
 335 938 768 783 569 337 912 
 265 779 832 974 881 77 626 
 796 178 535 319 873 542 688 
 498 628 933 370 583 485 519 
 202 795 280 42 520 776 881 
 394 835 327 414 532 833 532 
 791 497 553 472 886 858 906 
 313 727 24 159 657 670 944 
 961 273 858 697 659 372 533 
 902 331 340 265 545 157 156 
 234 950 447 186 69 123 804 
 723 380 408 594 891 263 418 
 267 684 289 119 403 418 432 
 953 174 783 498 91 791 683 
 376 37 239 738 964 191 188 
 475 105 295 750 436 542 362 
 288 631 122 949 186 354 71 
 433 617 137 375 471 523 868 
 655 761 556 440 877 748 802 
 247 483 927 561 655 
 865 309 94 930 68 562 379 
 291 456 759 183 707 263 862 
 154 663 63 892 107 426 844 
 673 219 193 410 856 118 819 
 105 743 700 701 830 382 860 
 559 942 383 659 975 930 986 
 303 281 936 758 39 340 543 
 7 38 290 497 121 539 336 
 822 688 242 392 892 990 448 
 630 224 417 552 865 812 810 
 857 669 110 149 612 874 220 
 9 391 927 913 599 747 556 
 405 779 677 210 472 260 14 
 396 110 859 42 641 944 6 
 764 960 613 897 796 3 845 
 529 262 319 673 344 802 65 
 707 839 986 48 722 318 192 
 506 162 277 595 527 77 81 
 125 816 164 733 869 686 411 
 6 309 258 191 556 884 175 
 912 793 497 506 207 884 988 
 389 423 19 348 790 203 201 
 160 211 938 757 270 113 269 
 566 29 145 396 568 323 57 
 412 120 430 500 914 462 635 
 649 131 351 304 164 611 232 
 42 47 346 346 669 438 501 
 760 455 605 618 466 420 705 
 818 87 471 441 284 564 637 
 380 245 526 9 543 713 9 
 807 524 983 383 874 836 856 
 319 635 392 631 571 56 779 
 549 312 769 232 819 907 248 
 562 23 152 24 935 834 2 
 346 812 159 849 80 47 828 
 198 538 670 438 576 
 586 291 550 973 920 236 605 
 671 892 852 600 908 391 988 
 124 372 664 246 201 208 311 
 31 886 319 331 411 560 479 
 437 637 74 334 369 381 843 
 822 223 688 74 106 550 958 
 258 43 963 862 989 632 412 
 657 762 538 431 889 286 19 
 249 720 652 866 672 241 653 
 495 848 639 454 278 382 798 
 755 326 126 437 943 639 500 
 513 65 565 908 544 221 918 
 171 650 264 773 74 648 240 
 301 678 97 111 653 440 304 
 383 341 676 271 354 500 252 
 442 704 24 939 380 239 490 
 577 546 410 422 698 66 162 
 862 597 825 749 33 124 470 
 56 319 344 881 61 852 90 
 299 854 485 114 157 413 134 
 383 16 609 879 395 264 289 
 890 508 160 301 253 394 451 
 497 687 316 503 608 229 313 
 138 442 418 239 346 446 592 
 677 958 302 209 105 925 781 
 964 121 98 873 232 106 445 
 513 834 826 152 397 654 958 
 454 95 575 114 339 373 23 
 676 827 67 589 927 788 195 
 97 240 651 573 129 299 712 
 308 201 91 704 301 949 36 
 654 953 398 921 761 589 701 
 67 243 294 419 584 807 94 
 164 703 856 276 647 165 457 
 543 983 26 729 97 854 1000 
 210 451 934 488 110 
 260 223 549 440 602 944 277 
 411 4 966 851 926 645 462 
 558 562 89 82 887 416 460 
 52 181 341 799 318 304 811 
 186 742 895 239 544 274 747 
 157 157 559 632 363 129 329 
 998 471 353 81 131 873 538 
 698 47 784 836 554 661 934 
 640 561 340 235 474 851 521 
 722 620 462 194 990 256 490 
 339 650 187 11 480 147 522 
 311 79 254 582 327 756 160 
 624 696 449 226 666 856 915 
 857 258 359 949 271 128 538 
 899 363 338 905 622 321 756 
 283 922 769 200 359 609 897 
 311 642 990 330 54 839 9 
 362 751 777 469 934 460 121 
 243 630 371 633 573 350 122 
 660 722 456 770 332 579 267 
 179 425 946 561 940 386 430 
 419 799 797 894 53 893 510 
 843 370 206 146 324 734 943 
 336 328 901 770 764 198 630 
 62 803 412 983 227 630 401 
 431 740 606 619 206 507 844 
 671 509 221 542 813 412 906 
 896 591 856 562 920 445 617 
 184 984 394 148 520 489 12 
 141 552 548 534 27 113 960 
 574 577 801 939 693 432 919 
 897 89 493 102 61 765 227 
 310 890 140 441 477 472 207 
 882 625 487 140 79 642 909 
 690 828 817 872 710 69 587 
 498 863 22 531 975 
 482 621 155 248 117 576 857 
 125 259 502 738 140 781 895 
 519 428 491 11 425 200 532 
 347 437 140 307 865 904 89 
 638 280 962 480 805 988 866 
 985 168 199 468 41 821 272 
 565 284 347 53 867 88 161 
 802 37 829 741 592 686 334 
 118 494 608 40 721 166 242 
 653 437 897 241 792 525 816 
 768 662 7 871 999 193 385 
 713 765 475 415 731 661 356 
 548 835 98 628 527 668 690 
 64 905 672 459 341 759 532 
 801 877 276 482 739 548 708 
 298 56 73 696 502 597 973 
 916 887 387 870 202 611 338 
 504 853 675 728 632 229 821 
 831 696 253 959 506 369 598 
 214 726 100 905 434 264 590 
 95 538 874 39 497 542 813 
 841 38 185 894 513 816 986 
 896 600 285 830 397 942 102 
 120 596 851 682 60 129 252 
 288 807 591 327 951 206 470 
 432 693 848 749 199 873 852 
 150 512 305 186 724 48 218 
 251 861 143 891 608 215 363 
 41 564 244 86 945 56 749 
 861 183 153 80 216 137 68 
 513 95 610 173 778 963 375 
 971 874 512 187 828 447 668 
 372 895 787 865 666 765 959 
 913 899 702 426 918 959 293 
 528 295 164 115 867 66 401 
 204 114 636 251 452 
 292 449 673 336 42 420 695 
 332 712 309 406 735 754 422 
 806 680 286 684 768 496 997 
 413 278 780 313 174 951 265 
 550 602 788 854 360 769 939 
 583 360 447 951 384 597 800 
 588 812 469 603 27 272 201 
 333 882 970 729 851 152 737 
 564 869 51 171 373 5 778 
 49 207 842 730 107 703 797 
 625 930 260 896 628 58 535 
 290 785 172 554 891 123 349 
 90 960 321 304 844 285 438 
 3 929 597 718 788 937 956 
 181 706 273 894 607 732 796 
 847 959 802 978 850 777 189 
 171 678 334 599 578 699 562 
 913 817 320 239 337 921 667 
 431 936 630 389 604 445 556 
 699 489 660 972 892 796 635 
 717 723 794 10 386 396 904 
 880 511 799 514 878 891 254 
 526 316 948 805 982 5 110 
 38 704 116 705 474 494 466 
 70 655 140 183 495 725 100 
 740 977 207 12 154 802 593 
 218 925 682 589 996 509 900 
 213 66 386 873 96 665 846 
 929 861 14 552 344 217 310 
 27 114 672 360 291 230 493 
 615 643 724 722 185 126 86 
 518 57 516 559 162 548 889 
 695 370 222 420 562 35 378 
 964 260 649 875 554 572 989 
 870 294 875 560 459 763 907 
 899 791 203 671 690 
 972 504 303 692 459 895 328 
 124 127 957 533 476 545 94 
 256 174 490 874 390 403 628 
 727 382 631 376 36 576 443 
 349 522 981 904 253 67 98 
 988 232 439 964 614 220 307 
 362 41 412 752 517 474 60 
 132 217 482 805 443 736 691 
 676 404 83 906 339 796 72 
 488 197 594 505 1000 234 735 
 306 16 359 43 697 584 42 
 624 435 917 40 200 59 98 
 430 181 593 106 226 612 836 
 752 640 920 975 619 187 744 
 213 754 465 808 500 659 181 
 80 242 571 131 743 146 325 
 670 749 749 195 242 323 353 
 238 208 899 371 445 532 135 
 396 231 88 899 500 881 630 
 866 201 630 344 752 365 305 
 312 324 763 980 743 180 15 
 558 142 366 392 598 54 539 
 352 594 1000 329 317 950 83 
 476 7 549 832 228 40 937 
 592 965 722 626 153 929 604 
 80 834 389 409 506 436 454 
 830 690 748 529 962 806 427 
 270 700 87 908 154 430 998 
 808 863 91 276 683 580 864 
 447 85 531 965 283 304 303 
 75 967 828 378 227 170 596 
 368 587 297 829 373 943 874 
 548 111 897 541 997 850 168 
 31 164 264 937 518 12 221 
 656 700 64 115 285 637 957 
 275 191 919 147 350 
 898 587 695 631 192 535 75 
 249 56 97 8 151 600 579 
 360 175 676 665 703 733 692 
 364 43 513 903 588 631 697 
 466 503 275 500 694 36 377 
 755 101 446 807 40 450 354 
 312 140 388 679 922 202 408 
 247 861 148 529 529 720 913 
 617 196 291 307 308 412 867 
 874 601 541 162 267 231 208 
 619 917 217 72 854 305 42 
 314 511 32 359 232 590 962 
 671 141 127 298 243 374 80 
 418 252 125 596 255 137 372 
 738 101 190 108 164 344 620 
 387 209 16 51 695 809 82 
 39 893 467 86 525 831 313 
 381 956 409 543 454 972 42 
 686 460 880 803 962 841 26 
 890 420 49 211 971 121 519 
 343 411 816 800 626 572 628 
 473 13 151 109 601 526 125 
 623 254 187 252 679 33 532 
 481 393 417 763 450 611 719 
 205 265 503 711 126 47 83 
 362 582 919 216 563 797 413 
 436 199 311 650 432 771 288 
 297 601 317 390 359 456 171 
 169 444 280 612 644 388 434 
 367 280 108 178 743 804 189 
 7 835 983 314 461 679 801 
 489 19 837 948 411 564 385 
 111 459 742 559 452 913 755 
 941 158 924 395 376 197 321 
 454 880 708 942 410 954 417 
 772 137 505 770 912 
 64 395 48 49 927 573 941 
 111 779 687 100 888 613 493 
 509 369 33 274 13 566 814 
 740 607 274 536 232 924 165 
 967 172 196 33 181 343 138 
 51 370 712 489 482 496 769 
 41 552 286 474 47 451 932 
 245 535 715 179 325 403 889 
 666 324 73 20 240 209 805 
 35 157 383 587 785 590 436 
 955 44 989 670 947 84 684 
 429 949 43 77 816 853 561 
 324 825 593 332 711 535 870 
 857 563 640 758 406 173 403 
 436 236 371 334 667 341 288 
 133 929 577 42 861 287 784 
 84 700 726 350 970 1000 569 
 146 520 281 68 117 24 448 
 503 243 816 636 467 379 207 
 33 241 525 292 551 381 816 
 141 307 957 922 40 184 193 
 252 692 108 10 19 108 162 
 395 462 800 954 153 944 371 
 730 673 109 453 651 725 749 
 598 428 133 810 783 799 216 
 9 665 741 504 658 850 131 
 726 407 123 121 323 942 850 
 670 106 447 760 445 790 316 
 706 341 222 308 208 147 763 
 718 784 865 678 669 848 187 
 345 880 53 853 652 374 918 
 215 532 596 151 907 659 527 
 839 188 530 504 888 214 430 
 266 290 742 821 924 47 832 
 784 831 108 754 454 222 228 
 788 780 289 244 451 
 678 688 230 474 931 568 95 
 712 580 471 167 952 172 527 
 179 123 69 268 492 989 333 
 29 206 785 469 373 856 478 
 229 823 486 415 625 99 400 
 907 172 490 720 721 606 99 
 798 193 631 67 379 82 9 
 279 592 655 23 337 997 505 
 311 780 664 428 481 488 267 
 337 516 467 524 309 221 518 
 307 726 479 331 53 609 49 
 167 259 292 354 635 66 648 
 837 898 273 786 108 507 469 
 709 838 868 540 329 937 354 
 482 978 510 482 79 192 583 
 959 221 370 560 713 195 305 
 328 778 491 814 887 697 763 
 611 197 146 334 354 734 851 
 728 384 447 7 475 7 63 
 752 965 159 741 767 677 906 
 126 131 889 553 363 67 154 
 729 412 556 58 381 424 673 
 875 195 423 165 887 910 581 
 666 719 759 31 303 60 82 
 523 227 278 913 833 916 752 
 883 331 782 968 3 710 533 
 223 840 846 288 261 792 291 
 611 10 891 853 187 980 320 
 928 647 324 530 239 268 735 
 353 594 637 357 488 152 428 
 788 738 435 362 185 380 959 
 880 443 968 312 524 256 494 
 285 187 45 43 320 369 190 
 719 643 737 241 144 450 468 
 914 208 418 963 862 535 141 
 781 577 40 74 792 
 158 44 823 848 650 233 574 
 432 15 312 673 659 722 745 
 229 705 307 775 263 587 335 
 763 465 501 383 793 434 366 
 430 973 641 56 158 139 216 
 599 455 33 697 452 12 238 
 505 247 150 351 6 167 997 
 693 258 313 163 752 605 377 
 630 105 284 763 409 746 387 
 624 513 567 315 562 800 705 
 300 390 708 198 1 700 877 
 858 887 568 624 915 19 734 
 878 655 125 151 436 863 785 
 694 881 504 248 441 849 974 
 232 127 980 631 776 150 326 
 599 634 354 468 305 62 813 
 52 881 490 10 361 370 59 
 767 648 490 322 949 382 807 
 135 369 38 200 439 296 460 
 916 797 21 570 347 770 690 
 662 773 932 727 231 366 439 
 677 427 135 110 394 131 604 
 711 858 81 631 938 962 271 
 119 536 68 639 239 939 49 
 769 304 602 490 824 62 873 
 125 60 876 762 504 525 71 
 29 654 836 386 56 892 81 
 527 287 995 524 865 947 51 
 549 161 290 668 730 670 450 
 540 28 780 5 439 824 640 
 946 170 38 713 242 861 731 
 751 357 524 655 696 24 396 
 790 838 456 926 391 658 146 
 69 46 375 458 303 978 718 
 656 629 525 693 73 355 751 
 711 915 14 337 105 
 438 64 706 986 963 317 380 
 168 974 675 68 586 547 828 
 396 305 130 475 81 781 130 
 40 251 329 582 115 615 591 
 729 570 654 657 483 666 843 
 124 666 367 623 13 239 124 
 349 144 277 514 477 453 98 
 360 609 753 474 774 105 37 
 272 506 518 529 37 671 73 
 343 268 553 73 951 131 305 
 398 30 809 632 169 949 792 
 845 232 466 49 335 307 65 
 946 553 207 641 537 729 981 
 814 933 151 930 594 697 717 
 37 491 639 651 370 138 910 
 167 937 497 827 767 461 561 
 801 78 14 262 545 856 534 
 924 359 518 459 382 490 296 
 418 643 498 526 614 575 910 
 309 754 290 588 769 388 395 
 560 679 981 450 529 111 43 
 536 710 83 773 703 84 915 
 809 49 292 84 208 682 758 
 421 12 988 640 175 551 630 
 717 247 498 436 910 901 856 
 877 1000 25 337 958 395 323 
 469 290 182 567 822 278 595 
 715 60 702 695 608 144 90 
 269 530 7 638 831 784 876 
 219 772 209 4 777 576 181 
 776 250 294 118 645 492 414 
 659 923 110 167 307 519 656 
 811 905 857 424 445 180 229 
 753 987 868 762 530 20 67 
 828 655 208 81 873 473 9 
 702 414 918 973 981 
 703 305 984 901 377 64 44 
 967 632 879 792 319 567 680 
 906 291 634 31 500 396 45 
 742 743 767 844 342 954 530 
 903 136 337 95 459 430 998 
 530 513 405 848 218 116 991 
 446 594 157 618 666 453 303 
 499 37 35 161 304 86 581 
 535 983 450 210 24 977 115 
 936 350 703 673 145 55 424 
 344 691 893 944 751 109 224 
 569 868 522 46 125 431 584 
 232 99 38 477 965 869 98 
 806 242 75 507 976 240 521 
 144 154 220 897 245 488 412 
 33 722 657 703 259 312 507 
 313 678 691 259 329 615 685 
 943 851 119 168 607 804 19 
 73 759 394 863 829 654 703 
 328 317 251 593 435 961 252 
 386 912 854 791 184 878 103 
 269 76 910 780 537 780 967 
 981 820 743 436 965 901 707 
 351 815 195 289 20 993 459 
 987 205 435 296 82 786 174 
 222 906 21 628 508 882 230 
 131 428 501 826 993 109 642 
 444 463 627 548 258 469 251 
 545 238 761 200 82 817 159 
 948 383 399 847 328 895 586 
 970 794 707 391 442 89 472 
 459 476 826 102 196 670 160 
 148 967 833 517 287 277 237 
 563 999 853 359 288 664 999 
 43 869 272 862 809 934 757 
 939 241 759 13 736 
 606 11 42 572 284 100 444 
 744 993 377 652 930 861 10 
 25 9 465 317 621 868 289 
 982 485 856 569 888 98 144 
 648 822 147 714 839 928 399 
 483 896 351 3 266 942 903 
 559 21 969 543 920 399 422 
 257 431 12 168 338 988 153 
 881 840 506 614 911 199 298 
 561 839 994 660 802 153 121 
 329 328 185 855 249 870 953 
 1 774 245 847 790 125 240 
 162 216 335 753 355 663 380 
 151 102 648 291 788 477 616 
 97 736 65 227 559 832 200 
 218 442 524 565 528 144 651 
 402 747 983 87 342 435 782 
 232 574 148 833 817 652 699 
 653 628 139 354 767 687 534 
 19 300 99 444 895 176 832 
 684 876 760 907 424 952 838 
 354 371 880 984 885 865 78 
 295 709 891 255 8 353 648 
 760 509 85 754 923 257 329 
 581 478 813 138 784 565 445 
 339 225 149 306 105 274 48 
 230 817 998 624 521 418 666 
 524 222 187 571 538 484 394 
 43 202 605 833 787 783 425 
 281 928 956 32 996 397 539 
 554 668 436 204 47 780 788 
 479 741 570 488 18 20 929 
 454 849 99 272 851 425 153 
 804 678 314 939 366 3 16 
 448 501 436 240 766 866 63 
 451 59 709 186 724 
 275 979 463 857 68 563 583 
 76 83 709 448 998 876 850 
 382 496 299 761 331 713 558 
 895 886 366 447 252 492 501 
 827 349 425 128 459 797 517 
 698 661 187 455 523 179 890 
 931 635 150 690 699 976 2 
 330 982 159 393 330 963 412 
 348 713 651 834 78 396 714 
 682 415 137 940 268 568 7 
 775 414 683 798 60 351 824 
 157 477 89 792 200 461 234 
 386 605 626 634 542 563 60 
 771 941 353 467 834 812 143 
 914 367 189 648 989 733 444 
 914 651 538 842 267 235 862 
 267 763 329 891 672 402 813 
 209 884 912 367 702 247 678 
 845 952 108 919 144 403 554 
 846 58 617 93 214 648 820 
 83 380 7 772 742 677 272 
 689 483 279 203 463 15 904 
 44 93 692 936 216 860 543 
 904 534 784 169 216 614 888 
 511 705 587 733 131 735 496 
 220 382 324 571 724 524 908 
 683 254 126 877 691 479 909 
 810 460 71 907 731 740 63 
 402 559 33 596 665 893 828 
 350 899 989 221 599 373 353 
 330 164 898 378 119 53 425 
 733 964 700 466 858 361 552 
 547 64 850 790 92 714 667 
 476 540 8 627 510 306 909 
 840 452 147 211 549 785 110 
 657 349 324 441 104 
 415 437 26 825 287 191 284 
 598 8 663 176 243 380 184 
 671 82 831 733 136 376 519 
 779 759 308 820 900 599 825 
 959 220 949 888 187 672 261 
 31 206 868 801 990 718 145 
 292 512 940 833 611 412 346 
 235 342 918 939 36 209 82 
 559 123 438 609 739 579 46 
 243 18 463 940 211 438 847 
 23 928 612 773 19 609 163 
 526 998 486 507 912 276 247 
 453 368 122 469 310 680 634 
 850 458 699 611 58 3 473 
 766 982 439 921 432 596 610 
 689 27 432 304 982 955 896 
 169 661 993 114 923 373 601 
 671 440 98 364 804 628 795 
 541 788 597 134 843 303 176 
 728 60 977 64 807 228 291 
 365 683 920 657 86 216 181 
 224 654 573 303 382 215 978 
 202 838 970 75 819 82 314 
 950 980 320 363 438 954 16 
 613 414 630 610 785 29 117 
 818 368 387 465 393 230 479 
 203 98 722 990 895 201 946 
 363 445 620 560 570 81 287 
 382 602 714 688 27 566 715 
 463 283 106 323 227 952 821 
 100 548 907 219 294 509 640 
 112 353 789 229 780 668 882 
 104 105 289 340 899 765 725 
 698 201 927 824 336 253 228 
 329 923 903 703 47 802 453 
 218 583 101 779 927 
 424 610 235 828 824 539 538 
 810 612 265 16 389 922 550 
 318 465 7 526 365 89 711 
 515 107 287 665 843 612 746 
 398 626 1 555 821 87 588 
 933 31 296 47 479 995 956 
 351 396 258 476 460 453 711 
 512 965 915 134 803 45 439 
 178 542 568 605 852 566 836 
 188 959 989 655 46 428 888 
 941 512 13 189 726 625 4 
 739 297 538 785 655 443 313 
 742 923 861 326 819 348 785 
 978 608 431 634 626 654 731 
 14 735 236 781 893 843 715 
 390 174 908 912 332 630 136 
 13 195 328 116 766 202 987 
 884 915 893 398 273 579 998 
 804 670 123 378 984 329 625 
 469 399 714 12 629 239 997 
 359 511 547 735 577 484 196 
 842 918 1000 751 961 731 153 
 825 354 764 2 187 263 286 
 106 628 538 923 408 547 740 
 985 323 906 564 201 331 33 
 431 831 289 831 933 767 711 
 769 405 931 287 921 238 412 
 748 677 884 694 739 684 300 
 401 624 321 73 416 303 437 
 506 844 809 430 89 295 723 
 225 588 128 685 857 673 113 
 32 285 699 322 500 763 320 
 299 980 399 774 651 635 760 
 937 956 514 1 174 483 457 
 675 948 888 313 114 623 370 
 307 583 756 511 771 
 959 131 614 554 829 960 526 
 646 996 504 586 921 802 860 
 955 548 46 840 859 122 760 
 16 467 469 210 614 644 993 
 178 486 829 305 29 453 889 
 237 547 733 894 201 676 795 
 366 764 206 747 397 109 995 
 1000 271 309 109 677 286 941 
 201 289 886 118 700 535 866 
 546 488 970 603 70 253 176 
 627 756 616 333 933 938 324 
 500 203 316 714 302 492 858 
 202 83 772 433 983 601 353 
 859 564 111 126 518 609 440 
 690 141 338 592 119 536 198 
 800 322 252 867 401 692 634 
 578 619 156 336 342 226 515 
 227 196 421 781 119 545 263 
 282 892 102 849 641 33 324 
 661 159 413 319 563 810 241 
 677 266 121 943 171 277 911 
 809 499 939 507 481 223 613 
 761 68 781 109 638 221 656 
 867 29 291 90 599 941 138 
 315 142 463 938 416 981 377 
 466 52 526 188 138 464 589 
 908 539 890 657 365 136 694 
 75 432 473 239 320 913 794 
 572 695 592 576 34 817 665 
 175 109 43 52 380 527 69 
 435 382 852 152 48 91 531 
 562 754 787 909 656 75 959 
 723 792 898 616 601 307 641 
 471 764 789 583 512 605 485 
 603 901 106 298 957 163 177 
 372 188 703 156 718 
 335 447 571 957 372 872 260 
 249 914 627 603 405 319 518 
 305 408 633 772 414 410 189 
 964 279 830 1 834 773 370 
 458 592 819 511 604 570 950 
 80 69 52 442 653 905 660 
 592 956 955 454 897 556 88 
 44 337 226 371 314 44 200 
 208 11 106 568 457 853 18 
 244 538 877 679 275 542 986 
 605 650 829 882 178 73 348 
 199 524 728 699 679 302 717 
 644 647 74 631 929 341 694 
 928 650 463 455 141 201 583 
 518 325 102 507 828 42 737 
 886 95 866 931 321 682 413 
 539 759 365 204 601 234 786 
 805 836 665 187 17 205 278 
 579 186 672 169 747 318 229 
 631 401 388 923 64 672 824 
 71 195 770 17 463 394 870 
 541 841 764 874 858 618 158 
 359 707 920 802 350 516 815 
 611 78 182 804 949 819 401 
 3 303 61 740 768 686 470 
 942 343 192 825 730 61 805 
 171 844 819 190 43 711 765 
 650 633 721 47 916 47 917 
 874 239 321 247 609 293 78 
 941 727 697 669 970 140 795 
 830 770 892 37 557 813 926 
 695 199 275 644 87 338 315 
 567 590 782 596 656 850 893 
 784 926 143 828 131 283 86 
 998 111 62 569 773 37 134 
 787 352 427 283 570 
 379 257 628 257 50 33 128 
 863 771 594 765 89 725 91 
 154 72 541 551 709 283 299 
 828 868 914 974 444 756 264 
 620 648 19 742 263 816 654 
 415 864 68 497 535 325 127 
 522 834 755 400 580 950 42 
 279 676 368 386 506 870 960 
 576 973 357 91 401 284 741 
 636 819 416 360 2 86 530 
 994 367 190 483 110 382 589 
 935 972 754 50 933 25 607 
 52 751 629 865 549 450 242 
 702 943 669 681 940 679 361 
 325 265 763 989 724 383 861 
 486 649 141 884 72 187 652 
 807 736 763 70 834 93 792 
 54 756 2 114 478 237 756 
 320 605 299 260 987 406 151 
 700 575 639 497 569 428 166 
 969 412 96 611 984 216 299 
 13 242 515 255 446 116 597 
 846 382 253 26 154 312 494 
 327 722 735 482 607 753 686 
 84 698 134 626 450 242 356 
 328 541 973 975 806 229 689 
 4 458 447 971 941 92 934 
 574 998 309 442 548 74 909 
 963 646 485 805 732 219 160 
 337 840 770 174 995 333 680 
 538 695 259 511 500 770 387 
 5 375 561 431 256 452 36 
 374 514 989 767 316 369 8 
 844 378 243 761 530 467 964 
 775 371 810 311 130 808 4 
 30 297 326 937 113 
 221 693 410 848 901 964 953 
 889 344 30 699 857 885 842 
 87 955 362 246 563 176 470 
 177 11 452 367 691 648 285 
 962 333 690 249 791 271 973 
 47 280 598 597 106 421 994 
 250 572 225 408 745 145 90 
 709 104 215 819 629 567 454 
 962 998 815 699 848 264 596 
 740 491 961 738 539 542 937 
 920 507 667 674 79 972 390 
 110 601 143 474 22 578 344 
 167 742 239 45 562 498 105 
 690 626 318 968 219 436 768 
 991 934 190 943 828 902 699 
 896 579 665 292 548 263 115 
 905 170 144 51 945 29 380 
 722 983 606 93 130 217 961 
 710 852 135 887 69 759 280 
 910 351 10 765 897 278 713 
 930 817 931 536 15 249 708 
 440 298 730 164 355 978 620 
 637 809 860 687 318 185 270 
 852 980 302 885 326 346 319 
 583 32 753 173 248 46 933 
 715 301 2 453 911 225 117 
 664 586 931 249 728 441 812 
 488 416 529 921 616 244 236 
 629 481 797 390 971 835 786 
 718 815 90 653 269 194 591 
 466 712 743 725 776 662 393 
 552 173 496 880 622 452 804 
 871 242 822 223 919 157 48 
 389 985 651 370 779 214 838 
 371 119 527 981 581 620 651 
 819 988 367 852 463 
 686 832 656 71 234 2 768 
 675 184 81 947 634 267 22 
 776 544 241 708 278 906 191 
 559 67 95 140 794 534 230 
 684 93 429 567 257 297 53 
 851 929 883 197 507 242 81 
 458 458 982 296 969 617 111 
 313 694 710 808 655 446 195 
 929 386 295 984 72 769 947 
 96 320 889 462 244 299 584 
 678 210 190 487 747 203 81 
 363 282 159 899 323 398 625 
 816 79 537 194 474 700 86 
 134 184 930 94 393 817 601 
 364 24 463 311 361 367 123 
 948 590 638 44 607 910 106 
 39 688 111 828 862 269 308 
 884 512 265 148 3 948 879 
 32 683 365 578 486 232 132 
 274 800 979 185 102 389 634 
 479 789 443 505 402 282 104 
 222 489 42 430 936 292 295 
 432 173 884 531 782 70 628 
 187 413 403 148 360 19 158 
 960 975 253 488 282 972 641 
 517 604 200 434 745 531 751 
 207 903 500 696 283 957 336 
 867 306 73 175 716 672 106 
 637 922 673 663 7 118 384 
 528 780 523 896 950 4 226 
 477 59 482 587 648 752 569 
 595 220 467 775 944 731 557 
 852 445 183 637 161 454 51 
 599 864 699 229 882 359 420 
 538 27 404 65 87 860 895 
 46 392 261 907 272 
 923 774 267 355 586 802 716 
 39 579 324 334 222 680 485 
 577 646 93 869 994 943 828 
 317 346 875 978 110 219 696 
 16 924 130 232 249 519 234 
 299 566 664 31 153 44 222 
 365 97 416 491 100 40 223 
 610 788 674 896 268 352 42 
 574 495 724 714 495 814 366 
 433 910 766 694 512 304 718 
 341 130 80 188 590 23 588 
 127 431 415 260 720 438 271 
 341 744 684 869 922 736 275 
 43 973 418 951 989 633 683 
 789 106 63 349 861 469 978 
 805 937 248 155 554 11 533 
 555 312 233 228 396 720 47 
 348 783 48 96 698 995 801 
 428 235 698 629 952 193 44 
 588 553 423 271 155 694 557 
 550 579 257 537 781 298 587 
 115 693 285 658 927 771 912 
 539 73 41 747 855 963 938 
 229 280 262 614 884 352 169 
 818 884 742 644 532 123 95 
 331 393 550 741 804 566 942 
 171 279 985 304 780 328 758 
 79 495 885 664 138 459 336 
 5 797 169 804 24 64 782 
 671 333 754 894 740 399 971 
 296 469 217 76 523 691 607 
 232 587 693 658 342 819 170 
 45 277 2 47 690 767 430 
 879 83 105 185 941 586 920 
 230 738 56 194 210 664 550 
 183 322 746 301 199 
 32120 31901 31985 30958 31041 30588 30187 
 31678 30212 29614 32195 31954 33901 29948 
 28439 29787 30108 30416 30800 31813 31049 
 32588 31204 33554 31267 32017 31098 33621 
 29037 30250