 250 30 0 
 936 872 875 587 630 601 927 
 796 848 478 627 523 496 647 
 600 974 889 770 730 911 697 
 971 585 824 637 967 650 818 
 688 904 471 554 820 856 658 
 846 548 953 675 957 767 643 
 986 968 887 834 764 743 826 
 918 596 995 996 500 791 828 
 490 666 823 562 642 509 720 
 979 612 925 771 610 658 731 
 726 1000 822 685 763 893 684 
 772 663 616 732 775 654 961 
 678 528 660 829 655 870 697 
 886 634 720 598 807 556 522 
 777 750 482 752 844 689 826 
 854 849 964 666 541 497 593 
 500 617 488 559 897 794 940 
 647 652 931 650 932 619 1019 
 603 615 464 808 1008 666 984 
 702 620 923 451 890 946 801 
 852 995 657 746 680 663 588 
 603 561 1004 831 686 868 801 
 668 732 702 769 932 798 540 
 890 749 624 627 659 715 889 
 1039 541 549 565 518 569 649 
 753 769 752 582 874 644 624 
 481 842 842 668 626 582 397 
 894 835 881 875 783 1038 608 
 575 815 681 741 942 751 740 
 610 859 748 950 602 1079 785 
 607 631 855 612 692 964 1011 
 533 669 1013 935 686 773 733 
 878 658 615 654 525 755 787 
 717 821 962 608 608 777 885 
 780 776 622 909 943 623 1056 
 747 850 731 686 934 
 436 483 534 335 934 655 737 
 914 733 895 426 804 159 178 
 427 387 75 57 875 95 765 
 534 79 508 532 19 98 615 
 588 435 308 170 538 713 20 
 256 667 97 421 327 211 467 
 834 688 695 441 241 120 986 
 36 928 484 47 27 283 991 
 595 839 328 755 488 831 617 
 152 192 255 503 152 96 831 
 710 510 305 596 165 10 781 
 977 82 173 221 595 568 925 
 389 127 575 184 132 573 343 
 704 957 433 52 835 791 269 
 768 519 628 935 548 511 84 
 428 21 896 479 66 238 515 
 949 294 177 216 246 890 469 
 15 912 308 118 742 723 807 
 927 913 742 482 264 925 72 
 370 783 67 14 297 288 780 
 720 867 509 33 121 724 500 
 695 10 948 451 333 950 933 
 756 453 451 402 992 236 542 
 815 261 10 403 208 543 368 
 735 803 520 397 133 653 135 
 302 706 206 569 305 10 812 
 987 904 351 295 954 494 973 
 313 281 875 166 756 392 255 
 534 937 164 832 277 348 787 
 91 984 576 100 588 992 324 
 848 295 205 410 51 490 2 
 276 233 360 520 285 728 822 
 678 520 113 675 8 156 190 
 490 619 522 363 511 473 668 
 132 147 49 693 90 983 492 
 784 292 2 807 250 
 775 619 724 174 550 525 159 
 820 776 894 305 345 909 670 
 359 254 38 375 199 376 166 
 385 735 426 709 763 934 852 
 870 576 991 857 821 143 154 
 716 939 121 241 168 557 840 
 306 866 120 84 345 895 269 
 709 698 261 116 936 154 362 
 409 97 228 951 921 269 26 
 3 972 876 545 526 527 969 
 570 36 992 745 58 493 529 
 133 441 134 800 144 139 994 
 869 582 33 143 24 755 772 
 760 789 359 471 854 418 67 
 801 869 458 580 581 927 977 
 682 10 115 118 439 600 851 
 39 312 626 665 288 333 812 
 903 513 345 369 608 562 816 
 134 538 480 339 691 656 84 
 460 559 378 464 26 81 731 
 81 316 790 494 450 757 429 
 472 983 421 20 507 892 313 
 449 935 304 295 376 521 302 
 84 223 145 733 265 506 116 
 69 993 519 991 584 763 994 
 702 857 24 455 31 768 460 
 200 618 73 109 916 365 287 
 140 876 457 156 534 268 238 
 709 873 742 439 231 871 814 
 189 541 236 52 452 980 264 
 309 536 204 59 449 397 23 
 323 539 865 295 151 794 266 
 138 225 866 719 828 86 370 
 369 216 252 315 733 302 648 
 749 144 59 933 233 593 291 
 515 110 500 840 317 
 789 284 16 817 611 438 471 
 533 226 790 578 695 46 962 
 950 801 544 680 732 294 260 
 745 766 791 171 458 310 43 
 384 78 210 826 3 350 722 
 81 127 883 205 139 723 225 
 190 108 443 3 419 253 492 
 966 671 997 706 952 828 206 
 698 501 211 83 718 84 951 
 355 988 974 820 575 621 850 
 283 330 670 217 410 29 552 
 308 965 415 480 407 399 735 
 62 260 567 618 790 968 459 
 995 345 430 701 478 416 877 
 232 387 461 10 936 162 10 
 605 653 778 382 189 526 170 
 67 930 708 171 321 359 966 
 468 360 755 726 132 47 828 
 693 149 664 963 852 525 264 
 141 294 299 87 342 614 132 
 724 454 396 467 910 880 598 
 194 258 735 528 107 255 872 
 196 461 163 717 56 87 507 
 15 554 989 965 441 75 710 
 718 492 662 858 923 942 768 
 331 136 481 813 610 201 373 
 655 655 956 973 725 477 43 
 570 972 316 354 162 952 164 
 517 910 361 433 583 534 446 
 875 874 989 354 859 505 301 
 305 917 495 288 873 304 110 
 363 449 830 591 587 986 4 
 84 716 335 657 959 813 822 
 814 529 830 52 562 489 965 
 762 682 946 91 770 602 803 
 457 999 86 302 921 
 175 856 496 999 770 87 442 
 332 272 300 43 374 955 804 
 108 617 545 748 465 428 960 
 808 323 715 112 73 806 424 
 746 338 979 481 993 113 229 
 535 820 806 875 315 537 77 
 610 153 921 659 737 250 733 
 954 817 275 740 13 131 919 
 978 890 735 924 648 467 61 
 984 430 851 814 955 992 776 
 464 849 883 196 52 133 934 
 172 767 727 401 621 578 361 
 22 449 34 557 226 374 839 
 263 138 721 869 953 757 237 
 292 978 502 149 456 766 806 
 786 8 867 571 277 486 929 
 307 180 563 807 86 37 401 
 902 454 764 685 702 936 884 
 586 394 224 662 791 357 158 
 381 803 9 474 430 438 635 
 1000 912 815 384 188 215 141 
 997 500 304 463 105 240 988 
 858 540 426 348 637 588 285 
 209 686 644 127 536 554 171 
 103 936 87 980 517 852 74 
 499 220 302 231 347 264 546 
 156 200 366 662 261 335 48 
 42 309 535 142 875 369 814 
 171 983 228 955 349 496 714 
 479 10 481 54 795 626 938 
 2 464 665 203 281 560 361 
 394 46 144 138 732 59 578 
 737 422 89 180 409 393 978 
 714 844 62 632 668 191 183 
 179 672 536 537 709 61 889 
 251 342 516 730 944 
 686 519 320 260 46 174 687 
 224 573 14 784 46 891 448 
 427 739 472 115 668 487 506 
 713 357 741 856 506 942 203 
 778 970 183 761 436 811 113 
 769 526 963 656 651 637 851 
 906 758 456 501 220 853 114 
 419 872 687 562 311 705 645 
 268 502 194 178 125 475 945 
 516 801 565 399 244 228 696 
 213 526 346 261 901 417 328 
 632 782 886 223 909 597 689 
 508 42 171 265 784 946 371 
 135 392 999 680 569 140 661 
 881 739 280 470 204 58 316 
 305 331 520 563 714 648 77 
 550 176 226 164 903 361 557 
 74 797 70 563 805 218 85 
 796 968 61 170 390 80 208 
 333 918 981 714 546 42 329 
 154 35 100 51 96 309 502 
 929 11 837 173 998 482 297 
 912 521 412 462 909 217 725 
 197 816 2 711 909 923 417 
 724 38 779 718 261 458 856 
 654 412 428 763 798 729 686 
 541 887 568 84 459 924 717 
 434 915 741 76 110 709 473 
 650 237 690 941 851 638 342 
 862 674 800 149 192 835 149 
 471 197 889 3 387 812 30 
 151 68 727 45 256 614 954 
 841 540 679 837 59 469 973 
 353 846 698 428 9 892 685 
 956 888 252 119 915 620 954 
 766 720 997 932 945 
 499 481 405 529 854 658 300 
 848 924 742 138 639 499 373 
 550 297 323 248 272 689 923 
 422 568 179 744 101 860 829 
 452 426 123 715 800 274 812 
 965 386 413 518 194 309 909 
 486 193 668 177 50 548 140 
 434 648 963 443 930 6 737 
 196 47 640 696 544 236 698 
 205 683 34 379 460 476 161 
 342 930 987 361 103 692 927 
 862 987 59 119 798 716 843 
 420 468 38 696 408 635 261 
 984 626 250 842 887 148 761 
 922 21 899 607 405 511 4 
 193 462 808 166 515 552 701 
 91 878 875 11 198 317 225 
 457 804 647 163 189 75 748 
 754 32 91 760 887 1 102 
 72 890 50 465 112 131 628 
 479 608 953 379 250 281 925 
 793 865 676 374 684 936 405 
 347 223 779 234 651 873 768 
 942 892 935 279 403 533 994 
 602 355 380 121 244 373 951 
 957 147 152 299 166 949 201 
 846 304 716 68 821 341 530 
 132 68 209 259 987 25 472 
 364 600 319 753 775 3 652 
 598 507 962 625 98 622 241 
 133 450 26 772 320 742 416 
 636 456 984 168 786 94 34 
 235 951 701 908 734 351 552 
 764 632 673 16 557 830 448 
 768 427 714 142 961 612 344 
 653 957 686 132 877 
 292 400 972 765 831 906 266 
 658 40 651 278 801 318 734 
 253 820 482 836 979 125 795 
 136 753 446 257 805 127 869 
 236 319 88 936 538 788 968 
 860 402 113 206 541 99 756 
 90 548 492 93 469 508 226 
 692 467 211 835 144 425 121 
 357 220 342 826 957 627 332 
 492 337 693 619 247 781 440 
 345 566 566 392 243 114 495 
 538 314 801 591 492 14 681 
 871 101 780 208 68 3 703 
 694 401 783 39 64 234 307 
 900 94 656 935 257 79 295 
 375 321 10 769 565 875 140 
 785 485 316 360 135 220 456 
 281 831 176 593 256 935 766 
 211 710 404 933 765 489 804 
 446 880 423 81 168 812 132 
 74 629 63 499 257 567 813 
 830 180 680 455 990 717 339 
 675 825 176 814 974 94 727 
 60 604 745 784 13 276 319 
 345 348 252 369 417 451 688 
 464 318 977 921 133 38 919 
 135 358 38 46 822 863 59 
 896 50 950 252 752 859 557 
 172 243 334 21 681 603 617 
 527 126 783 148 386 449 908 
 264 692 363 178 449 177 971 
 191 883 524 537 12 517 552 
 659 721 872 149 865 936 70 
 395 153 572 859 640 314 105 
 205 225 833 128 442 691 526 
 657 941 543 627 319 
 912 415 649 425 281 11 563 
 94 732 361 775 230 324 72 
 152 936 674 891 877 696 673 
 782 751 821 567 466 212 819 
 515 696 983 85 478 368 148 
 360 604 511 980 576 40 561 
 365 451 832 292 542 95 965 
 456 261 796 265 855 186 514 
 190 809 431 929 667 109 254 
 562 590 599 873 609 647 76 
 95 822 602 734 883 960 618 
 599 820 793 150 663 933 679 
 53 622 826 384 609 969 439 
 675 789 397 520 166 766 84 
 216 691 626 730 795 297 667 
 854 362 148 834 145 185 885 
 316 65 906 879 398 330 688 
 790 559 649 275 616 561 712 
 798 728 503 952 586 623 350 
 410 296 649 763 587 385 600 
 528 83 702 644 62 900 982 
 429 90 531 491 902 823 937 
 531 201 559 278 736 194 969 
 785 406 453 521 818 823 638 
 858 516 553 4 36 708 370 
 453 966 98 281 857 978 314 
 660 302 859 449 120 982 183 
 391 685 153 612 393 421 492 
 668 732 696 671 664 217 785 
 704 822 316 894 345 578 810 
 402 722 270 909 482 454 97 
 953 202 702 192 652 629 80 
 856 200 926 13 143 999 170 
 37 637 419 249 379 709 579 
 305 232 891 340 33 849 998 
 318 646 471 482 138 
 255 906 476 36 257 557 564 
 692 234 88 729 540 437 136 
 905 73 970 438 115 241 643 
 906 946 217 647 21 857 380 
 311 345 167 450 241 634 977 
 519 120 585 114 438 440 820 
 732 881 322 15 875 50 684 
 17 46 47 277 38 685 656 
 963 592 601 239 269 644 510 
 491 744 421 537 685 242 508 
 89 767 424 738 583 552 816 
 603 397 448 446 819 872 651 
 814 181 333 560 790 872 573 
 111 481 656 616 548 59 837 
 818 190 976 85 48 694 155 
 706 842 456 848 244 830 283 
 400 277 87 479 727 535 554 
 291 951 973 12 821 539 244 
 565 134 571 407 78 995 450 
 725 65 923 81 316 892 33 
 513 89 741 793 635 551 477 
 26 655 179 524 665 823 969 
 216 959 505 920 413 447 447 
 230 699 898 351 644 114 846 
 968 655 479 331 771 244 908 
 372 862 600 488 861 175 538 
 91 416 797 730 376 727 78 
 846 960 609 871 128 658 5 
 607 9 221 80 371 844 705 
 166 287 154 617 634 273 649 
 161 390 30 220 151 969 817 
 624 507 628 119 524 446 731 
 580 422 524 491 243 869 848 
 624 391 498 732 731 893 686 
 365 653 149 650 592 327 829 
 712 504 741 148 749 
 450 470 894 875 855 77 861 
 464 991 372 522 616 205 5 
 382 499 150 521 820 46 625 
 420 18 50 5 455 419 847 
 998 299 765 999 710 670 371 
 698 914 367 19 101 580 201 
 573 57 938 369 16 453 72 
 800 468 859 75 384 727 866 
 521 862 744 105 152 435 269 
 999 613 178 381 906 561 777 
 141 678 171 368 691 345 976 
 620 516 536 275 976 638 860 
 676 447 372 538 545 12 453 
 382 464 862 739 172 312 556 
 460 827 939 172 403 339 4 
 339 108 816 687 812 354 118 
 589 993 833 667 60 435 138 
 610 616 369 825 149 709 746 
 576 135 87 131 777 901 471 
 639 462 419 143 649 689 918 
 183 459 91 365 743 100 421 
 541 603 395 224 49 629 774 
 613 63 334 713 963 72 346 
 607 204 679 255 650 62 823 
 547 138 234 210 784 295 534 
 941 521 920 475 397 193 63 
 615 624 536 834 896 891 301 
 306 868 127 553 456 475 898 
 129 669 426 183 234 255 710 
 669 322 210 812 8 835 76 
 699 489 622 327 846 598 721 
 533 762 282 8 293 276 243 
 764 527 33 870 447 80 634 
 394 115 214 485 614 301 547 
 68 524 189 571 732 954 730 
 604 469 501 87 623 
 628 764 600 130 27 861 467 
 203 483 90 463 260 15 617 
 157 841 96 783 737 643 231 
 642 447 938 614 880 797 924 
 357 123 436 232 382 513 734 
 193 904 149 902 403 299 167 
 482 968 448 508 226 263 246 
 790 622 448 548 81 833 554 
 90 394 78 81 166 752 927 
 257 79 584 736 83 83 74 
 973 962 657 821 16 955 829 
 218 241 680 808 363 691 676 
 283 522 626 868 231 577 575 
 482 798 174 543 200 871 378 
 447 87 685 333 408 941 668 
 187 18 896 144 469 17 132 
 53 879 354 190 485 445 540 
 863 886 853 727 831 16 435 
 861 103 151 479 915 949 685 
 886 62 781 540 514 182 148 
 854 402 195 196 189 362 297 
 846 522 58 38 899 462 62 
 21 449 57 383 122 845 942 
 350 164 565 75 724 385 227 
 722 930 717 64 281 732 8 
 287 289 180 650 884 8 832 
 783 104 839 387 83 878 716 
 828 84 147 437 800 962 591 
 400 800 879 558 757 978 39 
 613 456 897 582 661 664 117 
 51 305 650 272 961 215 66 
 428 583 352 870 840 172 263 
 227 53 285 68 684 634 482 
 430 894 548 235 290 268 138 
 102 342 491 68 582 27 861 
 841 650 270 591 899 
 635 326 113 755 866 291 840 
 444 85 26 342 705 184 35 
 780 173 211 743 620 119 112 
 730 113 577 65 124 451 572 
 291 615 493 390 93 640 893 
 175 543 862 205 726 826 651 
 966 758 571 405 1000 40 542 
 76 433 607 52 993 43 70 
 69 195 940 689 381 201 324 
 910 790 662 905 962 401 752 
 186 227 643 887 541 569 585 
 877 537 907 12 313 178 331 
 650 676 728 81 602 456 399 
 984 310 516 501 810 998 377 
 397 709 1 737 510 226 186 
 292 530 642 531 858 7 255 
 452 471 416 747 762 858 481 
 563 185 884 452 976 63 888 
 143 92 269 759 170 39 726 
 433 609 581 77 419 181 512 
 73 828 499 372 368 485 650 
 646 604 923 317 579 776 837 
 508 914 448 950 770 402 363 
 706 271 841 626 297 851 793 
 918 277 832 980 467 107 964 
 729 6 979 8 245 984 631 
 188 842 848 669 294 382 169 
 941 303 500 16 105 837 499 
 36 88 470 785 747 25 528 
 805 561 551 59 143 56 265 
 867 328 838 742 143 176 81 
 419 19 388 986 869 830 260 
 404 229 19 125 420 870 863 
 51 886 815 943 316 563 857 
 839 77 252 879 154 174 389 
 161 933 285 362 815 
 210 275 787 350 374 504 983 
 572 753 166 601 315 136 272 
 861 951 996 801 273 791 993 
 645 4 814 582 792 527 559 
 247 288 861 506 948 811 820 
 304 591 632 417 88 528 495 
 229 399 793 240 409 730 624 
 348 619 427 912 69 462 445 
 878 222 731 679 636 418 185 
 898 328 102 157 492 842 926 
 346 416 615 784 615 635 969 
 858 243 598 82 772 353 444 
 388 221 987 140 627 767 536 
 876 589 787 150 17 998 210 
 230 440 350 80 617 116 71 
 200 822 677 736 215 353 229 
 179 386 586 290 150 319 451 
 955 124 229 144 35 529 386 
 851 646 391 232 598 54 812 
 670 592 972 504 712 115 183 
 103 207 868 446 738 302 792 
 790 558 529 934 402 753 669 
 41 117 280 624 290 489 491 
 991 647 309 19 850 837 224 
 536 712 47 648 709 449 500 
 601 600 359 266 767 370 596 
 492 913 915 650 148 923 299 
 717 281 170 529 345 351 949 
 235 490 130 265 113 159 528 
 177 362 134 329 663 692 662 
 967 956 821 911 389 377 562 
 994 905 556 514 600 546 74 
 593 179 816 327 125 39 989 
 477 195 278 367 640 808 334 
 251 822 958 579 377 327 772 
 515 401 137 428 790 
 649 960 715 786 315 199 483 
 576 504 865 753 592 680 398 
 525 21 428 519 188 536 834 
 728 895 205 638 456 489 792 
 744 225 36 390 306 615 633 
 203 29 75 625 414 937 61 
 582 126 673 556 168 603 168 
 829 280 341 389 948 247 206 
 719 757 172 78 914 593 455 
 873 397 610 393 890 105 77 
 152 838 529 714 548 729 417 
 629 202 738 705 194 99 997 
 974 274 844 203 181 952 652 
 516 78 186 544 352 570 567 
 829 768 469 645 522 488 289 
 928 684 441 336 754 494 703 
 448 542 990 95 316 418 536 
 87 710 295 233 667 150 866 
 940 203 297 952 637 405 490 
 300 742 499 281 184 493 341 
 598 292 690 205 164 337 537 
 412 190 317 723 776 355 188 
 852 738 785 955 69 529 178 
 300 448 481 512 320 837 808 
 2 728 343 462 44 522 526 
 746 287 188 186 836 814 825 
 820 151 452 262 77 51 78 
 924 138 467 636 219 830 91 
 623 675 151 543 234 650 307 
 179 328 412 218 863 1000 702 
 323 367 610 256 796 891 769 
 62 946 803 407 5 444 185 
 689 622 216 444 887 788 274 
 631 122 109 857 286 10 386 
 303 51 687 863 732 652 748 
 609 402 174 362 362 
 366 845 818 350 763 274 16 
 259 974 627 576 235 120 265 
 705 105 96 685 396 93 101 
 840 252 655 364 756 906 341 
 710 206 183 84 942 903 104 
 32 421 199 585 188 174 841 
 706 816 385 133 81 406 368 
 392 533 563 715 20 262 974 
 339 319 437 826 273 387 8 
 683 916 818 570 346 69 312 
 491 536 754 238 268 788 780 
 419 937 389 346 609 677 822 
 801 879 343 717 714 396 206 
 434 498 686 741 919 232 78 
 190 276 368 836 424 503 586 
 546 232 94 338 338 625 268 
 173 646 59 581 32 203 245 
 850 177 924 515 683 274 799 
 341 160 697 586 453 494 1000 
 653 430 129 173 604 773 830 
 874 835 785 29 626 159 425 
 472 631 806 314 719 814 718 
 949 319 576 222 666 311 55 
 56 55 896 501 976 150 759 
 492 973 578 620 988 885 184 
 495 184 222 190 120 375 768 
 252 435 188 476 764 6 628 
 642 162 114 987 149 204 530 
 118 752 353 40 381 253 777 
 472 297 961 952 331 191 321 
 281 299 55 131 356 951 720 
 772 728 862 207 549 871 155 
 804 876 12 669 419 651 629 
 459 619 227 472 850 968 799 
 807 503 928 521 604 243 16 
 733 514 289 4 62 
 817 464 409 924 423 785 523 
 891 407 272 293 914 163 347 
 148 792 49 675 258 399 295 
 821 611 301 501 407 385 678 
 743 779 336 220 751 77 577 
 786 580 964 255 731 221 987 
 875 741 35 797 312 492 562 
 554 134 256 622 859 87 486 
 365 631 842 800 649 588 643 
 692 457 420 839 877 924 725 
 584 579 565 686 622 363 381 
 746 624 519 812 551 652 131 
 285 339 140 84 492 283 84 
 961 433 956 485 111 609 365 
 180 206 168 634 495 964 225 
 394 237 509 465 507 763 640 
 575 650 885 280 909 981 187 
 983 691 348 359 754 887 659 
 431 988 854 777 527 44 617 
 637 140 830 264 357 744 403 
 143 623 577 807 371 59 225 
 222 12 879 115 878 744 801 
 233 570 699 849 608 412 279 
 206 433 160 165 445 70 233 
 185 513 952 68 631 14 315 
 854 392 675 310 510 867 898 
 908 954 644 305 989 763 844 
 679 617 655 254 894 929 586 
 301 610 5 644 238 253 221 
 257 969 672 161 955 878 81 
 103 656 946 279 255 203 895 
 215 760 482 964 444 225 869 
 585 1000 367 386 409 756 602 
 880 645 889 158 218 93 125 
 929 471 741 549 345 971 241 
 797 12 32 673 336 
 700 610 522 976 833 85 826 
 676 884 351 697 348 380 173 
 608 958 459 230 994 742 374 
 338 405 807 799 264 176 300 
 666 962 201 629 513 57 806 
 411 776 448 503 762 400 770 
 197 617 332 98 533 914 69 
 70 562 961 181 443 502 807 
 774 839 463 476 177 928 609 
 583 686 232 999 725 558 749 
 353 482 617 498 837 171 313 
 648 573 671 251 778 508 296 
 905 483 408 886 904 263 709 
 550 834 212 304 301 955 39 
 879 967 84 430 857 589 794 
 817 136 154 651 927 856 364 
 54 889 135 331 31 105 171 
 603 69 370 812 353 932 740 
 134 879 145 645 44 487 657 
 41 469 986 968 341 440 782 
 771 454 255 745 541 973 877 
 952 985 535 654 741 700 485 
 99 252 96 321 458 333 631 
 251 224 479 286 14 622 33 
 966 878 220 111 569 326 312 
 862 96 323 756 120 823 179 
 627 6 13 971 185 226 189 
 178 78 135 270 553 737 206 
 378 663 956 778 161 806 539 
 270 803 591 620 148 352 270 
 389 404 536 21 600 22 777 
 146 584 784 939 112 304 214 
 5 206 32 469 742 714 623 
 957 179 459 591 922 708 872 
 443 721 796 636 753 371 516 
 463 831 403 543 667 
 631 511 243 107 890 417 565 
 203 845 442 585 7 215 531 
 268 974 854 571 609 211 789 
 927 629 742 182 501 324 319 
 550 687 648 614 21 600 701 
 490 98 816 925 496 345 71 
 820 496 836 379 618 678 474 
 561 76 989 641 565 138 708 
 837 738 919 214 198 97 979 
 866 43 778 8 239 401 403 
 149 68 218 139 758 779 29 
 68 512 4 185 540 773 777 
 729 587 396 845 6 707 734 
 955 424 313 208 568 114 77 
 100 975 248 394 318 865 585 
 270 879 873 84 161 779 40 
 780 461 67 253 220 170 490 
 34 337 262 528 463 922 239 
 24 359 472 905 778 437 293 
 158 295 396 86 856 528 137 
 32 599 502 977 715 115 726 
 978 561 944 829 651 534 637 
 301 74 61 931 667 377 718 
 206 9 239 473 53 265 904 
 793 433 56 44 112 319 78 
 665 503 366 919 856 106 463 
 68 31 197 599 918 699 417 
 134 696 788 812 997 929 414 
 164 361 891 891 833 538 144 
 786 774 946 693 53 782 614 
 518 510 486 966 719 847 518 
 988 179 204 846 351 687 488 
 306 596 379 570 950 49 462 
 590 928 314 175 827 976 255 
 547 288 17 403 793 373 308 
 917 7 195 512 253 
 283 258 412 702 233 175 112 
 933 295 266 927 541 977 569 
 157 977 933 582 120 782 927 
 312 800 510 883 524 621 237 
 475 506 93 376 366 720 387 
 299 477 503 966 471 84 639 
 399 486 757 51 496 47 139 
 116 884 215 601 798 315 853 
 161 229 754 228 756 173 996 
 415 965 324 19 710 651 161 
 500 283 18 473 413 914 905 
 597 208 884 913 300 389 699 
 658 682 105 890 101 790 705 
 956 425 852 548 497 783 919 
 67 656 700 868 938 207 74 
 199 227 851 77 494 455 385 
 542 728 963 832 505 931 540 
 612 415 231 755 404 683 463 
 207 590 693 1 733 79 656 
 305 559 693 627 362 840 8 
 946 296 219 820 714 798 447 
 136 263 474 115 924 142 922 
 88 476 977 189 251 966 198 
 177 728 381 334 184 541 260 
 222 922 459 785 503 49 78 
 463 286 326 655 354 907 807 
 685 960 562 109 704 68 539 
 711 858 202 506 472 435 113 
 566 249 651 500 802 950 270 
 271 757 65 270 193 281 778 
 844 918 198 617 164 466 820 
 689 739 765 922 972 490 480 
 994 22 288 820 737 435 248 
 773 247 863 199 8 267 922 
 556 499 428 728 782 949 375 
 161 127 489 995 901 
 145 533 926 181 276 290 669 
 610 621 964 550 247 822 583 
 70 797 152 230 842 690 128 
 867 782 632 213 485 534 423 
 437 453 336 938 778 870 670 
 42 168 655 708 365 51 467 
 190 684 683 971 487 928 471 
 392 913 474 699 395 639 596 
 88 328 20 650 623 14 722 
 568 6 191 58 755 942 744 
 222 831 403 936 928 244 505 
 280 345 383 550 102 856 873 
 643 481 928 602 337 661 496 
 819 502 972 737 207 173 64 
 779 319 271 955 724 431 707 
 667 52 917 550 694 428 635 
 683 193 136 216 161 136 977 
 747 631 660 643 242 784 664 
 598 150 62 282 72 463 649 
 834 893 238 508 412 635 727 
 211 237 921 571 911 183 768 
 863 45 133 584 542 618 885 
 692 887 542 728 225 342 507 
 627 425 643 700 228 810 900 
 558 147 69 963 936 701 175 
 656 554 282 553 205 983 857 
 880 612 153 425 892 57 136 
 182 401 606 11 501 415 650 
 642 753 258 785 585 465 993 
 874 837 255 942 306 836 385 
 770 364 719 229 998 693 838 
 750 578 785 358 810 614 647 
 53 295 402 469 746 169 885 
 300 293 253 367 41 82 834 
 679 281 493 380 324 953 356 
 544 405 705 479 22 
 799 598 56 234 753 513 859 
 89 224 116 716 4 44 806 
 130 246 168 707 199 750 474 
 220 237 539 598 391 128 865 
 34 679 630 160 993 825 670 
 151 873 204 395 652 348 870 
 544 395 718 238 984 711 691 
 982 76 851 814 412 756 358 
 297 820 90 99 455 992 817 
 469 779 754 536 562 663 295 
 302 206 484 740 581 12 828 
 254 487 293 480 634 193 289 
 659 25 946 790 140 649 657 
 219 940 971 545 475 395 705 
 278 842 282 779 501 665 360 
 534 845 369 693 780 15 633 
 168 1 622 592 298 338 982 
 474 167 782 839 507 856 754 
 526 396 97 261 952 599 522 
 528 350 396 24 788 102 49 
 802 464 919 524 867 913 331 
 289 26 48 178 970 667 386 
 770 81 811 426 217 134 158 
 735 134 817 576 525 490 919 
 309 301 554 941 578 531 993 
 981 544 467 343 51 236 963 
 661 830 15 430 412 135 278 
 422 280 51 169 471 295 321 
 572 404 697 514 599 138 455 
 771 77 389 540 476 647 718 
 812 550 23 538 998 758 836 
 306 83 932 664 820 660 195 
 738 76 37 701 804 674 331 
 614 293 858 422 573 524 790 
 71 633 945 60 945 66 347 
 342 967 683 537 509 
 464 504 777 45 205 68 258 
 655 478 391 203 730 120 873 
 575 54 968 450 79 366 75 
 69 989 74 381 720 409 591 
 86 452 614 192 596 28 595 
 473 43 95 209 808 172 894 
 398 842 376 101 182 46 123 
 346 68 932 553 551 116 379 
 282 166 737 613 620 137 581 
 611 573 983 27 56 509 693 
 550 166 725 554 423 699 547 
 97 401 418 352 509 686 112 
 943 70 213 621 470 134 98 
 919 42 498 195 213 156 616 
 851 161 149 429 793 859 875 
 252 942 332 360 581 305 785 
 407 260 594 484 894 76 953 
 409 826 423 124 830 798 447 
 306 480 161 553 82 268 18 
 95 539 276 180 474 90 886 
 753 730 213 260 936 989 322 
 198 335 937 23 151 358 673 
 384 617 545 425 313 153 764 
 722 65 971 612 636 99 540 
 561 478 635 225 405 407 302 
 683 179 394 870 591 400 707 
 663 982 667 829 613 129 219 
 486 329 475 501 121 615 812 
 938 754 642 569 66 663 746 
 253 667 163 995 693 200 10 
 101 574 666 668 434 303 943 
 673 179 166 428 912 89 948 
 268 288 949 912 214 539 583 
 780 567 661 295 289 709 8 
 500 659 191 213 47 12 221 
 18 911 546 507 759 
 155 336 524 206 346 573 784 
 901 682 38 630 70 890 84 
 296 249 248 70 833 405 346 
 749 935 148 445 345 897 951 
 919 870 271 782 781 662 371 
 793 331 382 667 642 135 840 
 356 579 84 891 77 969 584 
 676 393 739 308 322 578 565 
 662 429 198 274 905 700 739 
 438 392 817 505 783 900 366 
 820 799 723 844 302 522 700 
 407 94 743 372 66 411 616 
 251 307 623 522 467 463 907 
 556 798 492 7 799 332 585 
 974 978 158 854 810 962 102 
 226 821 811 827 568 659 26 
 854 849 424 334 518 592 397 
 914 331 64 250 51 309 662 
 298 474 274 629 266 168 225 
 365 263 796 793 43 777 279 
 105 808 372 578 974 281 944 
 340 310 865 590 941 127 728 
 962 169 470 193 662 909 129 
 30 916 531 76 685 697 806 
 484 463 243 213 652 589 728 
 999 307 729 924 842 306 309 
 248 875 358 598 450 309 330 
 30 274 90 906 444 598 235 
 399 396 690 799 797 302 33 
 589 214 639 585 961 829 442 
 594 200 506 605 781 293 233 
 395 636 327 256 148 669 144 
 84 710 262 134 971 42 176 
 119 759 23 172 71 783 184 
 390 977 221 548 859 231 463 
 928 187 377 126 23 
 950 695 633 20 673 431 775 
 782 606 6 351 201 988 22 
 791 435 660 315 366 174 414 
 326 562 822 903 973 977 487 
 291 617 280 265 730 182 628 
 614 540 688 492 489 228 81 
 883 711 247 229 791 530 472 
 362 291 361 59 664 333 690 
 582 620 398 754 581 804 405 
 18 822 402 194 698 816 953 
 451 546 546 49 928 141 735 
 603 983 875 98 243 439 763 
 315 183 181 149 31 819 169 
 929 66 571 77 58 820 269 
 602 767 707 340 267 79 646 
 53 934 858 525 543 62 456 
 465 141 170 354 535 148 690 
 154 828 675 439 243 952 620 
 577 576 754 310 141 814 943 
 264 188 793 593 158 828 191 
 585 291 892 134 477 235 698 
 143 432 661 77 231 292 746 
 450 425 200 193 352 109 401 
 277 882 95 682 749 167 575 
 427 114 626 268 475 391 970 
 424 13 618 490 169 308 132 
 726 325 950 514 458 235 434 
 136 946 841 49 611 217 665 
 373 124 323 427 468 899 129 
 712 347 457 727 180 467 307 
 559 969 524 40 724 259 844 
 913 806 392 869 371 912 604 
 122 974 787 541 128 251 640 
 459 172 944 384 645 481 715 
 228 675 670 79 475 39 640 
 937 791 971 685 337 
 550 649 315 122 898 109 628 
 184 551 771 347 604 575 967 
 811 65 760 681 212 619 8 
 292 429 861 822 211 968 447 
 48 43 464 866 603 558 939 
 915 486 413 711 280 486 362 
 326 494 216 592 329 838 176 
 236 6 307 468 833 297 269 
 735 508 252 267 550 939 614 
 498 357 94 733 120 199 987 
 563 990 887 427 953 233 818 
 86 414 992 336 455 454 147 
 943 671 571 375 366 987 524 
 396 522 773 80 458 58 570 
 352 943 418 952 48 499 67 
 734 708 277 37 153 962 477 
 425 746 435 881 169 601 217 
 708 956 736 944 441 819 999 
 244 427 436 258 206 130 234 
 540 774 141 353 850 431 83 
 2 840 381 935 19 13 495 
 790 819 829 484 250 992 570 
 800 548 537 25 235 236 539 
 462 669 32 900 327 860 14 
 929 145 785 17 168 540 518 
 925 637 191 1000 227 196 140 
 60 139 747 570 667 933 333 
 301 157 477 198 213 639 2 
 306 608 100 365 460 408 100 
 681 232 597 735 999 655 713 
 912 151 309 966 146 734 580 
 311 787 650 335 225 90 358 
 30 344 370 302 276 256 28 
 898 161 770 223 514 753 699 
 831 862 465 507 317 58 797 
 154 612 83 332 171 
 990 61 605 78 90 848 434 
 414 16 430 33 23 926 773 
 801 317 433 333 995 181 349 
 440 709 532 360 516 237 897 
 611 459 930 716 398 597 842 
 715 189 834 130 480 783 793 
 737 308 280 303 931 402 68 
 720 87 491 578 351 880 245 
 850 166 836 267 502 284 550 
 851 329 530 371 945 163 659 
 87 166 240 31 949 624 92 
 558 656 641 54 565 629 727 
 247 130 492 830 649 487 275 
 519 623 208 689 903 625 668 
 762 920 460 821 592 288 851 
 928 396 667 264 764 327 913 
 449 130 83 631 594 537 305 
 39 982 262 560 486 517 798 
 858 537 20 659 447 439 576 
 344 182 693 368 268 207 477 
 517 600 617 595 899 985 620 
 292 68 788 702 351 433 581 
 710 648 240 78 890 377 843 
 224 257 416 679 98 248 494 
 671 212 445 205 707 202 749 
 94 413 466 37 214 325 20 
 11 974 946 372 67 133 55 
 296 864 310 247 922 496 177 
 680 485 894 299 232 223 574 
 187 507 627 963 548 591 51 
 305 12 302 56 417 918 289 
 401 215 948 972 853 181 490 
 278 81 333 394 5 55 81 
 747 419 837 227 873 491 153 
 284 355 625 989 325 719 605 
 711 119 685 590 974 
 371 982 670 371 256 330 577 
 869 872 156 748 50 785 207 
 656 126 436 53 748 982 55 
 948 835 137 171 942 355 419 
 102 44 104 465 382 2 108 
 164 593 745 608 830 847 663 
 751 702 229 311 727 306 936 
 472 342 769 869 486 133 654 
 779 243 112 140 901 491 681 
 860 568 889 223 231 409 909 
 195 741 237 763 596 393 493 
 722 7 826 327 218 544 626 
 637 626 255 236 556 988 715 
 752 68 321 224 911 114 707 
 392 261 776 31 290 752 343 
 415 76 964 906 833 2 277 
 914 490 140 353 56 592 65 
 724 542 497 678 289 476 791 
 300 208 140 96 501 164 781 
 511 669 89 175 996 960 944 
 347 300 38 787 400 673 353 
 207 837 567 19 956 946 436 
 792 774 781 724 535 952 701 
 111 647 774 528 316 467 511 
 677 226 758 852 712 811 341 
 556 889 262 383 827 12 1000 
 469 382 911 347 521 919 885 
 138 447 112 485 457 670 145 
 209 911 950 386 888 240 191 
 824 986 13 421 88 655 99 
 941 149 398 603 286 521 446 
 190 72 124 551 615 614 495 
 349 414 850 487 498 488 669 
 851 856 519 723 757 401 123 
 456 264 671 974 181 725 827 
 352 240 197 30 271 
 167 477 16 467 970 981 316 
 213 979 232 152 806 71 185 
 190 495 794 465 972 316 908 
 730 11 255 997 99 449 950 
 226 306 775 540 964 523 843 
 736 348 522 347 663 825 498 
 949 50 966 667 505 640 284 
 222 803 801 674 208 218 960 
 31 199 435 902 195 816 194 
 598 369 261 373 28 637 375 
 33 220 364 862 217 508 752 
 955 282 145 585 986 479 50 
 403 25 237 519 361 250 502 
 439 460 768 271 156 724 610 
 736 680 83 170 366 755 548 
 589 299 123 423 473 400 11 
 65 640 671 495 941 46 643 
 708 812 555 388 827 462 41 
 84 807 654 717 844 523 295 
 773 579 485 73 862 627 176 
 561 19 211 189 67 53 300 
 367 657 973 717 185 185 714 
 149 56 463 51 420 559 223 
 643 159 422 705 423 232 274 
 843 625 346 443 111 163 164 
 208 145 18 605 931 351 48 
 138 252 254 711 624 382 88 
 54 460 764 240 141 932 737 
 409 201 355 866 273 207 455 
 660 913 847 179 12 594 784 
 611 643 343 885 987 630 540 
 987 669 863 554 378 559 421 
 719 188 961 91 791 185 615 
 884 453 390 202 130 328 17 
 807 657 917 286 357 758 849 
 638 279 846 3 436 
 693 745 971 656 2 411 189 
 215 62 606 363 601 841 601 
 981 416 924 118 378 992 768 
 614 132 148 435 797 444 763 
 430 382 347 644 423 844 740 
 590 943 261 618 38 835 896 
 997 439 36 632 667 980 437 
 687 680 397 951 700 693 682 
 758 8 530 322 25 291 20 
 650 300 938 157 494 238 613 
 718 233 970 377 156 533 901 
 546 597 466 876 631 674 926 
 411 379 802 192 717 670 866 
 685 815 584 678 182 387 833 
 342 447 142 753 177 529 864 
 962 130 554 470 719 997 946 
 929 235 160 349 605 762 865 
 135 793 560 339 522 721 75 
 185 656 997 602 542 138 847 
 849 890 644 543 523 869 711 
 15 943 137 180 533 358 65 
 969 924 306 571 421 249 950 
 127 347 62 997 684 945 225 
 812 599 557 410 183 499 684 
 510 500 615 50 206 657 266 
 153 711 278 911 234 160 651 
 745 652 598 144 605 511 327 
 998 761 608 719 528 176 770 
 590 217 387 976 54 292 502 
 925 582 414 536 1000 504 612 
 41 592 506 780 25 651 671 
 709 132 135 939 301 975 660 
 680 846 833 144 316 223 145 
 840 319 868 260 527 149 646 
 915 849 967 168 695 100 858 
 326 492 395 620 942 
 269 713 186 779 861 40 788 
 357 721 655 147 659 807 445 
 159 388 671 120 315 432 43 
 980 477 321 400 348 742 801 
 434 850 78 170 633 511 61 
 720 933 673 345 919 50 815 
 347 627 451 485 752 811 953 
 504 120 733 304 665 425 176 
 118 306 89 596 651 370 997 
 450 198 400 724 755 445 640 
 370 882 922 976 813 576 599 
 578 594 826 376 856 78 621 
 58 97 291 333 327 709 296 
 752 383 834 343 870 533 788 
 733 933 631 710 732 862 803 
 563 609 833 977 27 660 921 
 37 118 562 351 641 387 36 
 656 940 133 861 421 381 506 
 175 550 334 459 819 646 929 
 410 553 740 979 303 733 143 
 58 824 14 312 696 76 118 
 988 133 638 939 40 390 995 
 752 635 839 338 794 801 353 
 965 107 933 524 652 737 892 
 99 996 588 362 59 418 969 
 942 169 585 993 780 286 877 
 65 109 771 477 800 841 460 
 274 58 504 238 467 895 251 
 40 804 739 958 172 282 203 
 226 402 479 925 92 632 574 
 68 855 131 813 261 521 772 
 909 541 832 924 947 839 267 
 229 892 415 400 381 690 567 
 609 28 105 853 118 488 65 
 760 233 389 809 622 220 910 
 383 160 658 905 618 
 29408 29939 32308 31376 32314 31384 29945 
 33431 31473 30277 29525 30828 31414 30335 
 29985 32647 31710 30323 31969 32551 31250 
 28389 31082 30258 29878 29951 31214 29280 
 33672 32994