 250 30 0 
 586 600 710 610 752 550 643 
 889 635 763 1015 535 864 629 
 739 864 875 894 748 742 633 
 862 552 581 786 634 971 989 
 862 829 865 989 756 456 683 
 936 749 487 876 753 648 713 
 422 657 506 713 778 555 958 
 614 868 935 879 625 785 937 
 935 1054 756 609 987 873 792 
 714 754 823 429 498 778 719 
 502 768 441 843 890 862 568 
 934 480 835 814 493 808 1056 
 929 732 919 822 724 1031 647 
 893 680 484 695 721 600 1013 
 720 806 540 757 881 930 802 
 805 675 614 514 916 924 915 
 768 699 635 841 473 840 968 
 785 731 951 933 705 669 506 
 963 720 876 872 689 460 924 
 977 619 979 907 657 614 1099 
 549 539 772 990 477 647 584 
 872 549 874 747 597 867 943 
 897 802 957 993 556 957 685 
 744 723 725 533 574 966 746 
 650 720 659 901 954 681 815 
 724 1013 786 654 723 1070 642 
 683 701 716 545 1037 625 636 
 1065 445 424 650 611 487 581 
 604 880 975 736 500 923 606 
 865 779 708 869 680 864 663 
 584 919 471 761 877 850 592 
 800 699 704 826 690 798 926 
 829 1051 434 499 638 667 847 
 497 947 1049 844 919 662 675 
 682 971 950 1047 473 576 674 
 588 503 797 787 709 
 478 564 907 265 794 998 280 
 643 904 231 60 580 124 975 
 487 252 529 68 683 626 591 
 425 343 489 283 426 899 122 
 233 679 216 744 906 308 21 
 446 406 277 433 784 17 705 
 180 492 485 518 555 135 219 
 62 95 263 936 68 405 44 
 281 561 356 213 671 789 457 
 668 680 254 154 41 388 914 
 436 311 658 461 908 144 197 
 688 216 722 107 471 883 990 
 847 49 995 604 667 990 11 
 841 384 987 302 796 424 484 
 618 931 722 117 681 511 43 
 57 366 770 276 927 804 100 
 577 376 710 433 411 689 662 
 939 337 960 183 366 643 440 
 560 847 354 917 430 715 137 
 783 577 401 284 894 306 784 
 251 666 602 926 140 231 177 
 93 227 690 440 78 547 23 
 592 723 930 774 55 342 510 
 241 774 338 873 495 547 29 
 549 677 647 410 88 489 743 
 584 670 798 515 125 873 518 
 913 320 145 35 895 729 235 
 836 930 297 828 57 465 392 
 306 525 872 938 598 949 13 
 593 499 972 149 722 630 140 
 661 791 899 556 984 455 107 
 461 611 615 223 395 881 991 
 300 427 255 581 396 601 775 
 938 87 558 893 85 174 844 
 220 947 76 697 182 772 66 
 341 805 308 233 532 
 732 495 607 673 85 433 45 
 329 297 256 6 907 873 330 
 496 192 711 54 8 287 979 
 972 423 678 582 324 879 935 
 617 431 683 624 883 823 1 
 816 805 663 545 738 446 650 
 514 316 493 453 897 308 58 
 315 177 711 930 165 449 361 
 766 654 816 788 371 175 209 
 113 856 471 302 191 858 984 
 102 774 422 642 735 386 283 
 369 490 273 926 30 992 675 
 130 997 752 868 806 547 566 
 802 412 85 923 983 842 425 
 846 854 539 198 150 789 651 
 226 996 367 676 407 66 687 
 243 772 351 963 186 597 830 
 390 708 202 329 339 27 505 
 64 522 737 851 481 317 232 
 366 711 48 418 272 835 962 
 887 926 779 990 338 464 517 
 48 491 197 1 423 347 933 
 513 215 593 810 698 859 70 
 726 264 245 106 51 402 46 
 485 68 531 100 453 15 836 
 998 939 976 569 88 452 220 
 178 535 296 466 966 164 269 
 337 711 425 536 441 456 292 
 576 75 432 422 243 480 339 
 323 157 794 108 295 477 989 
 29 469 566 891 402 135 533 
 642 584 380 999 686 889 724 
 1000 805 836 804 915 295 903 
 586 485 554 956 473 104 879 
 293 538 248 598 623 726 808 
 394 535 933 202 644 
 935 741 280 256 374 564 493 
 970 387 44 874 759 976 322 
 474 451 591 4 645 381 677 
 454 485 548 592 619 242 480 
 802 715 382 609 563 353 623 
 408 368 129 216 968 301 501 
 294 618 707 412 803 210 426 
 366 453 445 141 611 124 927 
 616 596 181 94 787 568 17 
 17 291 471 93 534 429 604 
 1000 710 50 581 494 681 440 
 18 71 288 854 159 519 711 
 229 649 427 239 656 794 24 
 748 434 956 756 995 385 576 
 769 522 782 780 381 293 777 
 918 883 92 183 835 207 949 
 243 741 547 314 6 744 668 
 867 342 571 188 682 279 344 
 878 784 548 602 588 523 403 
 289 64 388 372 62 884 722 
 768 167 378 176 473 90 98 
 423 198 681 215 308 51 441 
 336 399 450 802 368 504 531 
 639 429 954 700 531 848 316 
 465 23 473 940 619 86 848 
 531 864 940 979 702 590 778 
 371 705 903 907 989 132 666 
 476 609 459 760 766 796 726 
 905 514 542 45 130 265 179 
 378 519 40 586 220 712 949 
 319 78 94 965 376 84 226 
 626 914 680 777 813 386 528 
 169 983 442 785 842 319 49 
 423 717 402 777 467 382 14 
 727 99 825 229 261 208 982 
 705 335 347 323 708 
 432 805 990 101 882 240 903 
 978 903 32 695 560 210 641 
 20 811 596 64 175 62 808 
 369 451 42 502 548 350 303 
 56 46 244 491 646 297 336 
 933 753 538 83 431 266 174 
 240 463 800 844 805 21 283 
 129 761 82 764 414 814 413 
 753 282 421 133 514 847 244 
 462 212 444 441 739 752 944 
 803 639 171 409 149 555 459 
 752 817 247 503 277 830 274 
 468 962 649 519 814 625 245 
 877 85 60 323 101 571 32 
 823 489 102 392 904 657 506 
 202 613 437 532 964 544 697 
 471 998 660 140 727 388 902 
 759 734 521 997 286 777 109 
 920 808 410 875 60 990 660 
 466 434 229 249 513 258 11 
 531 34 682 963 651 665 893 
 561 445 949 955 685 345 948 
 444 720 839 68 757 671 42 
 53 854 890 681 96 185 251 
 621 797 995 559 831 551 671 
 398 596 761 63 418 999 781 
 242 841 29 144 180 539 847 
 655 224 467 490 608 270 373 
 126 624 389 379 168 543 399 
 592 48 830 159 505 106 724 
 995 198 165 667 865 692 493 
 78 459 247 616 935 763 962 
 99 146 429 464 354 506 558 
 422 450 503 104 766 894 989 
 538 475 836 27 641 229 117 
 736 674 388 686 982 
 59 885 826 387 948 78 764 
 235 113 257 358 80 876 875 
 345 925 100 41 787 565 176 
 494 386 870 546 607 970 68 
 723 75 346 119 954 28 326 
 372 404 191 629 245 163 154 
 600 96 39 458 984 784 740 
 681 540 741 649 130 980 716 
 148 805 465 782 349 512 297 
 250 873 396 668 130 196 363 
 927 734 779 394 411 419 486 
 579 45 857 969 255 371 582 
 508 709 92 830 408 829 52 
 720 792 756 842 399 977 477 
 266 13 130 883 137 367 289 
 753 285 256 563 566 528 415 
 89 705 200 728 819 713 975 
 668 718 761 579 63 341 709 
 605 549 712 599 242 20 991 
 192 60 231 77 384 190 768 
 661 739 681 995 765 513 809 
 539 85 308 439 253 293 752 
 293 878 954 269 763 21 423 
 395 348 32 771 721 279 447 
 655 973 423 459 379 339 73 
 861 485 463 689 950 553 656 
 844 338 407 794 610 339 336 
 786 275 95 278 568 271 576 
 974 822 627 935 894 282 751 
 481 527 525 520 309 865 945 
 726 546 448 69 796 403 995 
 416 115 575 167 534 582 314 
 573 430 867 62 776 535 791 
 39 260 374 110 329 655 449 
 693 666 345 120 208 23 203 
 313 994 263 817 752 
 559 521 638 8 515 719 196 
 61 857 240 633 357 940 206 
 808 153 301 452 524 415 744 
 453 261 293 127 492 760 613 
 147 927 992 476 95 531 847 
 857 851 150 859 917 201 814 
 208 238 328 309 721 363 828 
 105 639 720 378 757 5 535 
 340 946 736 650 522 435 234 
 99 578 603 169 951 453 638 
 170 686 722 298 375 52 462 
 20 241 53 362 730 246 810 
 850 396 329 990 407 489 796 
 255 860 90 381 973 729 849 
 188 620 737 552 792 737 180 
 618 517 894 164 274 502 806 
 207 877 266 359 969 448 880 
 642 519 872 274 484 299 926 
 563 450 203 263 999 111 600 
 452 55 437 967 119 457 12 
 274 504 234 814 372 746 899 
 958 22 257 596 548 804 960 
 251 618 151 4 570 795 824 
 715 604 128 562 930 806 226 
 180 488 533 415 185 638 987 
 341 496 419 785 423 922 433 
 307 530 559 33 783 551 887 
 655 556 502 817 493 49 831 
 85 609 556 384 315 294 751 
 493 304 867 210 955 388 318 
 76 491 524 310 671 326 711 
 482 902 477 155 701 191 981 
 342 231 56 301 260 74 643 
 32 267 985 937 864 127 416 
 408 64 791 819 364 352 76 
 256 470 903 893 580 
 616 434 692 231 348 871 958 
 207 623 840 652 708 529 56 
 868 192 49 599 399 237 979 
 845 849 108 985 424 771 905 
 314 605 136 479 909 225 553 
 61 419 189 625 581 191 674 
 151 625 503 722 583 356 561 
 690 416 545 380 385 339 319 
 19 738 656 615 169 81 873 
 747 740 335 43 574 460 253 
 7 163 177 250 661 967 446 
 293 347 869 455 585 257 822 
 195 4 277 165 985 622 28 
 779 132 49 703 527 815 405 
 249 347 351 457 634 871 739 
 168 405 374 132 945 193 699 
 620 421 554 809 136 398 773 
 541 149 20 502 52 124 535 
 162 916 45 836 347 524 564 
 264 735 506 246 21 623 984 
 162 87 856 461 224 557 956 
 749 435 32 878 920 517 869 
 711 587 655 634 187 585 317 
 411 226 208 931 442 944 283 
 578 551 108 195 728 501 473 
 956 411 505 662 376 524 512 
 805 726 307 23 70 32 134 
 818 345 856 729 906 630 536 
 644 599 61 763 287 264 668 
 207 382 45 115 792 765 1 
 425 227 354 448 941 191 941 
 796 84 299 257 792 677 927 
 423 17 318 140 487 415 284 
 922 437 511 661 646 804 342 
 486 760 150 237 780 797 543 
 55 67 962 357 187 
 736 331 616 402 622 182 913 
 128 66 915 371 875 984 80 
 68 940 769 470 962 392 227 
 997 334 557 279 616 762 621 
 905 104 697 653 562 801 163 
 266 485 47 293 848 507 22 
 498 33 462 740 196 584 152 
 368 256 731 146 823 133 298 
 27 242 810 970 807 24 82 
 568 187 645 674 607 273 896 
 564 471 984 885 730 555 657 
 983 44 929 825 523 374 504 
 681 133 570 715 448 427 81 
 535 59 12 377 302 946 830 
 284 185 698 217 6 215 162 
 887 757 104 438 305 350 921 
 517 384 900 853 211 240 343 
 752 445 725 325 819 120 770 
 652 141 264 53 723 136 801 
 148 803 519 24 750 393 721 
 847 849 289 191 810 431 473 
 836 45 336 963 577 10 718 
 352 94 612 578 956 295 116 
 506 614 597 94 167 188 744 
 34 383 512 748 324 336 12 
 827 307 104 863 276 129 724 
 845 278 384 950 400 776 23 
 901 81 196 958 948 100 78 
 720 171 599 472 977 733 112 
 603 708 206 953 837 390 410 
 197 301 575 893 151 400 662 
 767 766 281 313 84 27 730 
 103 332 759 861 295 935 916 
 209 188 238 554 5 311 938 
 446 453 459 318 194 880 430 
 907 551 174 652 703 
 571 401 611 580 770 707 343 
 178 221 369 763 348 533 682 
 788 371 791 282 774 197 109 
 828 770 59 935 587 374 477 
 926 288 483 398 597 233 141 
 728 30 389 557 197 248 26 
 310 714 585 771 145 868 365 
 298 976 527 996 105 293 899 
 557 1000 256 965 829 118 603 
 150 685 408 366 278 734 730 
 641 902 654 865 981 448 112 
 348 481 656 181 758 430 583 
 676 44 81 827 626 70 627 
 376 626 496 939 589 803 934 
 382 558 324 137 276 301 688 
 452 762 80 738 437 502 1000 
 503 668 47 206 925 165 976 
 638 231 285 672 297 358 175 
 507 76 975 587 686 82 911 
 707 693 434 118 733 805 88 
 454 55 232 892 187 342 443 
 44 727 677 834 82 125 974 
 974 494 809 129 340 466 889 
 520 709 240 350 990 909 300 
 841 187 428 992 534 369 478 
 819 449 235 99 929 347 706 
 829 944 114 535 822 80 203 
 24 21 417 57 651 284 769 
 779 460 723 468 879 830 586 
 265 992 539 600 534 96 35 
 199 572 951 606 156 272 903 
 442 135 351 812 443 151 6 
 814 742 178 820 236 580 719 
 697 849 590 933 491 286 341 
 207 53 530 39 94 30 987 
 648 556 842 252 702 
 1 946 580 962 881 188 162 
 624 792 427 275 198 802 548 
 423 860 757 134 614 847 226 
 887 510 149 1000 310 881 792 
 792 229 49 163 677 386 195 
 542 683 569 620 969 461 500 
 654 922 892 845 937 943 514 
 769 154 514 138 349 923 271 
 606 230 264 990 941 737 541 
 281 355 839 553 670 510 326 
 139 985 689 63 646 744 923 
 372 782 142 365 925 56 484 
 438 175 483 916 231 787 976 
 347 101 936 570 281 625 120 
 62 449 634 131 729 721 381 
 557 964 881 922 248 248 372 
 334 170 681 127 175 204 492 
 668 363 328 369 190 688 656 
 31 993 946 390 569 209 645 
 383 756 528 609 534 62 772 
 926 250 678 382 380 23 133 
 498 644 470 384 183 659 379 
 770 999 597 226 20 19 779 
 225 668 734 618 283 950 598 
 843 426 373 241 993 258 775 
 925 863 349 260 110 998 34 
 181 422 175 813 949 14 348 
 237 384 102 686 544 693 262 
 942 759 861 427 262 80 305 
 104 267 111 141 898 848 428 
 350 625 635 227 501 183 670 
 150 952 91 406 547 637 755 
 163 220 422 186 796 770 939 
 351 671 921 474 865 371 914 
 663 964 262 652 203 469 742 
 335 318 804 536 21 
 501 614 858 273 113 560 105 
 165 373 123 905 5 686 10 
 48 557 8 949 785 267 124 
 163 738 292 827 449 589 983 
 201 228 566 707 826 120 273 
 266 510 175 576 11 812 144 
 15 952 503 885 769 940 475 
 771 470 801 901 535 771 269 
 438 597 160 755 846 704 255 
 368 136 64 770 172 882 630 
 345 733 209 473 422 290 846 
 223 681 205 954 131 706 878 
 963 728 98 846 764 169 528 
 730 773 550 964 580 80 662 
 557 600 878 191 43 652 245 
 95 205 37 67 416 960 64 
 735 589 555 423 868 999 550 
 240 740 805 316 789 630 928 
 292 726 352 514 787 190 739 
 266 471 807 112 144 764 166 
 574 624 791 647 545 89 868 
 791 305 835 127 243 512 370 
 164 540 121 764 168 911 785 
 444 4 613 63 261 132 815 
 210 678 980 920 671 848 917 
 192 927 335 42 900 322 868 
 302 527 271 951 729 86 846 
 364 991 46 259 733 230 270 
 579 497 395 404 683 280 820 
 801 486 390 859 356 563 648 
 495 167 255 34 410 947 576 
 788 755 332 229 568 793 228 
 94 580 276 289 71 759 331 
 254 115 382 269 810 507 164 
 696 906 411 875 195 503 872 
 805 956 704 573 577 
 233 910 822 54 543 897 354 
 409 499 133 683 742 644 852 
 602 944 94 210 581 849 749 
 724 409 248 429 318 997 30 
 611 878 308 238 475 947 768 
 808 376 677 79 564 582 227 
 455 910 975 639 448 78 383 
 299 382 733 969 103 163 223 
 197 818 46 323 752 196 574 
 76 578 140 37 652 61 999 
 285 77 450 491 483 568 132 
 631 701 585 241 99 941 176 
 476 222 330 713 124 939 331 
 910 82 267 907 921 653 609 
 492 716 301 16 427 973 817 
 109 223 322 553 259 849 488 
 555 130 185 75 791 599 7 
 780 313 882 452 318 313 347 
 820 991 364 274 820 199 737 
 687 11 658 715 64 722 622 
 385 836 659 499 766 482 332 
 933 137 707 264 482 421 575 
 441 379 254 267 263 957 928 
 854 302 606 872 390 444 534 
 959 69 694 987 169 786 341 
 250 98 433 492 558 603 826 
 150 794 191 514 617 534 649 
 812 701 948 577 494 347 583 
 914 147 413 920 149 563 602 
 473 83 948 78 597 557 295 
 602 62 212 419 225 380 312 
 922 662 526 177 110 574 778 
 94 137 953 244 704 326 48 
 361 670 787 341 512 543 739 
 797 853 705 646 727 165 925 
 63 953 129 863 753 
 382 634 150 168 298 489 815 
 760 481 844 786 481 987 551 
 921 709 633 536 524 295 403 
 713 886 324 985 891 101 982 
 846 615 636 524 179 516 816 
 411 729 504 93 67 348 175 
 334 738 311 180 159 865 788 
 122 10 792 241 401 227 666 
 161 801 732 511 856 568 744 
 718 43 132 825 375 235 239 
 831 258 400 637 695 642 845 
 87 351 214 479 613 850 357 
 933 525 641 735 95 830 747 
 868 678 243 82 77 560 976 
 990 476 159 798 950 564 774 
 166 146 616 155 336 553 517 
 739 193 59 231 544 149 590 
 932 755 218 778 450 218 744 
 99 378 440 154 529 241 823 
 741 457 714 966 3 369 965 
 250 679 606 798 422 118 358 
 997 882 562 325 849 933 973 
 320 468 355 703 258 892 220 
 72 130 383 522 781 609 700 
 832 763 676 105 650 556 134 
 576 281 948 794 193 964 970 
 876 341 549 248 37 80 480 
 905 344 388 332 212 807 957 
 991 389 445 777 356 598 618 
 403 315 864 776 404 124 852 
 192 928 316 271 827 298 347 
 729 762 255 659 588 156 898 
 496 893 51 669 248 421 93 
 930 577 964 75 501 717 954 
 492 794 887 764 703 733 907 
 352 546 333 199 946 
 262 680 234 682 510 718 864 
 972 516 333 515 957 394 711 
 665 693 400 525 768 330 27 
 289 866 230 415 246 681 718 
 418 633 568 194 473 852 759 
 570 311 639 340 911 722 181 
 226 765 579 95 379 618 344 
 179 660 488 140 466 413 865 
 353 756 861 399 915 804 512 
 145 428 683 224 93 247 254 
 260 944 661 327 323 838 57 
 395 839 946 60 816 257 844 
 911 861 544 822 173 431 809 
 813 756 23 214 775 167 965 
 134 241 253 578 552 678 190 
 457 423 319 859 883 756 421 
 403 668 167 271 437 577 331 
 91 233 318 468 366 445 962 
 681 365 825 137 505 1000 585 
 733 432 257 637 979 422 807 
 266 863 972 395 326 847 509 
 95 134 912 974 274 760 578 
 150 620 575 788 283 34 474 
 752 490 40 284 261 547 665 
 425 879 192 129 109 366 381 
 756 252 112 309 798 665 959 
 728 970 447 555 982 127 217 
 166 746 973 123 242 287 955 
 173 274 371 191 682 19 278 
 26 4 225 8 697 237 568 
 638 83 246 81 283 387 856 
 401 766 821 764 560 623 681 
 643 918 73 25 628 614 431 
 193 705 912 502 699 120 999 
 238 784 42 271 239 879 646 
 596 845 573 715 755 
 812 400 159 161 363 491 611 
 277 696 288 810 151 686 873 
 189 717 897 269 641 513 45 
 891 59 84 138 264 184 393 
 520 344 455 529 106 478 363 
 658 236 276 770 855 516 170 
 895 718 386 966 999 475 238 
 79 69 87 230 657 311 288 
 797 776 429 320 2 893 140 
 821 446 593 119 771 107 517 
 496 907 404 549 378 946 905 
 816 166 802 975 161 159 841 
 257 98 830 579 657 405 268 
 256 581 947 771 141 1 504 
 491 483 200 997 870 34 138 
 763 539 732 212 72 891 33 
 835 3 748 622 646 303 208 
 460 134 833 373 578 671 306 
 211 810 523 660 560 508 635 
 804 836 716 773 603 675 932 
 636 684 5 82 522 246 926 
 7 509 895 511 389 157 428 
 433 693 281 610 797 99 901 
 195 422 587 52 402 272 313 
 573 782 633 969 95 446 44 
 506 179 288 333 140 86 337 
 736 395 324 12 456 739 475 
 35 496 626 301 239 27 963 
 987 255 765 600 9 466 581 
 229 638 221 177 748 232 683 
 392 124 977 167 981 465 516 
 867 465 114 982 366 213 653 
 868 767 42 138 104 436 760 
 698 67 513 937 125 369 177 
 275 894 7 670 847 96 606 
 225 46 157 53 191 
 572 250 120 690 251 556 186 
 51 984 881 123 88 876 374 
 705 2 898 340 288 322 611 
 377 114 713 459 456 525 957 
 897 912 999 642 834 541 266 
 167 314 129 351 515 855 688 
 123 427 430 45 325 933 754 
 512 451 737 320 45 135 964 
 4 331 341 812 905 353 626 
 332 698 945 691 261 811 505 
 667 504 511 86 314 205 840 
 471 69 994 40 850 578 269 
 11 625 864 264 576 882 328 
 151 371 682 949 291 92 383 
 261 44 14 239 413 352 519 
 636 959 782 762 596 826 329 
 77 58 445 678 459 726 67 
 140 57 533 45 565 234 513 
 962 776 498 806 663 356 897 
 762 615 549 303 857 985 591 
 946 939 692 307 504 799 420 
 188 304 604 257 344 111 436 
 715 790 363 342 864 732 409 
 663 249 414 839 617 272 342 
 536 535 610 599 387 205 740 
 447 746 306 998 703 891 90 
 922 780 185 542 620 331 32 
 779 366 22 179 666 659 969 
 381 228 591 595 209 252 944 
 613 403 442 784 957 474 539 
 37 359 964 969 222 344 280 
 996 166 298 449 614 390 734 
 871 791 660 77 701 205 990 
 165 563 552 692 284 786 113 
 849 805 449 721 447 901 202 
 369 133 852 947 277 
 354 573 453 447 295 412 870 
 509 614 938 215 962 931 594 
 157 781 615 793 728 795 935 
 343 214 573 806 912 149 66 
 303 577 986 826 9 179 588 
 64 488 985 879 789 7 217 
 898 100 784 116 568 241 903 
 165 822 944 786 380 561 79 
 976 744 53 947 356 942 750 
 579 849 140 31 127 282 907 
 851 630 153 256 502 98 659 
 186 227 37 805 497 364 663 
 121 947 139 254 487 357 332 
 317 892 899 678 40 419 856 
 125 412 38 20 289 298 954 
 633 340 549 181 644 742 768 
 161 188 745 169 102 228 308 
 843 153 15 799 823 23 16 
 155 672 391 263 151 113 786 
 387 714 551 211 531 963 693 
 183 858 114 763 171 478 597 
 94 400 167 514 86 455 591 
 440 530 68 854 956 436 261 
 602 252 996 303 761 501 877 
 549 974 556 882 935 813 822 
 918 163 143 185 182 431 556 
 991 791 930 956 871 382 21 
 891 337 92 885 256 812 782 
 341 580 970 566 182 523 470 
 883 222 716 667 320 521 335 
 404 288 282 251 755 725 472 
 126 178 435 457 833 571 127 
 479 841 80 766 628 974 834 
 400 687 808 226 577 572 766 
 464 859 525 743 855 685 787 
 189 605 385 338 885 
 84 392 87 303 554 62 851 
 117 704 661 868 61 748 659 
 1000 303 743 723 953 782 582 
 916 279 126 537 524 56 833 
 894 370 144 625 475 70 369 
 613 893 145 400 844 35 59 
 509 347 225 657 649 551 109 
 731 77 337 404 374 246 548 
 619 70 107 567 989 937 98 
 507 639 701 37 67 516 887 
 656 159 825 664 207 327 792 
 432 522 632 117 119 864 160 
 171 911 484 913 204 235 466 
 695 810 910 1000 65 800 628 
 732 354 368 601 738 269 227 
 827 594 650 994 288 99 2 
 655 823 746 436 66 168 176 
 965 260 811 870 746 598 609 
 10 141 351 844 375 153 248 
 791 589 150 328 781 278 722 
 462 563 219 118 313 125 594 
 572 897 49 329 985 692 469 
 335 934 72 849 647 878 316 
 685 324 64 900 529 51 386 
 616 638 842 569 76 87 84 
 578 622 951 26 896 185 489 
 81 92 340 530 781 933 41 
 711 25 261 654 670 684 911 
 158 846 786 633 980 925 384 
 974 269 189 949 984 203 109 
 401 656 73 921 854 709 442 
 426 641 334 328 307 615 808 
 493 432 303 902 171 807 820 
 852 12 979 902 873 24 460 
 733 79 922 825 518 860 418 
 41 273 102 640 468 
 321 953 541 708 944 417 130 
 715 469 774 341 739 535 609 
 935 856 446 426 342 990 414 
 607 507 897 923 669 163 40 
 251 839 742 617 206 527 73 
 19 742 751 492 678 982 645 
 83 699 372 474 909 419 502 
 250 774 665 95 921 853 542 
 134 162 269 607 290 326 491 
 713 655 246 404 608 719 82 
 212 594 82 93 902 543 435 
 158 959 485 536 343 657 333 
 471 443 560 623 416 947 247 
 462 23 509 32 243 6 760 
 261 107 557 218 321 615 521 
 917 85 87 652 141 348 678 
 754 699 878 875 599 671 93 
 349 474 480 393 589 210 171 
 908 40 570 636 388 643 918 
 575 484 309 490 837 937 714 
 543 512 205 805 341 533 110 
 667 360 636 851 576 522 745 
 20 467 899 936 367 352 867 
 666 618 840 667 874 836 587 
 695 30 313 1 988 893 825 
 555 922 677 808 349 992 978 
 403 576 217 110 527 304 266 
 964 522 306 696 562 566 356 
 724 369 377 242 47 590 854 
 324 227 750 441 496 399 492 
 444 824 632 642 716 196 495 
 936 563 878 383 23 420 376 
 763 261 97 573 602 694 812 
 249 433 607 983 554 860 618 
 916 540 117 952 347 261 704 
 410 463 701 964 502 
 95 923 610 650 278 215 819 
 617 394 676 939 17 476 394 
 487 552 444 828 543 105 818 
 550 164 563 788 788 296 604 
 411 235 976 8 340 440 667 
 756 479 362 287 176 193 809 
 968 344 874 179 279 425 462 
 778 60 356 580 199 836 444 
 664 868 16 383 32 821 627 
 414 833 461 937 789 576 927 
 104 473 247 147 513 988 445 
 916 163 75 116 299 91 657 
 337 110 172 475 886 390 672 
 211 503 364 221 833 895 513 
 326 37 752 975 647 429 92 
 899 526 334 30 567 161 876 
 967 784 835 530 394 253 190 
 457 615 578 592 928 328 415 
 38 831 629 853 865 324 895 
 146 802 954 814 232 14 605 
 636 274 810 358 430 425 158 
 638 686 473 881 108 98 848 
 1000 375 713 872 869 666 691 
 304 481 83 526 263 434 882 
 56 116 651 561 671 757 86 
 504 634 374 978 413 318 269 
 445 374 599 183 712 231 573 
 813 412 281 522 652 160 48 
 868 263 79 267 703 477 396 
 570 712 618 14 986 794 46 
 881 128 97 15 825 654 935 
 760 367 783 681 663 178 844 
 577 943 476 29 242 426 90 
 319 734 811 104 305 39 407 
 752 700 910 658 969 893 695 
 968 943 500 706 322 
 271 89 983 261 814 444 865 
 257 902 673 207 983 721 470 
 370 576 457 972 26 716 509 
 695 767 617 779 126 489 264 
 693 224 526 574 14 581 359 
 792 786 623 713 404 735 397 
 188 511 972 838 157 258 494 
 925 756 91 701 473 933 900 
 136 778 486 918 949 755 334 
 20 318 689 320 88 692 615 
 466 222 93 991 544 466 357 
 769 655 73 382 515 242 418 
 183 532 526 443 758 945 863 
 363 789 547 615 892 493 223 
 82 396 181 875 483 48 529 
 785 35 183 59 989 742 39 
 346 702 367 2 325 751 685 
 982 190 955 500 839 807 674 
 339 453 749 62 494 542 110 
 11 676 713 347 946 358 647 
 774 220 549 666 739 751 944 
 258 470 234 95 748 568 48 
 907 74 801 735 562 928 580 
 853 339 763 541 88 278 850 
 283 714 609 490 406 869 754 
 195 503 764 959 716 170 774 
 999 934 692 233 230 67 548 
 178 123 109 611 623 802 182 
 283 392 536 283 897 865 283 
 687 370 33 357 897 711 919 
 564 85 488 385 650 68 114 
 821 853 539 800 748 878 515 
 826 929 234 565 352 133 483 
 403 573 783 812 863 756 262 
 374 309 259 159 309 424 930 
 469 626 637 354 732 
 255 553 517 803 4 931 569 
 173 156 25 508 974 166 100 
 591 925 797 58 162 30 838 
 463 403 572 685 435 974 185 
 750 394 916 190 852 286 939 
 697 692 637 240 57 255 322 
 487 499 490 220 55 282 237 
 120 166 32 101 655 223 15 
 809 935 614 613 167 355 503 
 259 765 866 210 701 919 176 
 135 895 851 631 1 284 606 
 179 429 686 532 616 318 652 
 298 676 463 414 740 924 280 
 986 805 31 109 540 209 229 
 522 311 748 357 374 766 969 
 473 970 825 682 122 536 41 
 19 923 380 962 349 583 387 
 75 699 209 150 62 374 199 
 621 472 105 726 507 175 956 
 252 973 823 33 248 826 539 
 207 225 26 91 202 601 854 
 722 727 696 459 301 312 783 
 374 755 605 667 214 799 540 
 358 772 934 406 660 236 360 
 865 771 441 65 221 624 441 
 349 984 553 221 917 919 598 
 663 4 371 286 81 896 311 
 971 498 873 235 468 903 379 
 514 183 131 907 996 971 198 
 499 11 254 383 701 437 868 
 169 682 198 370 343 168 835 
 933 375 309 326 910 135 582 
 613 586 459 294 177 146 913 
 599 815 656 155 857 185 548 
 810 573 802 977 898 145 923 
 588 506 313 64 125 
 336 970 266 781 615 654 498 
 46 511 615 915 376 504 412 
 652 513 414 379 904 202 812 
 460 486 194 48 354 703 91 
 682 336 123 606 20 848 530 
 679 856 122 347 672 37 502 
 190 495 879 858 3 647 753 
 458 807 407 67 931 298 709 
 771 45 697 520 61 900 939 
 536 691 829 302 661 67 89 
 88 562 59 803 93 856 373 
 521 531 738 690 477 390 852 
 848 160 445 899 891 179 81 
 707 661 509 377 418 125 491 
 855 815 816 731 512 762 43 
 287 189 75 452 594 68 650 
 491 972 398 25 787 93 607 
 715 280 635 584 283 856 507 
 468 709 306 865 940 725 32 
 64 347 433 195 713 368 31 
 170 36 79 358 858 703 359 
 142 340 513 329 990 482 749 
 21 377 848 775 413 904 962 
 439 862 6 233 409 721 382 
 932 993 302 101 640 183 963 
 719 240 118 888 914 859 44 
 323 508 17 777 921 381 731 
 799 811 220 492 622 12 3 
 836 388 468 530 414 263 678 
 925 406 139 289 468 829 890 
 849 86 520 78 235 92 684 
 967 131 182 426 605 430 681 
 346 276 726 92 545 467 49 
 677 241 347 504 406 533 848 
 792 990 25 305 123 665 91 
 151 116 519 957 487 
 820 166 213 288 439 495 411 
 955 501 144 959 949 330 270 
 62 758 573 177 747 95 841 
 549 973 181 213 620 236 800 
 411 677 818 962 403 515 732 
 784 477 749 550 202 241 760 
 504 906 342 407 427 695 692 
 438 833 966 275 521 486 253 
 568 255 675 168 274 334 693 
 167 81 909 679 101 281 876 
 837 945 9 876 963 787 590 
 526 400 350 990 348 471 855 
 798 929 199 178 491 298 256 
 703 721 369 748 870 140 989 
 414 552 522 724 390 569 581 
 851 248 806 674 483 255 531 
 610 564 397 762 283 446 879 
 834 534 276 650 461 471 79 
 665 295 351 195 121 520 809 
 788 466 680 54 846 326 557 
 360 247 543 574 249 310 243 
 453 538 624 342 791 802 750 
 427 266 413 639 26 51 336 
 999 576 228 381 141 602 576 
 539 285 295 399 891 666 952 
 200 386 1 696 841 769 590 
 76 303 719 7 441 551 297 
 107 464 504 431 64 915 438 
 414 39 308 240 701 88 609 
 532 600 236 218 351 285 854 
 342 839 355 425 848 316 188 
 65 214 50 582 881 51 944 
 61 855 633 518 485 849 305 
 576 523 670 550 996 297 100 
 52 429 763 581 588 198 837 
 89 868 998 201 506 
 88 805 890 545 67 346 433 
 100 820 602 106 588 289 480 
 469 712 524 136 654 747 840 
 985 652 390 433 510 161 117 
 551 435 767 642 769 463 477 
 565 72 374 307 254 923 972 
 419 384 468 769 324 925 765 
 367 278 313 476 796 103 752 
 775 439 975 462 360 941 677 
 283 783 977 71 979 66 149 
 692 574 213 675 507 12 722 
 945 191 750 631 640 945 813 
 370 860 284 172 796 186 22 
 492 897 210 43 267 555 601 
 729 547 25 13 148 276 860 
 831 615 361 443 738 655 891 
 843 54 600 680 64 563 915 
 881 114 789 518 919 808 468 
 994 163 565 433 515 839 669 
 464 554 839 854 168 394 967 
 999 795 851 84 177 702 354 
 690 919 48 502 377 95 130 
 312 566 950 322 442 106 421 
 640 820 69 926 453 806 312 
 780 414 889 14 965 453 4 
 24 537 57 184 498 736 75 
 330 418 309 624 187 442 619 
 605 82 425 859 926 276 638 
 468 388 353 167 351 210 622 
 797 663 38 585 208 955 360 
 537 178 753 932 241 260 610 
 527 96 666 160 835 698 712 
 135 371 380 521 406 133 890 
 444 101 427 441 261 388 496 
 83 396 519 458 29 143 27 
 59 90 961 983 167 
 854 471 51 454 787 127 705 
 591 795 343 902 705 202 910 
 463 313 200 693 643 65 841 
 539 445 503 373 228 750 817 
 54 999 4 945 518 505 589 
 661 700 21 545 275 354 608 
 18 878 88 598 925 188 854 
 567 446 835 683 694 541 487 
 289 143 394 93 557 958 841 
 796 239 296 742 272 806 779 
 295 414 592 468 332 46 900 
 571 335 140 288 465 483 653 
 986 573 207 938 824 713 871 
 391 877 616 790 264 873 715 
 454 95 488 48 883 376 910 
 954 394 128 7 855 901 634 
 793 83 724 56 445 991 738 
 225 730 641 373 671 8 779 
 739 965 677 51 180 395 450 
 973 668 529 875 979 734 661 
 96 503 191 204 358 302 575 
 730 773 957 720 555 928 49 
 764 653 30 752 400 819 75 
 240 586 354 413 962 532 385 
 759 566 318 707 872 606 365 
 388 841 578 957 357 697 511 
 631 671 505 399 419 906 38 
 870 381 819 889 793 775 846 
 185 687 249 689 699 389 163 
 948 591 978 175 865 802 15 
 998 536 34 189 545 392 181 
 339 156 524 681 198 113 259 
 650 175 899 966 284 83 189 
 95 534 534 189 54 523 468 
 500 619 200 901 267 323 847 
 558 124 371 381 327 
 70 525 158 64 622 813 515 
 194 781 730 321 47 78 261 
 969 665 596 387 262 116 46 
 939 395 563 378 230 520 915 
 162 337 929 537 696 76 917 
 828 827 152 46 769 991 611 
 453 43 6 218 947 96 792 
 995 416 65 643 416 684 817 
 620 690 454 587 737 91 280 
 185 780 106 495 345 703 324 
 739 6 71 535 91 262 115 
 767 509 321 393 380 144 652 
 181 17 994 521 25 590 833 
 399 362 200 594 209 344 693 
 907 968 588 146 257 350 543 
 120 192 929 678 546 398 644 
 759 736 390 245 442 248 726 
 713 368 273 160 671 606 144 
 432 887 85 143 26 544 944 
 576 664 668 669 901 38 460 
 863 805 991 555 226 941 651 
 476 572 917 375 546 867 5 
 955 523 627 635 521 843 980 
 678 971 722 293 808 961 166 
 386 638 157 607 358 791 599 
 884 874 333 671 936 1 670 
 142 587 249 42 522 34 482 
 762 758 423 675 981 414 878 
 817 177 547 701 447 547 628 
 849 283 128 470 648 223 703 
 48 554 594 229 394 982 682 
 22 487 549 51 147 206 9 
 99 185 44 652 989 555 455 
 776 738 997 851 931 278 744 
 949 206 536 996 865 449 736 
 384 899 56 845 579 
 719 212 38 24 794 706 620 
 347 869 947 177 887 956 9 
 428 578 707 556 647 871 851 
 799 823 146 751 774 241 1 
 826 20 396 263 412 358 43 
 160 921 657 582 516 679 396 
 341 187 651 430 893 108 395 
 765 518 350 161 83 298 779 
 660 945 982 247 46 656 661 
 852 542 660 25 931 155 495 
 73 354 285 199 497 545 379 
 415 485 786 435 790 147 788 
 726 58 387 438 560 642 423 
 363 64 701 18 274 99 982 
 234 714 929 892 157 823 812 
 748 93 120 76 221 300 37 
 597 431 846 169 99 371 256 
 891 434 504 156 427 551 3 
 49 447 166 987 581 795 378 
 936 106 731 407 234 633 144 
 151 520 642 739 430 679 822 
 13 999 87 586 826 586 508 
 365 593 580 753 12 444 533 
 300 801 464 39 130 704 644 
 763 577 445 153 644 864 790 
 462 808 95 109 144 778 77 
 498 155 873 821 594 780 694 
 328 209 562 616 345 992 848 
 615 323 175 819 362 499 521 
 524 529 916 770 461 618 198 
 97 763 725 935 550 943 398 
 645 210 52 533 216 153 784 
 311 810 840 683 979 243 718 
 665 468 446 677 703 649 221 
 581 448 301 542 540 836 527 
 826 119 245 818 674 
 711 9 210 552 28 550 835 
 110 395 705 634 33 47 581 
 128 363 552 444 81 739 894 
 823 81 941 780 941 577 801 
 485 37 876 636 952 788 933 
 49 834 452 188 158 295 27 
 556 414 313 655 478 993 916 
 338 3 6 199 906 964 940 
 523 189 130 322 440 751 261 
 525 844 667 380 139 475 611 
 617 433 542 296 586 826 179 
 663 367 273 664 514 63 509 
 654 778 280 882 295 533 379 
 967 216 507 52 523 965 928 
 634 61 367 994 226 376 494 
 767 499 748 983 302 730 243 
 979 706 4 80 629 669 837 
 840 521 763 683 189 325 114 
 41 150 177 226 172 241 902 
 328 368 923 336 234 240 845 
 107 490 288 831 710 188 42 
 665 538 733 530 918 681 441 
 34 863 719 603 341 656 10 
 753 413 444 680 31 946 810 
 148 329 384 429 608 605 544 
 836 762 606 26 390 935 882 
 271 411 151 734 665 435 326 
 158 615 783 278 774 402 857 
 45 439 649 268 66 754 980 
 387 286 942 786 251 165 610 
 507 728 186 410 525 488 364 
 882 368 537 817 955 776 772 
 462 623 893 774 548 342 948 
 258 586 751 939 560 686 22 
 855 332 544 223 902 567 564 
 374 540 205 413 429 
 942 915 74 322 55 430 330 
 246 270 372 487 758 868 540 
 100 167 342 596 22 747 607 
 366 884 6 562 370 621 447 
 114 954 917 991 51 423 488 
 579 237 758 315 586 83 475 
 133 86 216 601 520 922 972 
 327 559 551 217 370 991 357 
 776 554 349 60 66 622 155 
 25 528 102 122 199 121 556 
 903 731 823 18 965 485 584 
 194 958 472 477 464 233 16 
 877 392 570 982 695 110 716 
 565 993 826 231 290 140 567 
 554 109 291 120 711 769 375 
 122 977 38 349 335 278 881 
 442 832 492 648 564 975 149 
 424 175 216 202 2 817 213 
 609 850 287 620 102 693 884 
 473 947 165 30 714 599 742 
 206 303 775 750 386 902 992 
 942 573 160 80 763 473 622 
 495 636 474 928 112 377 306 
 403 759 791 820 440 643 686 
 9 908 8 823 100 107 571 
 285 462 260 596 83 216 787 
 146 455 13 264 491 649 451 
 379 158 79 933 476 30 164 
 802 341 494 404 938 926 357 
 959 526 555 609 232 989 671 
 450 405 358 424 653 725 153 
 192 829 915 20 6 754 773 
 839 976 161 26 854 759 486 
 231 377 640 772 984 301 183 
 960 407 224 482 137 6 111 
 366 32 404 352 564 
 62501 64239 62798 63383 62376 62459 59666 
 60320 62741 63839 62595 62455 66218 62523 
 57959 63227 63673 62347 65576 63368 65430 
 60652 60762 62212 61442 65223 63000 62050 
 63361 59160