 250 30 0 
 1008 740 750 817 939 899 753 
 815 497 683 1006 908 763 717 
 498 830 932 540 560 520 595 
 585 584 509 618 458 910 490 
 865 468 694 919 691 606 553 
 805 602 967 909 824 738 756 
 975 942 942 872 821 752 1075 
 817 807 701 675 847 759 888 
 663 912 660 725 627 603 636 
 978 641 538 727 904 986 751 
 503 770 866 1008 792 652 894 
 636 510 836 647 520 509 586 
 698 662 713 832 730 644 780 
 913 736 712 847 721 651 815 
 634 811 815 545 1029 663 565 
 871 496 710 525 678 813 797 
 778 773 531 833 954 888 633 
 681 864 557 486 786 450 758 
 777 948 741 824 643 503 1042 
 882 559 747 706 631 763 723 
 955 936 761 515 449 979 605 
 923 529 519 568 660 726 568 
 853 894 467 548 724 608 872 
 759 837 727 672 731 767 685 
 941 821 1029 970 804 666 815 
 614 805 686 850 596 960 896 
 860 572 519 798 555 853 877 
 738 729 1041 522 990 876 934 
 483 681 733 596 746 923 466 
 633 861 760 692 1035 660 781 
 795 771 1040 538 709 898 880 
 662 863 977 602 882 578 540 
 913 696 1004 552 796 769 546 
 857 770 712 721 789 928 714 
 764 480 855 635 874 962 504 
 966 726 996 815 741 
 744 759 718 571 834 3 247 
 383 31 857 324 222 196 694 
 63 876 309 138 362 764 128 
 99 553 351 969 987 753 94 
 693 250 156 72 696 19 657 
 675 677 439 766 811 657 484 
 341 947 966 611 96 790 977 
 572 348 732 898 898 950 382 
 430 238 336 920 590 196 705 
 89 725 168 432 515 957 510 
 87 746 310 788 808 63 147 
 801 992 618 157 202 373 578 
 676 368 913 868 682 539 396 
 468 829 580 427 534 32 541 
 2 275 208 66 194 45 119 
 812 139 481 643 409 168 159 
 20 117 886 747 7 758 26 
 433 437 138 452 530 243 562 
 648 897 448 515 303 668 824 
 449 271 98 147 10 495 337 
 677 74 865 821 363 588 77 
 376 523 276 465 5 576 165 
 306 50 447 493 825 200 509 
 418 14 788 909 35 254 835 
 859 415 244 456 489 702 681 
 781 925 232 579 290 638 697 
 998 48 682 858 893 733 538 
 831 702 309 152 458 25 957 
 654 698 743 327 886 474 730 
 580 104 923 577 53 607 545 
 304 72 323 991 289 171 436 
 106 732 665 3 685 919 391 
 480 186 198 182 803 804 930 
 646 260 284 809 679 97 937 
 105 495 179 671 68 386 791 
 923 825 981 221 444 
 249 160 506 506 476 455 230 
 339 143 391 349 753 367 241 
 718 285 777 176 365 906 177 
 498 649 401 735 960 580 528 
 920 694 358 754 842 217 336 
 700 429 43 609 461 906 272 
 67 443 661 326 859 333 674 
 415 515 484 297 526 120 104 
 841 139 10 332 13 598 262 
 330 192 61 29 708 962 845 
 690 583 49 130 590 264 318 
 727 988 395 748 197 12 128 
 561 419 168 868 201 257 184 
 592 671 517 821 580 420 66 
 440 466 619 12 480 10 106 
 28 261 409 664 571 40 320 
 991 8 335 789 192 250 234 
 588 305 804 758 364 520 884 
 324 793 852 602 905 173 304 
 608 388 766 54 950 513 261 
 925 826 656 372 138 794 980 
 148 776 1 693 809 152 491 
 405 199 310 201 458 673 97 
 651 617 294 977 233 525 682 
 149 800 793 5 379 764 339 
 158 599 418 300 453 184 890 
 858 491 717 718 116 146 387 
 742 848 36 435 495 783 789 
 493 792 867 311 87 474 102 
 89 668 194 297 935 293 504 
 359 376 951 44 904 705 418 
 342 132 285 685 922 517 577 
 658 798 627 881 534 795 327 
 13 772 789 454 457 790 835 
 139 838 651 524 539 924 207 
 824 711 637 949 137 
 780 423 269 926 658 105 766 
 910 694 291 906 524 984 563 
 156 15 188 548 106 871 873 
 421 11 246 547 66 903 964 
 328 652 680 873 869 633 28 
 8 94 844 503 176 544 539 
 243 634 319 618 327 578 422 
 835 569 630 209 42 219 287 
 564 801 886 274 667 929 257 
 701 62 19 744 34 890 665 
 821 93 288 568 303 85 747 
 714 189 429 292 517 721 744 
 494 14 100 558 864 627 293 
 328 110 594 537 997 271 412 
 722 635 205 18 416 380 590 
 427 439 606 84 499 550 136 
 487 828 467 149 469 760 222 
 819 735 302 157 80 444 888 
 817 361 193 678 466 819 367 
 764 423 677 363 356 828 835 
 547 804 497 28 246 494 303 
 622 816 817 362 590 16 850 
 868 786 82 162 903 314 843 
 174 1000 130 177 418 28 849 
 838 627 772 646 56 806 792 
 815 593 275 621 474 919 137 
 502 80 563 25 643 772 379 
 186 580 527 486 759 244 184 
 530 602 318 678 32 7 936 
 54 394 792 474 435 801 125 
 101 625 489 784 371 415 553 
 377 826 903 852 837 376 200 
 473 87 710 670 27 821 124 
 638 512 297 576 843 49 4 
 22 279 998 98 550 299 710 
 469 441 949 410 418 
 817 420 959 110 723 917 637 
 7 501 115 667 458 792 960 
 630 792 308 638 910 256 430 
 427 791 442 906 560 167 249 
 392 185 644 230 912 98 252 
 179 637 486 665 167 83 583 
 387 315 872 724 987 285 804 
 133 264 12 360 416 644 903 
 160 9 612 131 648 619 785 
 83 767 785 522 565 502 403 
 726 246 279 978 218 765 357 
 538 270 832 400 98 335 618 
 757 932 734 791 199 85 963 
 932 304 667 377 817 326 402 
 425 436 518 621 75 885 504 
 276 200 139 520 162 184 753 
 256 604 517 296 774 657 324 
 379 969 299 542 884 506 970 
 51 234 197 707 554 839 788 
 243 216 987 768 526 238 339 
 839 813 985 863 124 563 831 
 686 769 190 694 970 541 470 
 837 635 837 551 920 932 579 
 998 900 935 466 365 974 722 
 437 846 867 918 235 394 479 
 243 115 959 7 774 615 587 
 445 597 114 19 503 408 856 
 961 950 472 730 178 159 836 
 607 771 420 56 241 894 632 
 76 676 33 956 5 471 80 
 636 190 624 360 193 92 177 
 139 365 76 101 371 592 445 
 569 687 125 694 546 933 483 
 149 266 701 636 892 802 242 
 560 220 719 287 783 679 852 
 174 337 247 347 631 
 646 927 619 706 380 477 839 
 805 291 844 829 12 802 963 
 658 836 456 559 229 61 450 
 761 50 779 143 168 867 451 
 61 421 134 598 738 360 361 
 279 330 918 110 884 91 270 
 206 623 106 184 455 169 835 
 917 853 915 802 996 250 292 
 813 162 373 769 870 935 339 
 984 738 120 96 163 314 616 
 844 349 820 534 710 70 674 
 301 290 950 917 685 474 683 
 113 21 389 402 592 813 890 
 159 51 372 658 269 837 903 
 497 581 686 220 331 159 247 
 146 46 113 266 761 387 194 
 247 232 172 468 895 963 740 
 525 913 688 145 573 141 582 
 611 310 932 748 978 213 883 
 106 985 882 236 427 660 200 
 731 45 330 525 305 270 466 
 529 978 982 864 382 375 701 
 772 956 763 675 310 193 86 
 577 468 195 363 914 47 390 
 353 417 977 700 700 897 527 
 335 202 695 158 343 213 968 
 679 228 514 410 754 170 790 
 27 763 920 995 955 567 815 
 598 547 349 395 336 963 165 
 739 590 556 50 160 522 746 
 951 847 461 71 466 695 267 
 23 674 769 413 744 802 258 
 828 333 155 122 146 638 387 
 914 89 562 600 831 64 528 
 259 537 482 312 828 130 676 
 940 865 951 201 93 
 934 760 376 960 619 815 81 
 269 552 83 586 619 177 33 
 147 893 634 711 643 579 410 
 609 161 160 751 271 826 254 
 572 4 357 588 372 607 136 
 307 230 272 257 740 822 586 
 739 649 399 146 751 446 595 
 803 862 205 814 592 647 939 
 350 270 662 423 715 167 406 
 588 806 463 540 451 778 843 
 724 66 237 975 56 689 789 
 484 3 891 555 220 274 703 
 681 6 125 945 74 815 488 
 653 942 822 189 588 26 398 
 917 782 769 354 251 750 813 
 818 462 891 979 120 714 12 
 794 529 981 329 42 443 483 
 818 508 819 393 112 565 427 
 945 429 569 710 378 725 530 
 700 541 641 310 604 439 207 
 425 892 626 475 335 753 410 
 907 56 336 240 381 514 112 
 480 770 951 277 619 599 947 
 382 588 431 516 313 466 466 
 391 275 483 852 175 250 811 
 358 644 838 463 452 941 419 
 84 803 165 984 174 321 598 
 205 17 233 113 86 762 85 
 9 233 67 603 306 465 177 
 539 172 481 349 853 696 952 
 364 549 575 502 408 900 277 
 410 682 725 361 649 654 812 
 297 718 900 367 415 37 784 
 74 437 725 121 707 650 873 
 186 498 210 413 890 510 127 
 464 467 135 874 822 
 765 976 151 587 440 1000 404 
 327 19 221 735 676 456 15 
 682 368 932 365 736 858 431 
 11 812 535 600 374 662 490 
 686 317 724 109 662 24 778 
 834 455 37 850 183 687 622 
 561 333 627 676 911 856 313 
 249 917 636 366 993 940 780 
 838 750 66 602 960 438 35 
 309 469 621 872 510 180 114 
 27 248 790 739 614 106 474 
 487 974 575 449 55 507 248 
 438 387 940 374 965 974 356 
 898 281 65 295 456 299 17 
 963 343 494 232 534 169 467 
 75 668 91 108 224 461 668 
 611 582 408 573 32 322 666 
 156 661 646 140 545 578 183 
 432 733 47 722 865 61 517 
 574 485 818 403 328 628 758 
 274 313 637 431 87 823 653 
 27 628 502 951 959 621 93 
 850 783 946 656 349 84 626 
 977 291 305 930 437 663 220 
 840 992 294 349 419 288 46 
 616 950 34 634 634 944 583 
 835 69 629 443 582 620 418 
 996 928 69 803 821 546 946 
 653 765 363 621 266 291 218 
 711 624 870 209 895 592 734 
 568 186 334 28 102 928 182 
 322 952 208 658 58 328 9 
 59 255 292 999 5 614 627 
 959 24 251 152 996 903 354 
 84 701 651 476 29 84 550 
 254 512 199 631 848 
 240 4 496 115 844 606 961 
 847 250 483 938 687 166 625 
 170 854 367 196 907 685 144 
 849 858 772 186 567 279 252 
 33 2 577 638 550 231 702 
 550 822 94 861 357 804 555 
 341 569 971 931 617 884 569 
 839 754 223 301 379 650 701 
 103 875 610 432 145 377 171 
 876 113 489 676 164 812 320 
 128 112 394 144 37 492 475 
 414 293 87 749 62 428 904 
 210 251 862 536 132 160 565 
 80 768 52 885 169 987 682 
 753 565 575 125 450 169 588 
 251 714 263 855 528 140 5 
 259 535 82 615 41 649 267 
 349 521 806 803 596 566 748 
 672 462 819 786 669 849 848 
 267 529 312 313 483 766 643 
 29 187 425 679 346 4 35 
 53 633 446 731 707 109 573 
 682 30 411 336 804 890 152 
 850 97 919 877 732 856 892 
 787 984 982 736 590 526 425 
 644 548 589 312 866 338 968 
 670 212 330 526 426 76 454 
 912 872 391 588 456 877 328 
 119 654 468 990 425 970 92 
 293 410 65 974 701 63 408 
 800 277 947 929 747 421 975 
 800 195 542 521 956 180 395 
 853 334 943 508 238 395 728 
 949 163 498 687 947 337 548 
 456 682 148 422 323 927 534 
 336 178 929 427 603 
 855 118 410 245 657 830 268 
 443 10 306 642 771 705 843 
 64 926 64 210 891 712 502 
 379 188 200 106 336 841 45 
 732 358 432 447 363 138 435 
 169 710 658 514 888 347 147 
 715 284 329 310 554 456 918 
 705 872 907 832 383 389 77 
 540 135 126 441 960 293 92 
 685 153 819 114 346 299 333 
 861 539 700 407 817 360 312 
 183 415 823 882 241 288 247 
 183 15 88 997 954 373 619 
 523 967 118 337 739 520 488 
 945 79 937 808 942 878 213 
 269 284 877 612 93 257 604 
 219 970 123 995 306 626 213 
 440 307 442 993 50 104 944 
 989 339 233 122 630 128 688 
 66 749 456 429 870 427 941 
 744 169 46 213 362 924 105 
 872 42 66 52 263 496 917 
 201 704 811 684 930 52 156 
 345 154 173 863 820 562 593 
 596 922 536 575 306 803 111 
 603 446 782 633 52 246 677 
 717 320 584 951 633 621 545 
 673 398 982 623 661 173 887 
 94 814 629 985 827 552 874 
 260 610 650 140 567 471 105 
 925 169 22 835 216 77 36 
 112 426 87 778 121 530 610 
 604 917 856 92 30 287 182 
 864 937 770 680 394 592 328 
 645 200 374 100 332 773 99 
 182 845 837 715 80 
 156 152 69 122 750 182 235 
 378 577 70 638 513 117 71 
 375 461 172 603 133 18 499 
 438 490 321 485 106 917 316 
 332 440 421 718 447 246 226 
 645 610 20 587 956 921 556 
 903 722 690 213 524 628 308 
 430 737 635 468 290 860 734 
 226 399 235 637 693 799 891 
 699 827 563 378 81 790 819 
 133 906 751 975 592 178 980 
 274 937 453 490 411 387 353 
 841 66 387 419 137 269 365 
 811 71 432 724 646 336 679 
 668 623 794 275 975 133 373 
 205 561 178 429 774 565 929 
 860 234 155 613 337 920 680 
 874 11 90 404 460 436 861 
 457 761 222 160 792 191 950 
 460 692 188 298 280 611 746 
 68 305 760 1000 75 43 362 
 583 734 771 978 937 617 624 
 463 9 419 749 561 657 12 
 495 463 736 18 751 722 737 
 318 759 934 938 288 532 579 
 953 464 671 879 998 399 683 
 458 96 465 622 206 377 939 
 296 373 833 372 93 481 475 
 277 290 209 90 665 50 200 
 769 843 189 709 725 97 405 
 131 787 828 488 694 721 276 
 756 83 981 46 774 700 895 
 781 889 125 352 137 135 697 
 672 546 89 636 824 843 854 
 7 900 559 989 557 678 876 
 627 201 594 746 386 
 859 37 146 528 214 868 390 
 667 763 343 901 109 364 322 
 147 196 479 647 457 406 264 
 637 338 855 918 126 225 74 
 889 307 83 97 552 953 472 
 204 60 888 97 739 12 919 
 392 340 855 993 162 452 828 
 581 750 30 905 49 738 355 
 221 620 914 879 302 406 935 
 160 729 704 617 60 710 970 
 772 34 807 585 868 565 452 
 749 729 551 488 931 608 980 
 57 824 199 298 562 912 342 
 697 457 545 158 534 279 995 
 67 655 642 780 265 6 869 
 804 871 822 66 69 958 951 
 357 801 816 890 713 833 209 
 483 518 481 270 720 1 261 
 656 101 569 25 831 86 435 
 91 630 497 701 74 843 457 
 850 83 706 28 115 791 446 
 390 568 525 927 94 520 840 
 515 213 750 969 236 733 56 
 28 349 55 598 330 436 570 
 591 689 278 189 52 724 805 
 844 689 996 466 955 718 300 
 563 539 249 997 555 510 689 
 967 452 988 211 498 117 340 
 581 799 459 209 380 369 337 
 738 854 651 296 920 95 9 
 668 662 660 133 460 914 168 
 456 927 557 202 428 135 812 
 59 659 991 788 464 683 451 
 623 924 172 236 433 146 862 
 961 233 134 989 740 360 593 
 650 9 3 294 520 
 527 65 608 947 20 443 407 
 769 187 15 262 813 141 706 
 630 112 783 672 912 470 561 
 678 853 289 658 738 582 352 
 812 815 194 454 379 818 627 
 458 125 971 79 578 745 549 
 391 366 231 276 226 237 450 
 161 839 3 64 375 389 525 
 830 322 394 394 907 45 453 
 321 331 976 148 546 136 244 
 988 102 600 382 668 702 401 
 908 921 325 461 443 16 868 
 182 596 893 881 415 946 197 
 806 616 541 438 147 823 468 
 994 907 23 796 293 855 746 
 187 613 525 309 26 242 950 
 8 366 465 818 370 374 533 
 964 7 514 328 501 697 143 
 605 753 191 293 85 420 960 
 316 707 379 70 866 144 954 
 122 351 269 417 35 618 613 
 557 526 123 334 719 21 232 
 755 503 423 612 891 694 827 
 290 583 310 100 253 493 947 
 515 933 815 686 912 217 868 
 293 382 656 514 596 521 485 
 31 281 232 149 149 251 739 
 698 551 320 251 142 277 681 
 803 670 932 94 923 203 882 
 369 799 954 916 411 17 79 
 464 400 739 787 449 356 242 
 386 350 530 867 771 626 944 
 575 526 361 516 174 159 855 
 157 956 869 1000 994 574 809 
 79 99 195 254 87 241 771 
 813 196 838 777 366 
 831 307 472 958 939 142 502 
 35 730 216 59 696 878 664 
 872 353 994 666 543 254 876 
 949 70 159 249 110 187 36 
 894 191 926 353 231 896 730 
 539 866 289 634 494 145 61 
 747 250 402 711 821 457 319 
 440 216 681 772 584 153 538 
 907 40 761 614 489 609 834 
 915 895 487 257 555 568 722 
 89 870 837 139 270 940 147 
 353 12 52 903 950 851 171 
 86 589 11 509 495 783 551 
 165 173 546 539 693 30 457 
 413 660 221 577 189 899 135 
 793 404 341 79 679 13 314 
 307 706 910 26 923 347 341 
 730 76 667 515 992 225 955 
 442 166 548 221 534 504 552 
 182 4 925 838 640 364 24 
 489 272 520 491 490 637 602 
 240 402 971 200 695 883 667 
 894 855 174 51 231 117 226 
 684 931 422 377 200 807 60 
 147 479 880 170 678 750 53 
 904 349 782 576 724 428 837 
 234 438 548 640 137 202 866 
 851 26 636 312 558 662 438 
 457 256 623 561 893 991 887 
 724 505 455 493 943 179 830 
 526 382 224 353 452 367 173 
 321 666 170 168 795 467 651 
 685 970 454 264 175 5 674 
 451 612 504 528 551 607 995 
 77 306 444 349 53 503 262 
 654 687 656 960 863 
 650 350 494 891 626 928 625 
 161 82 605 932 832 705 826 
 473 690 229 970 178 780 872 
 296 313 251 501 365 103 909 
 665 91 45 762 697 789 276 
 410 863 773 884 787 764 547 
 375 921 124 622 347 868 853 
 220 426 640 605 753 282 399 
 726 938 322 782 171 990 499 
 394 695 690 34 585 434 560 
 312 848 154 404 240 648 627 
 847 739 7 471 1000 877 743 
 524 358 853 466 24 877 512 
 664 885 515 795 550 204 10 
 537 215 418 507 458 759 726 
 943 280 724 574 46 320 955 
 668 227 310 987 773 93 861 
 75 435 294 584 517 775 665 
 35 135 528 94 337 525 489 
 902 276 49 86 85 799 822 
 381 137 931 671 237 975 818 
 762 855 16 376 427 975 454 
 235 26 240 977 566 933 714 
 511 73 843 214 567 654 125 
 891 508 115 645 360 810 579 
 764 480 306 516 493 868 22 
 334 906 99 379 944 610 738 
 57 58 607 788 284 97 457 
 984 703 343 277 470 278 871 
 859 111 592 441 722 606 438 
 601 331 730 311 607 240 313 
 15 207 251 548 123 655 238 
 213 357 386 382 17 511 799 
 975 661 217 488 694 897 84 
 323 680 871 42 755 229 259 
 155 468 36 792 457 
 377 894 382 158 133 250 732 
 130 395 203 423 334 415 499 
 513 767 640 878 808 724 508 
 119 971 247 746 99 861 899 
 125 319 455 329 517 514 703 
 986 974 714 763 227 901 464 
 676 516 678 83 50 360 87 
 101 523 722 370 935 346 635 
 821 653 1 957 417 993 432 
 871 12 584 177 39 519 815 
 232 657 927 508 534 545 549 
 765 40 882 372 617 81 428 
 525 671 644 480 316 562 40 
 51 120 305 593 315 565 840 
 754 517 50 921 813 419 354 
 408 422 910 387 769 459 911 
 287 642 420 428 686 448 489 
 205 352 67 696 508 947 152 
 555 582 361 514 748 229 782 
 744 80 201 773 500 588 474 
 952 969 27 941 713 194 226 
 218 500 570 17 226 832 367 
 746 193 473 614 143 279 439 
 869 829 518 564 875 427 611 
 632 616 872 636 173 579 439 
 926 778 783 388 292 551 453 
 36 415 677 696 630 808 211 
 810 387 470 552 898 30 568 
 180 555 148 249 396 387 10 
 870 145 696 833 41 696 882 
 83 988 56 624 634 564 126 
 780 76 595 840 582 832 371 
 307 625 976 867 812 903 52 
 635 777 638 26 488 133 831 
 856 615 934 298 381 480 935 
 564 106 386 203 611 
 940 168 208 343 462 727 560 
 337 649 279 46 920 923 442 
 341 528 608 336 569 609 131 
 430 737 32 179 250 971 560 
 190 352 949 679 206 681 332 
 928 773 896 488 283 626 669 
 170 486 521 637 907 410 732 
 408 283 534 260 264 443 884 
 733 849 652 550 900 318 724 
 502 914 590 628 279 701 232 
 282 279 307 739 103 361 814 
 268 840 900 38 158 277 990 
 49 276 868 150 123 902 99 
 652 694 132 903 96 463 189 
 911 221 462 6 919 868 524 
 35 702 720 282 679 294 182 
 222 956 719 776 52 618 147 
 621 93 335 135 794 538 562 
 646 207 919 384 701 762 944 
 714 694 91 629 173 453 548 
 77 599 205 631 875 938 944 
 805 27 826 968 586 443 454 
 216 858 73 65 202 377 97 
 77 919 949 779 236 152 20 
 102 71 551 317 399 210 60 
 656 879 78 688 332 479 964 
 36 901 565 794 968 298 988 
 551 298 415 476 782 348 551 
 343 749 924 223 551 954 586 
 770 351 154 899 929 776 425 
 624 567 656 713 838 613 978 
 35 180 754 641 390 983 88 
 898 850 781 911 451 276 890 
 763 639 655 782 372 319 758 
 243 617 168 100 824 60 479 
 744 183 571 564 161 
 582 444 369 637 88 197 257 
 402 105 791 201 832 483 505 
 928 309 835 931 894 574 235 
 153 781 758 758 243 146 185 
 894 351 258 693 533 766 20 
 37 461 806 579 164 608 829 
 128 124 687 272 801 124 539 
 134 875 539 732 233 705 431 
 837 430 298 548 812 560 659 
 757 562 232 650 788 39 11 
 246 938 819 777 743 309 500 
 921 233 844 923 319 576 579 
 909 48 850 919 634 347 87 
 873 632 535 657 787 364 468 
 291 780 5 99 467 59 361 
 37 536 236 477 804 98 358 
 117 931 515 80 263 55 489 
 399 359 66 105 817 530 644 
 34 54 340 280 951 588 96 
 927 346 471 563 887 969 674 
 951 305 90 552 720 837 189 
 809 769 206 254 814 924 309 
 455 795 235 286 168 598 217 
 821 846 244 831 78 44 190 
 616 487 19 382 812 767 730 
 692 429 243 303 62 491 484 
 369 947 640 442 683 375 26 
 54 25 604 732 122 471 236 
 51 402 847 1000 953 879 102 
 272 964 103 667 41 180 774 
 71 752 510 602 418 656 451 
 946 76 581 968 108 934 22 
 948 865 996 972 75 9 868 
 830 333 517 379 712 630 953 
 443 7 3 165 686 549 689 
 72 345 637 774 948 
 666 661 908 568 816 646 937 
 607 100 317 312 739 347 375 
 525 434 448 62 50 684 355 
 302 404 802 780 279 213 366 
 150 352 888 689 924 247 479 
 353 949 571 332 791 902 358 
 185 770 883 403 856 77 422 
 299 17 233 899 407 519 179 
 497 221 745 755 497 643 10 
 57 836 732 632 880 206 733 
 772 503 36 567 438 932 902 
 522 662 775 157 158 338 264 
 859 409 883 440 189 111 806 
 472 874 884 523 820 824 427 
 567 292 819 141 994 944 340 
 408 296 625 955 412 376 504 
 949 527 374 168 147 4 737 
 610 184 373 163 548 361 525 
 980 393 826 564 805 302 148 
 337 437 194 632 801 838 515 
 650 826 901 584 70 286 804 
 906 267 656 951 361 786 887 
 137 512 397 622 796 537 752 
 367 882 46 841 475 174 980 
 238 819 393 224 258 51 6 
 750 303 467 789 398 851 133 
 336 709 43 454 831 388 16 
 765 395 427 187 213 653 996 
 441 10 748 679 159 988 72 
 945 109 983 626 619 106 559 
 344 595 819 348 98 85 979 
 97 901 464 608 83 530 121 
 531 700 454 351 854 238 32 
 243 140 62 308 829 889 822 
 170 919 214 504 197 946 523 
 211 613 802 57 760 
 20 59 695 617 888 785 321 
 118 478 808 807 991 136 575 
 667 712 548 61 648 608 141 
 25 570 936 933 163 602 244 
 425 52 23 843 179 454 851 
 406 862 3 139 442 932 327 
 388 941 807 924 205 67 792 
 321 792 150 979 194 328 174 
 384 222 826 38 480 139 291 
 970 387 729 782 562 707 705 
 242 104 40 899 276 833 187 
 650 426 941 57 553 323 398 
 293 562 151 531 700 594 89 
 721 887 14 791 150 667 691 
 782 805 616 233 398 993 347 
 477 49 714 124 65 978 840 
 447 196 63 306 627 912 374 
 933 52 248 809 262 696 278 
 425 382 900 949 740 392 948 
 43 351 379 413 581 569 240 
 99 56 21 491 545 491 733 
 201 387 141 382 302 157 952 
 368 467 354 410 307 354 213 
 303 440 417 232 241 52 64 
 117 922 598 835 759 391 386 
 542 255 869 645 716 456 25 
 1000 781 521 433 136 218 710 
 235 291 442 750 889 954 50 
 627 809 431 999 819 782 718 
 299 920 256 419 97 34 332 
 935 249 575 523 490 130 432 
 220 911 394 780 761 442 710 
 976 266 18 762 997 844 159 
 592 736 166 410 201 567 945 
 207 948 585 838 867 882 426 
 636 397 637 729 800 
 550 787 282 340 336 679 906 
 331 656 98 839 89 116 171 
 99 581 442 716 852 635 510 
 344 700 147 65 389 857 852 
 241 974 500 231 573 958 34 
 971 989 323 573 939 788 440 
 584 937 693 289 156 561 247 
 556 326 918 599 452 420 749 
 209 460 115 699 982 806 458 
 759 253 305 92 303 393 308 
 792 443 694 478 833 892 956 
 952 709 139 543 809 477 729 
 492 432 337 394 107 319 384 
 656 92 948 258 200 60 766 
 839 95 52 217 932 531 710 
 970 817 337 479 322 875 610 
 715 563 426 885 875 596 593 
 98 463 260 249 780 483 208 
 413 332 755 420 668 989 142 
 859 144 547 300 750 472 74 
 583 550 256 536 971 283 460 
 385 485 944 119 143 500 652 
 694 310 579 778 682 961 994 
 579 297 271 887 728 133 402 
 55 721 367 477 261 941 539 
 203 342 967 339 807 195 237 
 857 303 108 936 637 600 780 
 610 146 160 488 931 921 109 
 183 10 618 273 625 860 238 
 874 783 789 197 931 758 225 
 152 373 459 618 839 851 997 
 855 168 111 158 41 668 496 
 79 469 362 553 902 111 639 
 64 16 445 524 402 862 776 
 717 305 738 432 227 724 102 
 686 577 90 473 993 
 7 494 832 933 128 802 198 
 23 148 529 427 593 485 942 
 598 598 529 149 954 340 140 
 405 394 341 987 75 764 500 
 672 821 966 7 577 203 364 
 1000 191 638 405 963 671 845 
 352 240 763 340 865 510 726 
 547 492 75 289 575 661 470 
 328 827 757 569 972 108 270 
 623 703 647 56 713 377 132 
 83 728 261 959 476 522 866 
 954 139 677 290 907 114 797 
 541 886 141 949 779 492 137 
 326 644 511 463 339 839 578 
 654 233 149 603 210 135 411 
 437 110 601 969 975 562 667 
 30 190 973 240 287 212 257 
 209 35 693 704 428 640 621 
 58 562 148 163 412 638 595 
 172 888 230 787 496 775 91 
 33 860 943 889 921 236 428 
 598 471 686 488 754 961 239 
 698 450 465 759 856 700 956 
 916 564 466 515 222 583 975 
 452 231 200 298 337 329 146 
 53 107 765 49 517 358 639 
 747 160 356 514 103 656 102 
 277 551 769 455 994 548 475 
 335 867 813 328 639 619 623 
 981 641 829 395 945 901 144 
 915 567 691 733 467 843 117 
 86 647 534 392 254 432 553 
 78 208 781 579 188 480 227 
 859 516 516 261 357 794 609 
 274 420 15 853 546 539 303 
 825 510 988 147 866 
 498 28 422 571 843 981 584 
 476 423 146 300 704 602 439 
 881 426 2 24 427 413 959 
 639 95 486 973 146 273 570 
 797 154 446 415 103 467 601 
 835 560 748 973 599 611 766 
 910 441 768 13 704 964 783 
 112 189 713 754 368 192 585 
 438 322 2 889 72 436 951 
 172 816 938 120 152 879 390 
 110 560 687 185 43 92 686 
 363 889 627 210 132 279 12 
 787 681 751 271 388 925 673 
 662 511 541 997 459 35 681 
 419 424 759 747 795 384 740 
 137 43 89 676 811 739 94 
 404 820 218 79 778 184 159 
 543 782 498 255 337 42 170 
 625 9 834 160 27 284 754 
 499 994 815 834 512 500 592 
 114 516 727 87 693 600 237 
 177 575 95 965 587 557 809 
 499 321 561 172 738 137 563 
 759 719 859 703 631 78 941 
 472 422 328 24 272 710 723 
 812 148 353 192 836 617 469 
 123 392 322 314 941 287 948 
 932 177 569 479 87 128 846 
 645 734 580 497 208 665 223 
 305 14 697 538 285 283 877 
 188 845 938 363 753 673 499 
 157 206 938 515 673 717 914 
 655 671 597 365 142 400 207 
 796 497 730 664 925 796 854 
 378 172 889 198 345 727 465 
 975 142 948 649 171 
 629 476 630 387 766 660 297 
 263 791 335 648 365 60 638 
 75 562 916 562 433 92 619 
 551 198 259 870 32 645 275 
 210 154 612 643 635 363 557 
 442 133 175 662 767 925 477 
 213 133 181 94 117 792 794 
 161 335 930 805 78 649 228 
 219 577 359 70 118 107 436 
 317 199 559 615 279 98 242 
 446 311 999 935 475 49 778 
 957 545 740 130 465 269 730 
 882 363 964 426 937 906 776 
 8 353 270 682 857 777 522 
 254 104 572 453 321 479 30 
 653 436 295 690 594 253 950 
 77 948 362 852 727 820 69 
 931 47 130 726 41 107 452 
 811 383 914 738 280 503 99 
 354 703 776 354 606 454 825 
 693 791 883 119 802 343 568 
 30 622 818 566 441 661 787 
 330 658 510 877 106 472 706 
 960 559 595 696 599 984 929 
 89 499 714 966 732 210 745 
 165 26 117 733 74 14 300 
 869 411 140 746 372 721 319 
 648 982 387 728 667 617 341 
 10 725 764 818 606 532 528 
 350 150 860 432 466 484 300 
 994 559 752 395 67 217 164 
 74 924 632 696 215 903 80 
 876 372 272 235 857 379 619 
 547 358 168 800 914 460 700 
 977 317 1000 885 152 205 620 
 807 993 691 196 401 
 723 630 272 975 773 191 367 
 83 2 150 454 394 404 677 
 587 672 26 664 341 499 690 
 239 879 896 61 732 32 424 
 917 586 484 320 791 259 544 
 907 239 352 664 303 344 495 
 721 178 113 686 549 35 598 
 682 641 441 556 134 513 84 
 474 236 878 13 392 109 293 
 454 816 904 408 401 159 579 
 784 338 194 981 441 555 784 
 512 51 211 428 887 609 126 
 535 667 540 770 199 350 910 
 919 178 691 742 924 776 483 
 998 194 131 881 758 217 576 
 696 870 228 899 546 685 254 
 628 271 661 497 867 191 923 
 698 940 776 815 670 243 686 
 896 882 78 758 548 437 733 
 185 706 471 338 729 361 782 
 448 100 828 645 62 595 148 
 379 464 977 403 947 689 60 
 914 441 67 134 442 208 650 
 96 458 163 747 107 765 890 
 920 774 737 681 865 478 176 
 431 257 761 822 475 750 985 
 743 558 102 817 229 985 802 
 761 316 813 315 865 831 284 
 935 487 87 67 658 369 222 
 268 324 601 439 853 103 675 
 68 906 357 168 20 603 427 
 200 187 470 879 57 7 570 
 491 42 403 824 567 86 142 
 786 176 585 673 768 978 684 
 347 487 543 616 741 672 124 
 860 332 882 968 199 
 378 943 940 357 19 687 953 
 441 847 990 124 886 189 630 
 530 334 882 821 956 791 716 
 868 416 400 562 349 173 159 
 95 994 693 416 794 101 832 
 525 175 563 300 648 467 799 
 294 793 497 680 63 832 344 
 410 592 746 609 29 619 452 
 954 696 63 312 972 500 625 
 682 595 752 914 809 315 399 
 29 854 501 219 509 166 660 
 48 481 368 883 400 503 293 
 643 802 177 194 973 122 561 
 255 179 759 918 509 879 583 
 756 217 832 355 461 91 360 
 561 177 285 518 37 615 68 
 564 71 441 632 985 979 472 
 964 612 611 717 916 485 628 
 546 873 371 931 132 142 669 
 158 738 391 617 786 682 655 
 766 288 120 366 82 46 742 
 652 587 919 481 97 262 562 
 17 376 209 227 615 894 737 
 244 564 199 18 729 669 931 
 714 966 616 2 581 401 782 
 765 534 135 878 928 418 943 
 541 769 484 24 927 401 152 
 636 819 997 40 617 82 691 
 392 556 118 653 99 356 83 
 672 457 7 207 841 487 487 
 600 260 533 867 42 228 5 
 157 885 521 737 502 448 141 
 513 796 623 149 87 622 310 
 111 779 789 395 1000 141 467 
 132 243 838 137 870 600 701 
 74 809 562 722 232 
 844 647 100 202 916 894 324 
 634 404 482 950 872 827 160 
 2 745 840 546 462 173 118 
 689 722 763 391 893 313 677 
 186 396 162 707 196 147 466 
 376 464 896 271 102 847 595 
 845 50 614 960 417 352 913 
 22 39 781 851 973 907 926 
 539 233 9 747 181 193 326 
 379 309 614 307 927 692 91 
 92 118 121 849 421 164 438 
 512 535 617 624 829 733 674 
 612 190 562 66 737 942 446 
 694 858 257 77 931 528 22 
 950 256 792 728 923 643 834 
 755 645 717 197 886 341 661 
 187 589 730 269 273 508 558 
 502 851 795 368 884 176 660 
 215 225 475 877 667 27 853 
 662 67 357 338 817 502 942 
 610 460 218 19 564 616 766 
 245 298 703 632 971 719 952 
 534 950 153 82 941 934 910 
 834 355 167 249 52 229 747 
 497 923 759 638 293 217 951 
 572 385 677 824 779 815 88 
 991 16 926 102 720 555 932 
 276 158 146 411 469 925 101 
 252 365 583 254 615 722 272 
 799 917 909 491 384 332 693 
 976 775 704 278 940 903 497 
 547 791 92 249 529 867 132 
 457 583 537 517 728 670 636 
 662 204 780 842 982 516 129 
 726 95 523 342 775 705 45 
 496 254 470 966 121 
 90 985 967 505 539 205 40 
 198 440 366 132 808 362 634 
 287 587 661 710 249 75 409 
 528 55 690 628 1000 437 273 
 109 205 78 271 817 385 8 
 404 279 628 896 724 898 330 
 512 996 905 715 866 622 399 
 301 99 717 531 84 1000 791 
 192 357 146 974 82 246 89 
 437 421 477 186 730 894 11 
 432 560 958 886 812 217 41 
 97 148 517 283 804 179 862 
 413 347 174 855 906 272 259 
 736 917 71 927 515 134 941 
 374 827 288 376 106 258 756 
 13 263 63 716 387 316 129 
 318 531 658 390 846 12 601 
 82 531 200 455 72 757 577 
 32 786 739 489 341 880 606 
 859 276 130 373 413 763 198 
 807 234 68 232 67 290 366 
 253 23 424 281 822 842 630 
 544 29 450 539 52 288 572 
 792 677 608 856 478 584 640 
 280 591 262 823 596 6 770 
 596 103 688 192 708 303 271 
 726 421 631 778 156 263 245 
 614 147 983 986 91 103 571 
 212 127 108 941 430 11 842 
 744 762 183 303 140 92 293 
 617 617 447 656 352 373 547 
 660 285 198 21 570 149 518 
 116 818 627 633 789 350 441 
 872 326 704 173 307 458 588 
 524 240 410 707 783 382 382 
 332 623 632 717 19 
 49 866 594 591 402 229 419 
 972 457 267 864 341 616 33 
 488 663 520 463 164 230 495 
 961 55 24 123 242 972 627 
 211 605 590 863 625 604 717 
 972 226 445 134 282 553 943 
 583 866 175 408 293 143 276 
 700 830 692 793 589 510 605 
 197 973 714 53 227 389 629 
 234 86 587 774 658 148 644 
 750 739 307 47 562 646 871 
 670 61 434 887 346 578 279 
 666 566 37 841 157 960 39 
 233 65 302 619 130 558 295 
 316 704 210 996 842 833 399 
 962 48 976 432 249 503 318 
 466 34 160 567 642 323 756 
 85 514 889 780 672 555 50 
 591 352 834 512 831 47 890 
 660 2 314 173 912 457 801 
 794 963 275 76 181 235 495 
 620 689 444 499 489 142 290 
 936 289 275 328 898 195 226 
 630 440 807 646 948 607 967 
 261 194 142 481 405 83 890 
 483 792 493 440 309 519 505 
 956 933 504 226 443 581 7 
 520 674 453 478 578 966 680 
 212 629 352 535 190 174 86 
 488 689 105 107 884 723 888 
 17 923 820 466 524 328 656 
 601 102 460 281 698 842 180 
 622 890 97 241 461 925 182 
 563 82 62 210 637 510 445 
 6 815 918 108 117 862 488 
 48 461 315 13 392 
 185 486 599 390 872 696 818 
 640 994 251 82 750 592 91 
 648 833 833 929 243 208 452 
 611 752 146 98 709 698 890 
 38 566 353 413 595 562 442 
 813 484 587 353 971 681 582 
 433 703 631 654 959 839 212 
 476 474 489 557 337 123 832 
 720 857 532 552 312 248 274 
 482 636 9 498 870 255 163 
 573 868 117 449 387 608 898 
 821 681 200 234 37 762 767 
 288 89 358 768 375 650 581 
 50 123 562 274 326 85 27 
 199 921 472 768 949 385 430 
 486 488 209 473 888 836 181 
 724 253 410 517 93 459 72 
 929 160 7 180 392 629 436 
 903 673 45 159 721 246 47 
 12 544 116 917 970 328 939 
 61 415 41 277 672 108 932 
 360 509 534 11 827 803 265 
 107 971 240 61 610 859 861 
 134 912 885 605 997 784 27 
 737 64 403 684 310 993 41 
 128 705 1 814 681 551 667 
 277 583 967 640 648 402 684 
 662 899 757 508 24 668 495 
 90 323 915 88 59 502 257 
 558 490 943 634 142 917 749 
 57 249 92 9 800 83 716 
 996 301 757 472 423 403 613 
 130 316 789 491 765 624 83 
 643 610 973 874 56 124 617 
 517 335 268 976 566 287 251 
 674 402 593 51 772 
 768 260 132 327 112 445 272 
 611 355 673 374 26 22 338 
 127 508 678 434 513 862 978 
 259 887 489 59 243 933 268 
 965 144 604 593 266 895 745 
 855 843 876 182 389 421 601 
 982 154 757 895 673 788 908 
 333 515 791 129 75 69 977 
 161 485 361 199 495 144 709 
 962 987 31 711 751 772 298 
 202 9 717 987 204 431 512 
 104 552 373 942 383 770 244 
 210 478 814 240 8 605 775 
 373 593 2 336 497 795 258 
 676 487 203 248 687 249 250 
 999 673 474 800 295 933 471 
 434 906 701 628 821 4 987 
 726 712 580 200 956 219 500 
 621 459 602 626 75 334 495 
 260 546 994 235 494 572 699 
 259 939 919 633 250 909 52 
 312 618 29 388 762 593 913 
 979 76 157 496 99 227 760 
 334 425 293 906 480 702 479 
 634 551 869 554 586 741 783 
 60 996 320 584 160 152 929 
 983 557 715 724 473 663 87 
 381 778 591 597 342 496 627 
 283 123 168 654 845 402 317 
 678 909 547 428 368 722 60 
 73 835 569 225 375 198 350 
 893 57 675 745 619 531 688 
 417 763 840 866 530 709 666 
 512 781 503 451 280 875 975 
 695 516 754 967 613 266 604 
 740 97 423 282 220 
 30397 29925 30367 32160 31952 31388 31289 
 31905 30294 31601 31727 30846 31007 31827 
 31875 31987 30660 31494 30719 31971 31781 
 31228 31289 31930 31786 33159 28556 30096 
 30718 32323