 250 30 0 
 600 924 496 548 580 673 445 
 1020 824 1078 664 606 567 646 
 578 671 900 707 776 653 751 
 644 611 974 619 966 610 952 
 801 717 624 485 831 519 717 
 741 546 900 950 815 647 875 
 718 564 745 540 917 756 688 
 780 548 575 922 779 758 861 
 921 602 527 636 639 636 932 
 647 594 714 871 989 576 922 
 710 622 928 725 907 805 903 
 499 953 658 943 747 559 821 
 791 859 1028 982 946 858 584 
 917 711 833 588 952 532 784 
 839 721 634 697 641 624 717 
 507 900 708 973 831 883 534 
 611 992 599 680 802 811 648 
 634 906 614 410 744 862 555 
 741 922 696 651 479 1056 641 
 949 702 569 715 781 607 946 
 802 787 833 512 983 972 872 
 567 977 732 741 612 699 852 
 793 660 561 992 958 444 800 
 751 727 458 792 709 461 591 
 765 828 991 938 744 592 748 
 878 654 1110 648 756 830 1011 
 524 585 577 797 624 628 711 
 890 524 589 573 668 575 612 
 821 553 723 723 759 986 738 
 615 637 973 978 919 524 556 
 882 603 1018 511 670 596 597 
 688 782 489 751 693 784 745 
 663 935 579 721 775 626 576 
 686 482 611 929 954 810 727 
 546 1070 616 599 707 746 772 
 599 810 800 531 913 
 653 297 235 980 237 943 584 
 675 659 579 168 400 175 100 
 70 596 807 366 592 709 318 
 165 766 925 99 434 173 666 
 615 470 816 552 172 626 689 
 336 821 34 459 447 922 997 
 159 511 472 374 648 374 442 
 855 495 728 66 698 421 597 
 382 248 284 194 922 997 100 
 712 65 578 639 151 635 576 
 860 393 357 205 788 910 508 
 256 341 27 287 724 409 489 
 815 646 726 39 24 983 356 
 455 44 385 697 569 148 9 
 565 137 734 128 388 905 525 
 385 726 743 987 691 239 436 
 758 596 864 914 726 145 602 
 890 570 47 190 720 406 304 
 239 96 597 311 345 190 846 
 635 122 870 880 99 437 567 
 588 773 750 209 559 702 857 
 568 165 249 825 288 84 616 
 753 839 174 580 372 304 716 
 20 798 781 746 31 694 674 
 167 442 394 593 665 592 297 
 449 290 812 254 134 13 240 
 418 399 295 707 718 74 725 
 492 67 927 97 441 137 567 
 652 174 58 730 26 350 932 
 371 616 387 856 61 143 302 
 855 938 54 84 957 887 985 
 407 620 569 411 8 305 502 
 532 181 213 547 986 375 411 
 489 689 63 556 638 283 622 
 188 445 902 546 858 189 888 
 439 571 914 67 876 
 931 118 560 320 856 757 564 
 992 343 906 686 634 275 589 
 748 662 705 706 480 913 837 
 960 942 833 402 510 787 649 
 867 438 812 114 292 86 476 
 309 40 987 171 626 481 404 
 126 407 953 471 387 762 452 
 838 1 637 129 535 769 452 
 252 335 998 512 77 612 318 
 889 743 796 974 773 728 985 
 848 675 979 449 963 838 998 
 839 614 355 572 339 148 321 
 714 58 478 530 651 46 283 
 517 683 387 40 345 258 143 
 544 970 40 270 290 340 891 
 864 293 760 817 892 101 201 
 473 233 130 949 256 985 988 
 803 932 371 841 609 178 980 
 562 163 448 974 185 611 953 
 164 947 820 908 50 421 228 
 299 559 807 900 500 887 203 
 961 434 963 117 8 369 688 
 615 187 380 335 292 94 86 
 177 104 864 154 713 697 690 
 884 359 929 218 419 336 590 
 124 629 782 63 949 17 441 
 503 255 938 251 759 803 656 
 196 229 962 422 362 255 50 
 420 229 709 833 611 718 74 
 394 170 678 128 618 539 350 
 150 265 788 362 147 194 478 
 964 704 233 855 266 503 199 
 32 711 796 479 310 522 48 
 198 513 704 624 876 559 74 
 231 429 310 63 112 646 547 
 167 410 80 765 845 
 785 478 448 282 832 238 731 
 825 633 617 401 430 136 42 
 951 541 555 9 682 508 297 
 213 654 112 341 587 183 328 
 474 473 976 20 851 920 852 
 243 298 653 199 415 876 919 
 588 58 686 230 453 564 586 
 288 884 227 552 394 989 498 
 437 200 63 45 652 469 222 
 569 495 169 106 647 803 790 
 285 842 150 761 783 237 74 
 393 946 526 647 665 61 744 
 114 4 128 172 744 125 412 
 317 848 772 16 382 515 824 
 499 484 612 832 540 810 752 
 439 683 64 500 771 758 755 
 409 548 659 299 160 148 825 
 663 581 387 701 105 558 159 
 37 529 920 334 102 546 886 
 267 613 975 488 10 71 667 
 756 676 922 531 752 33 144 
 164 763 465 696 915 478 1000 
 418 401 406 477 365 427 230 
 673 771 355 839 192 159 568 
 143 681 444 133 530 724 101 
 941 67 672 532 642 49 203 
 59 752 938 366 140 692 840 
 110 785 907 405 971 451 925 
 280 237 395 238 477 579 153 
 120 566 604 896 26 420 706 
 158 230 43 914 405 109 744 
 876 227 267 436 282 177 682 
 917 578 565 536 913 876 776 
 976 226 595 567 9 736 75 
 538 937 385 62 71 991 361 
 454 852 571 586 378 
 286 606 825 57 428 576 214 
 1000 626 270 498 116 158 192 
 334 998 69 683 735 969 732 
 171 516 124 174 486 443 288 
 688 602 430 872 13 756 305 
 36 986 293 416 500 625 397 
 691 341 262 940 489 821 364 
 284 389 190 509 640 571 964 
 155 3 89 182 673 313 917 
 351 121 726 227 426 540 720 
 691 727 411 989 972 703 48 
 852 355 713 939 989 113 482 
 909 904 823 343 951 630 995 
 442 896 929 736 958 337 556 
 70 971 409 786 647 319 79 
 384 644 963 338 746 803 849 
 298 702 682 358 301 634 984 
 243 49 414 376 747 917 554 
 477 293 709 550 372 487 849 
 907 867 70 509 644 445 415 
 127 780 987 21 266 358 698 
 937 293 615 510 338 26 204 
 882 314 695 707 781 180 839 
 507 331 398 749 306 913 995 
 902 98 630 965 340 298 962 
 549 682 622 655 410 355 815 
 66 451 705 344 216 197 590 
 485 192 363 340 492 205 665 
 933 624 87 798 473 337 350 
 820 307 222 63 369 707 190 
 106 275 129 545 826 398 926 
 905 441 990 899 936 534 275 
 846 64 376 86 624 613 135 
 871 991 987 351 724 756 886 
 836 410 748 253 732 100 959 
 766 175 684 850 760 
 215 892 85 915 839 338 76 
 280 821 999 750 440 847 831 
 7 398 736 798 350 507 799 
 519 766 36 803 59 52 318 
 704 731 189 45 88 175 477 
 999 115 594 999 764 108 579 
 336 618 153 444 90 418 432 
 464 921 180 681 536 40 723 
 952 330 553 152 519 957 670 
 88 670 879 642 804 346 842 
 670 332 165 610 877 307 259 
 704 895 696 728 684 702 114 
 723 453 98 298 403 232 773 
 637 395 929 573 784 159 188 
 245 898 259 570 626 599 280 
 877 502 314 118 58 559 840 
 809 793 324 701 139 950 21 
 240 508 853 192 253 924 903 
 195 525 420 287 653 192 256 
 187 722 142 333 306 274 560 
 587 106 73 258 377 127 124 
 909 586 931 440 293 675 353 
 923 127 65 895 383 201 837 
 734 634 15 784 555 367 105 
 796 827 658 613 336 441 677 
 853 337 935 69 121 464 757 
 772 931 440 268 549 269 596 
 306 306 730 227 627 357 38 
 730 228 984 359 269 743 53 
 921 710 805 628 258 113 695 
 296 834 917 171 216 424 699 
 367 751 796 732 990 379 993 
 692 902 461 351 192 749 781 
 273 408 126 955 43 261 936 
 37 905 257 33 876 960 297 
 677 989 773 172 329 
 912 247 664 261 802 670 233 
 797 915 152 544 278 287 479 
 533 425 637 956 589 721 729 
 953 681 804 745 522 932 467 
 162 10 474 834 353 500 561 
 886 864 936 906 625 926 289 
 604 504 45 640 788 390 930 
 747 197 272 151 595 889 776 
 80 657 126 118 752 126 511 
 170 489 852 800 554 101 232 
 663 307 567 492 394 729 384 
 149 372 311 371 386 103 390 
 696 519 745 253 153 916 695 
 732 166 682 850 929 976 479 
 803 175 831 493 47 762 845 
 599 219 19 183 430 919 315 
 431 718 298 561 379 909 473 
 76 170 733 126 799 524 197 
 882 544 567 900 363 815 697 
 921 428 286 936 98 55 589 
 875 635 347 138 983 778 750 
 731 464 212 121 692 278 882 
 421 30 267 993 593 749 485 
 588 856 528 352 210 301 247 
 417 127 391 879 139 715 706 
 517 530 636 402 531 1000 141 
 96 620 250 92 787 825 618 
 116 325 586 587 823 331 524 
 775 88 753 782 800 932 689 
 17 743 815 402 562 280 85 
 176 281 587 439 936 454 32 
 898 175 41 586 878 783 934 
 128 68 274 771 419 13 234 
 401 227 409 622 52 704 182 
 436 459 842 261 430 525 607 
 811 999 554 272 253 
 747 220 730 857 264 514 69 
 900 757 851 598 239 783 922 
 13 568 606 22 358 721 633 
 159 991 411 574 960 999 993 
 239 422 249 525 637 828 627 
 891 654 580 769 775 454 110 
 872 982 31 696 171 295 264 
 889 287 904 479 222 904 968 
 454 272 712 217 734 100 875 
 425 494 320 940 781 738 230 
 220 564 620 42 583 492 507 
 451 352 663 198 532 934 467 
 751 280 693 708 360 303 252 
 746 926 931 535 547 407 72 
 813 662 356 863 887 716 415 
 369 398 279 28 220 369 319 
 519 823 448 105 353 37 868 
 55 626 116 675 341 77 98 
 244 360 206 149 711 863 708 
 487 98 631 743 730 995 352 
 304 801 440 561 779 787 72 
 315 317 502 111 312 261 463 
 820 258 44 628 955 755 932 
 69 113 512 586 110 116 516 
 787 222 606 982 640 140 485 
 98 273 206 595 89 731 754 
 502 896 17 553 775 784 579 
 78 19 962 601 810 356 696 
 678 884 373 996 637 163 247 
 938 932 948 286 453 507 714 
 291 682 43 713 56 406 390 
 512 717 168 258 82 189 398 
 509 267 719 841 728 498 934 
 111 123 27 719 20 204 313 
 102 632 727 238 519 311 597 
 835 189 787 316 926 
 605 226 249 110 384 55 856 
 792 339 793 608 943 334 245 
 591 741 374 756 536 556 282 
 916 927 90 424 296 24 184 
 486 95 11 834 416 501 80 
 940 228 572 354 193 599 200 
 14 587 973 429 823 689 347 
 937 136 675 885 537 769 271 
 398 612 854 129 698 338 595 
 196 677 802 639 187 978 6 
 691 198 971 975 537 798 420 
 40 581 943 22 156 340 136 
 900 606 431 539 455 804 206 
 341 514 331 468 964 701 665 
 174 4 522 757 531 528 176 
 526 59 320 947 406 135 799 
 408 197 772 314 953 348 831 
 272 790 912 23 100 717 843 
 237 243 119 193 757 917 986 
 872 514 54 718 757 122 434 
 689 430 966 938 992 643 720 
 585 68 867 98 837 984 472 
 915 454 564 449 256 360 43 
 452 588 224 365 280 487 104 
 188 835 96 258 486 433 994 
 799 47 575 296 933 204 682 
 568 290 103 51 8 827 478 
 679 852 795 906 767 690 60 
 48 557 580 462 658 961 939 
 218 811 846 187 974 396 337 
 203 414 257 890 321 143 763 
 946 96 947 747 403 24 252 
 460 733 217 865 133 390 823 
 600 521 63 741 577 839 751 
 417 511 184 768 507 621 988 
 539 413 829 131 716 
 561 311 132 141 822 659 703 
 204 912 687 348 348 762 911 
 488 100 644 672 611 338 836 
 682 802 741 398 753 860 485 
 644 234 391 722 612 326 257 
 527 500 864 422 301 342 878 
 124 415 451 546 983 761 457 
 373 102 216 36 144 194 856 
 126 314 738 535 254 704 48 
 516 817 632 217 607 756 868 
 718 640 741 327 525 919 852 
 273 519 998 44 394 224 336 
 889 312 857 976 65 880 885 
 842 995 270 853 450 641 245 
 204 542 796 430 713 564 395 
 529 784 603 203 388 160 563 
 397 54 290 299 403 754 534 
 998 185 100 502 205 59 884 
 647 371 834 254 114 603 805 
 998 847 986 185 52 532 788 
 953 803 985 167 564 673 244 
 121 170 494 826 778 580 692 
 956 537 149 491 749 624 277 
 513 13 247 175 404 39 546 
 887 1000 106 513 526 423 90 
 787 257 947 500 393 149 780 
 812 507 403 682 15 166 179 
 953 335 353 210 24 362 274 
 274 8 65 379 334 853 473 
 627 90 838 428 430 12 108 
 573 892 886 12 125 35 934 
 933 848 764 36 824 830 661 
 464 786 795 131 983 323 718 
 654 484 860 538 394 22 330 
 430 601 189 229 212 738 827 
 47 716 312 581 381 
 558 418 351 111 442 917 233 
 407 343 380 620 548 37 267 
 890 107 836 726 903 402 81 
 300 276 453 35 699 398 964 
 786 482 40 266 418 329 198 
 278 930 289 532 568 743 995 
 481 339 151 913 464 756 839 
 110 832 943 916 559 889 228 
 826 422 301 763 853 490 903 
 669 99 577 159 710 606 904 
 41 19 595 832 608 40 971 
 249 710 39 956 219 648 831 
 487 369 699 74 304 204 914 
 132 456 8 354 205 442 425 
 795 13 799 923 959 50 433 
 92 784 987 194 963 492 258 
 459 605 327 404 435 291 740 
 351 822 452 355 984 681 972 
 937 97 686 178 107 949 388 
 2 152 556 500 391 465 133 
 763 774 265 254 554 163 197 
 148 880 612 170 492 666 456 
 257 149 168 581 788 875 775 
 860 605 37 38 61 306 969 
 361 457 387 188 246 595 847 
 12 388 974 953 777 29 886 
 743 463 295 686 924 917 574 
 300 634 139 286 838 778 181 
 964 283 471 865 826 433 725 
 18 156 674 413 515 734 462 
 573 459 570 159 265 74 563 
 654 404 31 338 89 565 559 
 963 593 322 509 630 349 285 
 285 335 576 401 478 629 219 
 194 587 74 466 8 512 816 
 975 978 204 262 594 
 489 387 452 171 796 881 716 
 557 677 606 357 202 750 412 
 727 22 77 577 280 701 856 
 892 984 171 417 250 22 448 
 408 574 48 848 179 642 229 
 35 598 152 860 201 723 974 
 944 283 224 733 314 786 91 
 777 277 857 581 631 279 409 
 938 903 300 880 212 670 818 
 336 218 834 693 897 605 260 
 640 950 620 807 512 832 660 
 811 737 765 825 768 108 918 
 683 378 639 660 217 393 547 
 376 870 590 796 932 326 229 
 491 772 111 397 475 340 968 
 288 196 281 834 507 875 271 
 568 621 279 150 368 479 449 
 283 343 863 907 767 526 269 
 213 618 663 314 751 405 165 
 595 410 555 878 754 453 861 
 418 758 241 959 889 936 539 
 543 902 349 188 751 380 146 
 843 150 612 179 861 491 901 
 961 922 804 480 191 199 122 
 368 763 754 69 444 109 514 
 135 562 697 34 889 139 12 
 577 951 905 224 371 653 688 
 96 309 62 687 34 235 9 
 126 360 458 218 269 29 124 
 129 464 871 6 980 340 576 
 83 174 832 28 967 348 164 
 843 756 132 906 404 684 188 
 879 318 171 19 232 582 273 
 434 84 22 602 296 998 964 
 270 561 719 6 863 716 789 
 566 879 358 686 666 
 349 474 778 560 587 141 75 
 819 833 635 822 641 599 476 
 295 600 548 323 550 844 954 
 356 867 34 566 27 946 793 
 464 973 439 509 983 64 944 
 555 785 73 853 467 269 384 
 976 161 89 390 124 610 339 
 994 824 343 641 654 1000 236 
 702 421 831 21 346 368 903 
 716 577 781 564 989 447 247 
 995 109 152 596 670 607 34 
 176 541 53 902 284 579 294 
 315 462 774 804 33 936 100 
 866 14 296 997 248 835 538 
 997 998 140 576 31 122 865 
 556 472 977 655 411 952 151 
 950 274 401 904 433 366 53 
 922 871 645 697 712 660 693 
 619 823 478 743 893 326 600 
 851 695 496 649 819 774 113 
 578 855 510 586 978 468 536 
 916 778 364 980 695 847 115 
 998 88 106 606 176 315 778 
 300 26 486 500 746 4 449 
 760 735 96 926 595 76 343 
 189 803 402 58 685 606 32 
 373 217 306 179 666 56 115 
 964 284 283 789 376 766 364 
 911 811 110 883 700 385 549 
 864 665 362 788 784 720 411 
 861 328 342 900 791 970 983 
 165 495 986 844 807 534 47 
 122 172 303 386 74 246 981 
 928 63 345 839 752 916 808 
 459 115 113 792 971 342 274 
 606 305 425 326 665 
 636 85 855 358 728 544 166 
 384 263 815 396 133 489 632 
 225 454 564 181 877 462 877 
 383 151 104 538 992 393 134 
 661 975 336 534 832 633 180 
 187 176 468 100 435 20 452 
 918 662 554 729 345 353 846 
 350 11 950 74 475 250 172 
 3 149 627 422 113 466 332 
 125 653 215 946 507 632 901 
 881 782 383 471 383 673 1000 
 413 599 106 3 765 415 542 
 593 198 681 852 703 757 233 
 212 126 436 651 821 329 21 
 217 649 358 682 255 145 216 
 818 704 888 931 330 252 881 
 877 2 120 159 652 122 964 
 960 332 528 242 664 909 875 
 412 735 614 13 762 123 827 
 35 54 508 511 44 656 905 
 659 818 48 269 434 707 327 
 600 442 199 635 343 411 319 
 247 356 644 698 55 243 458 
 526 212 250 488 176 821 582 
 84 469 719 741 704 132 49 
 431 771 834 403 779 435 371 
 320 882 820 752 79 206 956 
 806 501 753 566 664 136 301 
 531 242 188 344 111 325 542 
 219 865 521 874 486 809 941 
 580 21 774 968 424 185 31 
 293 203 15 981 488 526 400 
 74 372 733 126 821 591 340 
 801 896 308 172 884 848 383 
 152 355 58 126 331 1 117 
 844 837 355 644 477 
 250 230 599 793 152 585 174 
 664 444 755 270 969 708 458 
 799 491 58 856 635 344 69 
 454 927 556 223 805 558 473 
 71 297 82 144 252 180 362 
 919 726 740 650 166 268 332 
 230 647 44 315 76 553 583 
 135 188 715 593 695 112 240 
 297 634 475 87 116 875 899 
 975 178 73 334 524 69 25 
 182 733 981 114 797 514 118 
 404 575 406 300 136 905 496 
 243 485 741 256 456 568 914 
 300 519 520 470 720 395 765 
 555 952 864 863 42 133 920 
 5 739 216 479 484 199 338 
 160 156 931 143 787 33 694 
 990 309 870 437 721 142 89 
 530 669 208 455 41 769 36 
 710 790 902 661 325 639 555 
 537 348 518 709 283 602 923 
 800 314 506 51 129 95 845 
 810 647 329 542 945 485 320 
 760 784 464 835 984 186 417 
 410 201 987 786 643 283 922 
 416 190 764 439 300 231 874 
 411 969 758 517 546 61 744 
 263 633 832 68 176 215 214 
 757 667 278 356 778 482 14 
 389 238 75 397 729 336 575 
 88 698 427 831 808 110 339 
 485 365 867 372 203 412 518 
 259 78 816 650 385 936 473 
 473 74 592 695 996 314 306 
 53 922 346 622 150 202 109 
 105 793 225 886 534 
 963 961 445 275 152 120 333 
 723 738 628 783 302 773 359 
 12 835 752 463 109 753 828 
 642 243 831 185 244 270 154 
 813 288 773 24 780 160 746 
 190 623 821 131 247 108 388 
 872 702 841 679 168 930 807 
 567 953 527 16 842 452 780 
 425 712 685 696 678 117 83 
 730 464 735 75 389 183 572 
 196 433 568 931 819 640 92 
 631 357 709 534 306 190 701 
 506 544 100 458 614 415 682 
 251 786 367 293 310 175 877 
 321 576 249 471 705 410 964 
 407 577 348 143 257 259 886 
 43 370 411 75 82 78 179 
 436 704 848 374 301 363 694 
 590 297 745 4 387 487 901 
 846 769 490 353 658 649 89 
 131 667 259 587 424 135 832 
 552 584 843 386 696 391 499 
 888 588 759 667 19 110 286 
 452 194 817 43 935 133 328 
 303 283 91 856 854 815 604 
 517 43 663 382 925 981 847 
 817 102 346 240 441 889 687 
 852 566 43 581 547 213 831 
 171 212 244 229 823 499 976 
 673 169 420 247 564 405 475 
 77 858 294 866 967 168 451 
 703 496 707 451 659 615 809 
 464 3 237 753 141 60 183 
 145 199 512 696 59 829 347 
 771 959 830 548 179 439 214 
 284 36 748 561 672 
 70 347 180 567 252 696 902 
 523 73 70 169 95 197 372 
 624 452 122 799 872 690 233 
 119 774 777 43 555 484 790 
 857 347 275 620 962 305 896 
 896 664 407 910 730 545 303 
 63 309 238 389 570 437 214 
 173 771 459 16 267 277 282 
 266 823 208 143 429 884 171 
 242 756 413 448 270 272 527 
 482 939 798 468 991 998 355 
 253 717 973 485 492 286 893 
 744 581 747 335 2 426 386 
 943 152 625 31 154 357 926 
 812 618 367 519 280 451 991 
 308 712 531 835 435 489 787 
 694 797 537 376 906 347 640 
 201 955 205 305 558 131 712 
 152 964 685 205 20 939 402 
 497 481 724 605 136 348 346 
 295 57 749 64 921 160 539 
 828 462 197 620 830 612 872 
 615 500 870 473 503 665 675 
 34 999 609 771 683 6 900 
 903 224 610 957 358 348 107 
 674 495 381 598 242 698 717 
 326 96 709 563 627 282 736 
 45 330 239 351 228 503 4 
 498 181 213 117 398 876 801 
 180 745 887 682 411 832 59 
 681 913 913 65 376 326 607 
 213 940 22 337 748 90 592 
 753 404 643 108 78 745 975 
 662 689 123 122 669 343 968 
 33 58 363 291 812 744 728 
 49 593 536 609 255 
 747 914 146 782 447 315 939 
 602 891 209 335 5 836 48 
 624 30 830 385 744 464 930 
 319 536 132 374 946 9 127 
 544 735 644 617 673 453 570 
 458 809 224 50 965 78 436 
 102 474 388 937 140 692 307 
 129 941 359 652 818 656 207 
 113 28 716 633 311 545 351 
 258 860 976 418 969 560 824 
 480 830 94 452 538 543 895 
 755 653 398 994 4 558 820 
 686 404 738 868 899 343 280 
 16 108 120 227 867 581 121 
 665 691 60 305 173 565 721 
 529 44 253 365 77 433 772 
 764 954 153 896 33 147 887 
 499 894 316 765 371 736 995 
 15 164 468 602 223 576 413 
 781 856 33 336 243 883 988 
 550 167 235 862 775 459 225 
 211 366 505 990 443 152 674 
 404 443 132 162 11 133 514 
 434 637 455 395 123 577 363 
 140 242 720 316 641 281 360 
 283 548 840 899 341 867 925 
 183 613 90 217 364 320 510 
 605 296 485 301 9 619 344 
 61 819 865 947 995 479 458 
 916 344 59 434 916 731 487 
 473 205 697 775 459 881 949 
 585 678 506 63 925 734 197 
 470 487 583 373 677 117 103 
 673 54 513 97 581 802 134 
 97 601 28 634 179 604 224 
 112 290 150 327 722 
 81 616 655 249 275 44 860 
 100 812 12 482 186 155 692 
 829 672 806 750 438 57 772 
 209 807 48 648 753 792 982 
 235 821 417 877 246 915 198 
 89 818 995 65 689 751 150 
 459 880 206 421 497 660 456 
 513 350 604 435 877 491 569 
 912 445 257 819 334 326 539 
 672 940 546 44 181 648 586 
 340 629 554 322 34 513 760 
 771 984 717 784 67 144 703 
 847 237 866 646 940 192 147 
 46 484 56 605 501 635 535 
 521 181 767 313 765 367 5 
 178 373 852 264 687 418 156 
 997 263 870 274 551 952 307 
 493 100 778 38 775 60 972 
 351 827 740 784 701 505 495 
 471 779 194 823 243 389 586 
 558 73 449 127 936 827 854 
 390 876 415 86 936 694 474 
 642 271 758 994 409 723 295 
 845 96 418 703 85 184 467 
 592 696 971 857 731 633 620 
 88 72 832 97 345 469 282 
 530 102 661 361 487 324 827 
 305 235 795 738 616 498 711 
 511 675 371 316 137 823 677 
 499 886 798 835 798 349 302 
 111 893 995 241 561 959 870 
 934 772 576 531 890 876 725 
 216 175 370 96 896 328 91 
 779 378 793 116 566 680 569 
 822 626 344 605 385 937 901 
 939 761 11 595 571 
 675 194 917 925 278 32 270 
 946 690 437 545 557 921 130 
 937 958 336 36 88 370 668 
 242 801 220 845 606 420 593 
 3 371 44 526 882 730 585 
 154 672 308 846 3 640 126 
 235 210 798 248 841 245 129 
 341 103 192 823 624 630 811 
 700 714 103 378 288 685 56 
 703 291 728 920 48 185 681 
 824 296 918 172 525 94 320 
 854 279 231 959 831 732 756 
 557 587 914 156 598 303 750 
 503 974 443 175 352 4 421 
 857 576 307 887 715 426 890 
 574 760 50 840 970 613 140 
 874 852 71 814 40 787 898 
 373 931 564 250 904 14 204 
 578 135 871 191 349 506 580 
 967 735 104 206 20 299 414 
 374 158 835 307 522 898 465 
 77 30 880 465 767 530 145 
 738 85 952 833 608 365 714 
 648 899 565 445 264 733 923 
 184 886 822 249 299 584 408 
 950 135 923 809 595 577 666 
 196 753 277 150 903 741 692 
 800 546 161 102 391 332 514 
 935 730 492 891 425 468 794 
 956 45 490 428 466 848 334 
 552 605 927 482 77 628 187 
 139 984 369 498 347 303 364 
 812 868 182 376 136 621 429 
 360 201 591 462 359 173 188 
 624 834 311 996 925 614 617 
 502 724 336 91 593 
 237 961 226 553 727 158 58 
 824 612 673 569 729 431 561 
 832 157 859 850 835 524 195 
 676 915 691 409 924 775 440 
 991 701 727 215 703 236 324 
 106 835 838 105 617 492 419 
 274 991 483 911 542 136 568 
 548 310 188 742 497 955 893 
 107 800 193 848 65 658 110 
 93 510 483 368 462 43 886 
 657 833 550 430 723 574 40 
 170 67 575 190 838 704 474 
 728 448 777 65 836 305 719 
 116 599 792 695 843 33 718 
 758 917 166 124 394 279 763 
 484 908 789 422 977 887 818 
 876 599 712 680 858 562 931 
 823 963 233 25 173 884 567 
 451 233 200 916 21 840 724 
 256 203 915 426 387 485 487 
 654 853 154 826 99 513 926 
 478 699 751 946 239 944 870 
 215 788 141 94 19 720 188 
 159 511 437 638 403 254 925 
 84 444 934 585 160 501 300 
 318 810 449 993 842 987 39 
 791 841 716 304 681 32 764 
 830 317 982 796 716 707 686 
 459 797 154 414 832 758 327 
 844 762 667 965 165 49 850 
 923 53 395 97 480 846 302 
 352 175 585 777 415 474 853 
 536 358 912 170 443 782 719 
 941 86 626 632 793 223 581 
 996 697 105 114 618 232 994 
 246 934 157 207 94 
 576 663 907 832 594 924 9 
 419 560 314 247 885 276 290 
 47 376 104 103 468 516 755 
 698 353 210 272 802 257 686 
 585 134 790 642 358 555 514 
 714 989 404 63 428 673 308 
 695 211 363 397 394 136 665 
 214 291 695 41 638 186 298 
 971 27 591 960 609 825 891 
 300 48 619 127 805 483 259 
 865 248 868 954 242 48 26 
 422 664 225 289 638 724 687 
 165 678 243 569 628 243 573 
 797 390 734 439 707 605 57 
 209 32 340 611 599 169 354 
 123 816 27 987 445 640 532 
 314 496 662 940 880 435 21 
 249 283 555 178 269 752 54 
 378 463 279 604 857 901 336 
 571 538 276 1 223 210 429 
 708 3 195 136 970 442 401 
 85 451 212 31 55 801 978 
 783 631 567 664 435 202 444 
 604 870 97 455 171 665 924 
 434 502 919 414 167 855 680 
 687 11 974 710 564 348 769 
 33 438 172 759 235 948 611 
 900 122 282 69 706 681 119 
 657 363 821 191 477 49 72 
 789 10 913 768 327 851 123 
 220 998 252 555 644 876 213 
 524 710 468 707 554 272 96 
 251 628 657 181 877 323 93 
 958 242 254 964 476 398 313 
 914 160 499 529 268 126 123 
 704 495 114 100 201 
 857 319 121 338 964 299 140 
 628 798 844 797 916 890 601 
 201 815 60 40 467 879 358 
 859 555 904 285 330 594 810 
 699 391 905 20 491 508 555 
 420 367 276 17 105 41 780 
 768 461 867 455 954 267 759 
 164 329 124 661 593 980 497 
 712 875 39 920 759 212 219 
 55 61 388 763 657 128 211 
 522 459 489 308 957 966 536 
 657 693 450 93 942 536 247 
 630 487 556 163 316 137 579 
 234 124 345 300 680 950 30 
 167 128 751 248 887 931 415 
 165 670 895 122 375 433 581 
 31 815 920 904 626 8 196 
 294 337 139 309 712 865 286 
 227 881 711 779 473 65 453 
 562 936 367 490 662 257 864 
 168 736 88 338 708 638 521 
 975 560 42 172 354 648 554 
 999 698 999 330 440 410 527 
 467 287 692 74 362 853 153 
 555 297 511 250 307 134 625 
 83 125 149 587 492 361 45 
 579 183 825 166 232 761 933 
 734 506 393 286 734 498 386 
 164 815 414 976 849 908 201 
 812 114 990 907 943 521 426 
 341 944 508 739 643 622 538 
 638 728 924 787 322 283 959 
 509 867 971 513 366 123 291 
 132 316 983 69 533 790 227 
 856 582 233 965 521 273 33 
 266 179 117 934 283 
 255 131 2 877 289 381 651 
 339 776 827 333 748 675 453 
 533 660 604 624 14 27 286 
 576 68 912 70 113 753 643 
 827 190 554 525 20 550 801 
 448 102 698 569 430 194 71 
 43 650 192 379 476 185 502 
 442 554 71 839 734 698 753 
 371 551 731 309 122 896 344 
 971 209 270 193 347 424 790 
 54 603 553 677 952 55 521 
 655 823 455 203 36 427 534 
 513 238 500 624 858 596 888 
 506 426 899 952 38 516 65 
 737 917 320 609 531 667 317 
 766 371 449 469 560 889 709 
 123 447 969 394 901 810 481 
 311 633 478 623 199 689 936 
 353 326 311 937 777 463 678 
 180 359 382 230 912 860 49 
 901 750 687 372 118 634 530 
 584 955 9 586 476 546 119 
 425 391 529 509 299 547 472 
 573 442 857 747 830 66 547 
 12 613 764 638 346 185 99 
 980 324 477 17 843 987 468 
 158 127 419 358 29 576 80 
 268 871 828 856 349 644 394 
 133 494 813 915 358 588 747 
 425 618 362 941 717 316 616 
 347 633 901 353 478 226 821 
 259 492 515 375 628 84 874 
 527 329 846 475 805 878 464 
 582 406 477 255 954 198 383 
 196 342 416 307 530 683 193 
 978 689 539 992 342 
 885 232 39 845 659 572 294 
 34 64 924 555 294 282 828 
 803 144 987 960 623 658 16 
 336 919 567 822 753 719 885 
 176 251 452 279 832 246 54 
 480 179 155 939 438 795 901 
 535 356 163 740 940 374 724 
 517 787 666 722 986 560 331 
 262 562 463 764 418 961 930 
 735 742 574 997 931 397 271 
 455 439 158 989 24 754 476 
 591 883 173 36 886 715 727 
 266 997 125 223 978 631 465 
 71 599 614 896 525 574 32 
 36 672 768 680 346 156 986 
 341 128 14 220 532 206 703 
 739 598 255 697 534 953 68 
 323 579 976 893 100 304 34 
 262 689 537 627 467 478 380 
 789 556 630 198 604 310 970 
 795 828 463 347 736 211 847 
 41 585 318 823 399 993 876 
 507 989 516 925 454 955 694 
 704 178 197 490 119 5 355 
 730 924 626 758 306 391 412 
 946 179 782 827 989 640 203 
 564 676 698 573 426 408 924 
 406 103 739 358 799 881 749 
 522 838 124 517 839 706 491 
 352 721 781 326 258 541 399 
 587 151 93 65 212 65 425 
 640 364 103 79 478 817 914 
 856 480 184 663 298 993 555 
 523 261 857 683 801 479 901 
 918 501 77 109 646 670 200 
 544 360 166 987 616 
 391 193 238 717 948 806 604 
 346 518 465 581 513 145 165 
 819 79 568 226 884 304 642 
 577 60 993 118 763 688 623 
 646 803 682 299 173 799 288 
 882 287 665 35 958 909 293 
 296 974 253 763 121 269 876 
 282 409 958 163 616 849 163 
 706 252 685 168 383 952 662 
 986 500 879 821 382 908 194 
 597 675 276 122 5 63 681 
 253 792 891 157 769 229 406 
 657 898 517 458 241 731 720 
 224 627 813 558 4 221 235 
 62 201 553 786 592 354 826 
 465 204 349 739 332 775 136 
 860 719 921 609 508 693 759 
 215 149 399 488 418 178 43 
 90 947 81 738 171 738 480 
 287 39 347 433 440 324 48 
 181 846 262 694 257 541 924 
 175 308 659 983 570 676 992 
 622 20 508 217 995 364 646 
 564 170 42 151 3 39 502 
 23 169 893 24 269 333 302 
 50 213 714 918 55 393 978 
 222 618 968 854 385 951 136 
 599 24 378 845 193 326 273 
 775 157 482 234 421 914 680 
 716 708 88 887 423 950 253 
 680 618 842 684 451 24 223 
 865 210 10 256 445 250 67 
 198 713 996 702 537 429 272 
 384 740 245 316 285 483 792 
 400 755 821 784 457 576 177 
 336 503 644 538 514 
 464 110 803 396 296 544 353 
 517 14 786 59 955 96 360 
 754 266 370 162 480 579 937 
 327 2 699 362 592 661 415 
 993 366 65 824 683 811 456 
 82 266 185 550 300 76 325 
 246 791 498 65 296 687 577 
 36 868 43 147 610 261 532 
 979 372 301 319 786 877 853 
 659 268 321 873 57 889 93 
 85 366 581 999 442 218 967 
 900 94 525 74 867 791 231 
 765 109 494 821 986 569 315 
 674 65 58 772 187 858 191 
 381 96 605 173 686 787 561 
 903 735 434 614 529 932 101 
 164 567 601 343 8 592 956 
 476 769 722 125 23 566 356 
 55 648 422 390 355 895 173 
 289 368 11 217 246 421 97 
 32 111 490 342 319 159 858 
 339 411 555 193 947 648 941 
 669 902 42 644 294 891 167 
 766 844 838 905 336 277 23 
 685 115 540 87 364 839 736 
 480 412 548 402 564 526 293 
 180 985 38 59 857 231 29 
 666 905 298 934 46 177 534 
 130 244 148 878 267 480 340 
 666 75 169 70 52 251 518 
 512 584 994 831 948 487 827 
 948 274 922 614 822 431 559 
 962 303 352 510 727 666 76 
 472 901 954 348 91 876 748 
 948 432 810 500 446 425 935 
 457 891 579 304 431 
 321 808 437 311 10 201 427 
 561 650 750 361 757 751 237 
 691 36 230 307 799 330 650 
 302 932 807 435 30 555 722 
 991 767 157 677 532 176 155 
 366 137 592 906 187 255 694 
 247 699 987 213 444 332 465 
 945 893 88 119 181 694 95 
 455 567 313 443 362 858 8 
 270 492 770 207 179 132 405 
 143 662 399 702 617 941 658 
 745 65 867 204 325 758 1 
 125 893 274 971 689 125 214 
 164 938 732 884 137 225 254 
 585 741 210 615 816 650 522 
 358 256 658 762 247 465 9 
 345 223 776 307 26 102 784 
 621 835 478 589 228 784 573 
 206 623 963 748 602 773 645 
 37 240 158 504 167 731 60 
 660 441 116 309 990 872 654 
 975 776 8 39 642 259 396 
 243 940 21 174 104 184 218 
 829 50 491 603 793 660 844 
 505 320 163 848 304 886 731 
 896 756 191 805 5 221 652 
 951 981 842 30 842 404 199 
 629 338 923 942 760 40 679 
 309 611 726 241 125 769 687 
 993 7 214 421 314 468 19 
 271 892 267 681 905 764 673 
 524 530 219 623 572 67 57 
 62 725 468 80 116 985 486 
 1000 940 82 528 725 135 130 
 163 987 156 422 340 629 944 
 975 916 464 350 710 
 538 482 29 242 923 450 20 
 668 783 934 502 21 459 951 
 38 52 621 773 489 873 172 
 986 133 152 315 775 877 326 
 169 200 914 341 346 553 209 
 184 403 613 927 149 216 515 
 468 125 261 271 178 925 759 
 129 157 290 760 960 615 647 
 356 316 50 294 15 974 149 
 624 755 288 315 548 170 171 
 406 488 16 125 446 779 213 
 16 170 407 749 280 586 303 
 712 508 98 805 104 34 271 
 280 975 664 47 990 812 342 
 627 256 825 860 291 926 982 
 29 693 302 35 657 956 353 
 415 747 354 368 444 807 286 
 976 519 978 245 218 736 798 
 344 26 422 332 16 298 135 
 600 924 622 234 755 823 551 
 845 243 298 611 902 778 628 
 547 771 217 859 666 807 691 
 730 422 386 17 752 305 968 
 905 412 44 733 654 91 728 
 141 398 509 452 238 773 626 
 950 905 653 400 441 213 442 
 241 370 34 982 614 739 182 
 609 959 788 386 439 638 629 
 722 935 318 316 622 479 86 
 311 899 825 117 824 369 147 
 557 259 923 833 296 505 744 
 923 147 322 780 974 629 196 
 933 876 877 30 838 467 110 
 147 150 317 948 431 222 389 
 156 147 789 300 45 744 220 
 855 400 709 800 313 
 168 697 306 927 633 400 345 
 120 139 293 986 457 411 203 
 444 498 382 492 231 569 637 
 54 214 650 470 712 360 923 
 136 8 851 217 341 394 987 
 629 589 496 212 340 790 4 
 5 690 214 622 81 100 732 
 942 653 119 665 65 707 763 
 962 588 232 727 834 185 327 
 267 458 84 980 424 856 732 
 377 200 792 890 368 365 181 
 531 116 467 469 70 616 669 
 552 692 420 936 311 330 428 
 441 29 944 447 519 438 439 
 383 464 1 348 229 932 999 
 679 250 796 953 978 926 673 
 659 538 881 732 354 136 986 
 728 134 972 171 817 464 677 
 209 828 491 275 924 620 802 
 273 178 192 556 939 924 941 
 682 700 902 356 724 476 911 
 931 871 283 125 733 408 385 
 85 257 933 233 933 83 487 
 640 266 573 777 354 720 203 
 736 79 669 641 728 887 756 
 116 914 923 571 843 111 479 
 804 37 467 977 267 271 362 
 914 955 363 356 727 473 186 
 191 127 830 917 937 809 326 
 615 658 957 217 51 139 455 
 124 84 58 219 543 224 472 
 532 676 788 728 178 165 550 
 384 31 546 436 749 888 573 
 320 384 915 742 232 554 709 
 797 823 833 953 539 221 904 
 527 414 143 711 834 
 209 847 215 472 696 786 756 
 584 884 179 665 317 27 890 
 893 252 629 204 935 935 326 
 57 90 903 415 168 352 276 
 275 138 832 44 161 369 680 
 164 542 479 177 26 520 383 
 364 550 827 604 408 749 868 
 658 833 115 654 640 831 563 
 752 483 84 632 763 353 307 
 625 996 690 793 847 174 231 
 781 301 725 967 14 180 851 
 701 465 404 506 371 719 650 
 413 493 336 564 23 606 218 
 613 72 891 200 345 347 489 
 899 263 153 744 529 194 100 
 660 455 254 835 686 424 523 
 528 695 347 931 786 496 245 
 842 27 394 620 994 410 889 
 471 580 782 328 318 382 519 
 146 437 24 484 373 343 740 
 763 327 308 248 13 166 371 
 733 742 329 22 869 805 511 
 664 471 535 211 904 474 732 
 949 114 627 166 135 953 183 
 581 364 470 294 636 888 431 
 797 817 431 497 594 32 935 
 491 726 796 573 632 197 994 
 289 642 780 333 672 327 574 
 473 133 813 439 264 535 908 
 333 310 128 1000 921 589 19 
 99 202 960 219 372 564 305 
 539 850 778 880 514 655 553 
 122 466 204 792 901 61 881 
 328 109 438 705 119 888 608 
 278 749 985 105 298 931 615 
 885 905 303 875 786 
 30371 32070 30466 33261 31385 31994 31313 
 31598 31341 30514 31604 33568 29428 29585 
 30388 30585 30057 32865 31865 33752 29061 
 31231 31240 33257 30102 29925 30300 30579 
 32288 31763