 250 30 0 
 888 496 707 540 851 837 926 
 722 866 929 512 915 875 955 
 689 663 1012 827 964 684 953 
 799 648 532 560 726 974 1024 
 832 1033 628 894 588 684 536 
 685 661 759 681 802 725 802 
 892 1028 684 612 637 744 480 
 666 660 461 729 923 617 564 
 706 519 854 767 662 601 929 
 800 795 716 847 824 622 843 
 646 829 694 678 523 837 733 
 926 992 972 679 901 446 556 
 907 771 718 502 780 743 793 
 907 734 462 747 754 602 505 
 676 562 734 470 581 974 930 
 706 791 772 834 914 883 748 
 870 945 591 815 908 756 460 
 1047 628 580 919 463 904 544 
 847 884 555 819 569 515 893 
 785 493 516 563 870 685 746 
 844 981 834 787 985 850 1038 
 853 809 1027 880 775 513 588 
 796 678 906 447 994 1005 549 
 836 885 501 660 861 554 561 
 508 835 707 872 852 1017 613 
 749 630 512 517 773 855 931 
 721 1046 660 483 885 680 698 
 456 824 588 793 591 1046 786 
 713 483 827 767 711 686 941 
 878 619 740 1038 797 855 823 
 795 751 800 629 960 870 860 
 943 831 939 646 651 571 822 
 890 456 994 817 638 623 804 
 687 1014 970 628 783 512 520 
 498 731 580 518 1023 707 580 
 633 979 866 668 531 
 809 739 626 813 787 344 391 
 423 181 609 899 492 435 815 
 666 100 523 417 652 512 714 
 283 365 44 290 858 282 832 
 85 728 776 851 936 248 605 
 359 529 328 323 955 935 281 
 680 834 363 120 799 958 546 
 530 540 549 511 113 585 423 
 650 9 51 877 811 458 4 
 313 93 107 759 796 91 970 
 270 964 556 638 787 2 605 
 969 952 965 474 278 487 696 
 597 446 968 236 258 354 918 
 278 544 552 624 486 408 926 
 537 476 155 359 415 563 453 
 616 787 546 563 370 333 487 
 37 501 757 282 60 785 89 
 147 898 748 418 947 868 442 
 389 371 369 311 90 935 447 
 342 958 431 322 688 953 203 
 75 555 471 924 482 343 87 
 747 964 18 309 83 250 815 
 24 909 879 88 834 999 824 
 248 203 52 369 151 188 513 
 755 700 956 53 959 372 909 
 406 953 93 76 715 813 489 
 539 701 50 323 374 68 113 
 370 512 131 444 489 827 892 
 831 242 641 713 704 270 405 
 823 5 966 976 627 721 38 
 261 385 390 766 708 457 698 
 808 511 440 154 321 294 559 
 31 392 314 94 954 992 636 
 503 176 621 771 354 982 327 
 551 940 348 306 881 374 689 
 338 295 302 346 647 
 409 224 954 964 68 571 975 
 622 489 716 834 535 813 546 
 77 513 767 134 171 977 67 
 568 520 865 505 410 909 379 
 332 917 114 750 676 733 816 
 11 275 950 30 684 271 460 
 544 857 829 843 902 314 431 
 66 290 819 203 160 823 219 
 708 404 993 291 868 782 873 
 407 856 623 646 862 138 281 
 770 849 517 606 898 237 891 
 818 739 696 46 631 268 750 
 959 396 359 481 394 309 95 
 393 503 105 161 673 663 502 
 930 605 666 340 669 533 786 
 620 921 803 991 462 499 636 
 754 957 313 816 888 988 666 
 65 940 565 646 230 619 357 
 104 980 206 785 830 553 418 
 238 253 688 735 844 381 980 
 906 496 760 717 867 588 73 
 291 790 375 566 693 354 419 
 749 728 155 43 888 529 535 
 841 712 169 739 48 179 803 
 723 966 254 38 964 672 152 
 291 402 411 172 902 784 30 
 12 924 346 768 485 345 60 
 627 127 358 561 613 994 141 
 756 570 463 972 47 860 491 
 11 276 469 437 318 6 730 
 745 529 6 152 84 391 263 
 924 447 152 608 140 959 581 
 669 230 994 613 613 940 945 
 133 98 740 790 618 970 169 
 429 830 495 427 370 276 681 
 975 150 28 846 774 
 665 749 319 807 414 381 875 
 164 545 649 311 253 593 989 
 508 703 54 731 263 241 609 
 164 86 332 598 935 512 457 
 242 845 313 159 684 352 32 
 651 117 14 129 767 687 2 
 329 870 199 853 6 28 699 
 982 850 496 513 727 931 390 
 725 523 755 126 448 456 208 
 727 256 169 371 962 820 809 
 17 806 972 414 700 646 683 
 339 791 804 812 156 515 164 
 806 767 349 889 22 207 755 
 472 752 247 314 846 109 97 
 745 522 564 396 827 930 392 
 15 239 702 789 905 696 71 
 995 723 60 582 742 68 60 
 532 739 379 568 477 194 442 
 815 155 947 719 345 843 51 
 481 710 130 683 692 851 958 
 157 541 720 212 822 381 834 
 509 402 254 953 672 330 119 
 336 925 942 335 528 551 450 
 75 916 239 810 375 523 48 
 557 718 151 526 715 849 31 
 261 78 513 975 507 530 22 
 315 4 996 427 758 562 755 
 63 437 201 274 125 753 284 
 729 158 288 738 934 587 844 
 549 54 964 966 360 60 960 
 866 630 157 906 138 642 914 
 528 776 698 523 299 228 995 
 819 53 401 747 519 750 664 
 368 478 21 417 972 592 631 
 261 301 502 712 516 198 445 
 212 279 808 2 101 
 654 606 188 554 991 394 693 
 732 955 963 558 912 9 220 
 597 122 142 931 567 360 819 
 525 117 987 644 28 681 851 
 530 375 853 745 904 589 56 
 412 678 745 479 952 831 533 
 741 706 779 220 138 988 308 
 361 885 41 480 584 129 223 
 59 200 441 808 618 326 339 
 751 895 680 93 762 480 342 
 739 267 462 17 628 502 438 
 944 695 635 58 927 736 97 
 717 910 203 246 816 58 964 
 369 135 294 772 396 475 711 
 789 330 686 290 775 76 64 
 775 602 275 780 82 835 301 
 481 93 978 792 937 582 513 
 640 60 209 316 896 914 559 
 976 113 43 474 758 150 54 
 109 869 76 404 894 177 538 
 66 736 101 380 56 282 985 
 694 717 561 908 371 414 991 
 920 588 114 976 751 23 319 
 560 513 93 211 430 971 577 
 266 727 919 641 194 819 782 
 254 208 719 334 444 264 687 
 283 401 358 537 23 949 600 
 122 801 237 272 58 87 567 
 483 303 851 885 754 425 294 
 242 995 962 839 229 448 356 
 121 752 490 144 208 840 853 
 946 770 787 939 381 414 19 
 189 320 942 820 598 885 947 
 990 990 566 820 603 934 374 
 278 64 840 408 338 172 940 
 835 226 562 178 112 
 130 518 28 785 782 857 607 
 657 831 708 685 219 908 574 
 643 827 682 990 179 679 548 
 672 697 124 569 791 94 472 
 161 822 630 660 429 95 2 
 781 841 159 917 950 170 88 
 807 991 662 237 939 315 121 
 810 296 381 305 491 418 712 
 222 538 598 185 508 101 592 
 245 820 77 861 930 270 790 
 760 574 895 191 660 2 578 
 337 349 700 967 8 255 559 
 718 579 884 180 601 411 967 
 980 509 565 697 20 351 791 
 310 903 191 69 23 635 374 
 553 645 699 766 620 898 383 
 949 598 192 782 161 983 62 
 31 834 484 182 210 379 72 
 360 633 894 944 684 790 234 
 772 218 267 798 246 562 411 
 547 52 698 260 619 670 178 
 889 987 439 705 34 177 899 
 630 178 77 701 550 996 449 
 5 488 556 241 59 106 103 
 185 950 609 346 985 523 339 
 27 121 615 918 674 292 603 
 812 916 942 338 860 534 4 
 684 786 52 72 823 929 516 
 26 618 462 806 910 186 157 
 360 119 913 967 339 959 433 
 50 807 379 356 471 511 568 
 856 58 35 73 477 604 474 
 715 15 312 932 150 522 383 
 769 244 241 507 652 967 20 
 46 652 765 660 617 304 298 
 264 555 304 625 278 
 344 628 402 224 93 965 154 
 36 412 109 150 298 980 648 
 285 243 598 839 984 565 287 
 920 227 673 593 599 536 353 
 416 354 968 34 5 831 856 
 526 892 959 525 950 637 839 
 232 698 454 362 183 160 67 
 417 674 493 723 53 160 151 
 586 2 93 798 29 211 116 
 862 497 349 739 670 890 918 
 556 53 332 954 421 162 484 
 96 524 264 420 761 444 435 
 633 68 510 381 908 705 944 
 767 850 924 414 569 677 998 
 867 632 294 570 870 322 241 
 469 413 282 838 298 946 900 
 97 360 984 247 153 636 508 
 653 737 14 275 349 888 573 
 567 35 568 473 265 76 632 
 605 381 963 275 280 112 642 
 765 376 683 482 241 885 420 
 169 900 999 281 399 718 879 
 12 854 702 197 101 444 130 
 351 698 890 377 277 895 26 
 514 165 702 515 601 73 861 
 732 92 586 394 202 809 658 
 551 817 365 901 525 516 404 
 406 673 589 189 88 913 651 
 161 339 814 934 671 242 807 
 860 232 558 897 977 595 125 
 984 728 833 80 396 485 125 
 791 228 486 587 533 299 796 
 270 787 93 854 791 734 360 
 344 929 584 27 557 261 335 
 103 313 861 279 783 893 475 
 527 721 210 615 910 
 674 676 699 181 819 235 71 
 434 934 451 931 279 887 54 
 336 838 474 246 677 99 919 
 445 403 239 824 224 791 760 
 559 480 619 498 232 150 435 
 676 202 145 687 122 340 618 
 798 678 873 401 877 69 699 
 184 418 579 305 915 132 542 
 881 474 86 35 532 247 551 
 139 172 429 811 379 238 302 
 615 366 726 451 319 506 319 
 562 704 453 232 385 276 534 
 885 269 896 372 475 849 520 
 871 625 607 765 136 47 720 
 324 449 847 323 519 788 182 
 966 47 229 425 480 136 46 
 343 555 290 222 643 194 712 
 793 566 246 731 53 414 961 
 549 66 81 686 93 471 543 
 430 765 661 74 172 781 180 
 679 243 125 319 50 781 820 
 857 851 914 996 284 626 250 
 914 397 835 11 822 993 546 
 681 719 597 429 617 355 832 
 212 764 337 890 929 940 560 
 89 807 911 243 992 445 958 
 331 670 335 132 810 910 648 
 303 441 788 618 513 353 475 
 969 715 921 638 146 358 388 
 149 383 569 264 588 48 713 
 487 370 184 692 469 654 349 
 620 718 401 741 916 892 972 
 753 908 931 480 218 396 334 
 687 638 26 318 14 377 828 
 925 391 947 180 262 304 422 
 326 331 589 300 899 
 411 710 130 539 602 249 78 
 588 942 557 130 101 330 307 
 190 297 365 573 767 860 936 
 491 425 687 66 530 638 603 
 468 707 563 71 291 637 119 
 930 161 898 539 888 426 842 
 176 644 46 633 283 385 20 
 873 377 273 857 760 611 370 
 947 887 903 107 905 888 724 
 234 470 13 140 619 329 80 
 447 440 902 270 491 379 322 
 522 373 964 320 763 14 587 
 111 949 71 285 736 176 882 
 727 761 123 342 99 147 167 
 752 277 266 139 161 492 514 
 506 804 497 396 870 892 857 
 91 819 688 555 594 155 422 
 408 50 925 600 957 628 285 
 952 906 770 690 109 576 302 
 994 251 284 119 782 436 494 
 679 524 712 648 709 648 694 
 303 603 426 952 939 288 230 
 439 295 499 662 836 279 644 
 207 417 564 930 750 27 209 
 892 985 65 938 208 445 521 
 74 565 355 455 33 65 617 
 693 535 402 146 608 380 229 
 117 480 835 784 302 550 825 
 48 87 475 650 329 876 964 
 6 729 705 375 325 372 540 
 989 248 845 306 653 3 897 
 762 676 388 683 467 118 108 
 295 359 434 784 719 636 625 
 910 175 871 997 640 386 23 
 146 283 88 602 902 756 974 
 874 583 911 524 198 
 337 567 52 336 956 324 296 
 489 127 936 712 839 182 984 
 958 721 157 858 490 1000 610 
 283 532 134 699 206 653 356 
 677 443 588 765 880 237 233 
 299 643 930 459 837 275 313 
 659 85 595 85 525 907 26 
 51 753 652 591 117 461 296 
 941 84 481 198 638 312 480 
 576 417 791 289 510 339 526 
 9 275 887 555 358 345 54 
 350 740 637 781 379 56 571 
 352 497 30 976 546 416 226 
 961 610 844 304 774 420 692 
 917 302 180 473 650 474 795 
 606 315 1 960 604 788 919 
 189 75 214 532 599 592 332 
 93 795 65 825 317 16 129 
 21 697 257 940 516 126 511 
 745 709 67 959 251 130 318 
 689 894 332 256 916 977 444 
 888 82 24 321 760 328 199 
 381 121 954 406 839 247 351 
 447 118 772 186 80 994 486 
 700 809 410 672 593 956 893 
 417 681 463 361 942 995 339 
 965 192 609 826 399 38 30 
 139 517 57 488 821 460 985 
 733 365 866 890 160 439 92 
 622 768 446 6 897 564 980 
 750 807 504 72 15 798 230 
 259 318 451 293 481 599 22 
 43 351 141 85 962 480 468 
 704 611 376 814 537 750 13 
 455 994 772 584 330 315 987 
 376 775 250 375 881 
 979 554 72 270 182 303 520 
 324 698 807 120 458 264 152 
 383 153 619 969 355 687 113 
 729 339 332 221 338 98 697 
 334 252 588 147 853 721 365 
 268 145 556 14 636 602 768 
 431 553 967 881 467 915 481 
 581 838 262 404 625 424 422 
 944 699 934 333 795 3 236 
 124 652 672 685 994 152 932 
 215 487 190 695 631 175 841 
 109 911 343 776 454 665 681 
 462 768 242 592 722 567 799 
 338 351 200 817 105 185 545 
 520 120 884 384 169 149 269 
 198 663 491 469 313 891 188 
 280 244 347 576 50 439 906 
 881 876 526 509 458 673 571 
 418 67 964 586 798 6 877 
 592 517 966 279 67 681 53 
 683 704 406 274 475 558 531 
 572 173 718 353 937 733 503 
 856 589 290 571 486 451 132 
 692 727 237 378 732 260 355 
 61 670 347 405 868 752 586 
 33 934 581 915 443 626 645 
 645 944 950 843 840 385 209 
 457 63 840 769 870 955 547 
 723 779 756 35 159 793 999 
 11 191 426 149 898 475 377 
 633 191 750 595 439 927 886 
 770 437 888 990 677 547 122 
 124 545 874 434 33 438 190 
 334 747 562 19 24 141 262 
 409 443 545 962 798 503 443 
 368 216 748 70 83 
 367 128 514 15 932 489 76 
 717 316 545 675 909 874 116 
 172 57 696 819 453 451 804 
 246 225 391 35 219 849 334 
 582 273 429 71 558 291 676 
 214 568 973 977 338 393 216 
 642 423 480 86 711 168 367 
 460 183 58 831 26 67 441 
 638 708 198 819 274 277 291 
 294 682 552 925 514 400 143 
 44 935 425 240 869 477 736 
 482 278 197 38 931 404 802 
 651 503 253 695 952 720 973 
 952 548 536 689 800 618 8 
 956 957 733 174 661 221 171 
 631 381 526 498 922 721 97 
 462 673 740 741 710 5 369 
 922 457 465 740 356 860 667 
 54 908 760 209 786 309 461 
 314 147 483 441 327 985 364 
 518 789 55 163 367 348 598 
 889 585 701 703 2 449 838 
 779 152 185 124 451 427 170 
 629 750 371 841 347 990 426 
 945 415 41 205 300 75 696 
 876 457 542 170 527 980 526 
 174 463 128 727 226 724 165 
 669 647 972 426 195 433 902 
 489 129 543 402 909 279 926 
 834 548 77 229 60 180 758 
 201 966 423 256 871 176 974 
 172 3 720 727 133 810 576 
 78 59 201 232 845 893 629 
 107 531 152 567 762 21 393 
 405 187 192 260 986 15 266 
 275 816 198 907 901 
 43 283 463 420 509 151 888 
 525 977 415 245 637 704 652 
 988 24 909 534 305 233 377 
 840 125 696 69 210 293 503 
 436 929 359 867 68 822 788 
 739 16 489 126 889 999 771 
 313 435 929 262 433 41 215 
 422 647 108 464 252 586 707 
 547 654 39 397 553 184 433 
 709 349 241 712 136 698 261 
 505 600 219 350 104 198 560 
 41 992 338 534 729 118 66 
 691 303 929 84 836 644 474 
 323 927 356 283 755 943 475 
 369 501 163 20 481 561 982 
 766 196 911 556 508 2 435 
 929 488 616 531 945 752 945 
 842 367 276 389 115 950 557 
 732 21 226 957 953 489 884 
 966 486 900 575 827 60 860 
 813 529 311 844 552 299 163 
 464 283 704 705 688 356 910 
 167 284 487 706 347 979 52 
 383 550 596 268 410 928 897 
 374 911 527 639 860 613 975 
 766 268 186 912 896 695 679 
 955 779 572 633 786 806 266 
 372 906 326 135 944 841 926 
 356 313 423 824 308 584 255 
 214 624 155 258 855 797 740 
 304 699 344 844 949 428 798 
 798 116 802 182 539 463 141 
 667 329 98 120 427 283 331 
 106 785 750 26 91 506 193 
 936 153 873 818 673 49 20 
 712 152 476 139 20 
 87 926 67 535 748 496 159 
 258 954 120 321 503 756 390 
 68 507 450 78 769 880 993 
 227 19 468 716 962 219 443 
 541 378 714 949 985 676 154 
 335 231 151 139 714 863 480 
 887 110 242 244 901 981 493 
 589 78 15 389 797 304 73 
 953 222 302 76 762 814 964 
 191 996 851 843 332 129 786 
 224 178 178 55 69 584 76 
 460 885 565 484 578 336 279 
 59 272 818 978 264 758 100 
 68 976 152 808 386 822 323 
 700 725 98 306 278 858 843 
 5 513 516 60 750 99 914 
 111 835 775 464 917 282 969 
 559 121 497 309 451 551 984 
 22 208 368 805 695 668 306 
 533 179 530 858 99 270 452 
 129 50 176 413 655 458 100 
 10 849 613 180 919 124 743 
 98 441 599 823 631 287 290 
 311 732 654 129 285 434 161 
 118 639 553 509 34 217 67 
 478 218 150 414 772 257 808 
 427 963 465 336 963 365 208 
 636 210 55 908 163 114 830 
 919 761 488 56 881 3 749 
 690 737 794 972 21 801 384 
 454 415 443 795 471 555 391 
 956 638 896 442 311 120 906 
 902 288 545 218 4 153 879 
 174 458 174 871 409 868 317 
 412 985 228 238 659 323 761 
 727 856 590 584 588 
 262 425 573 192 272 566 240 
 150 666 491 224 574 695 349 
 57 904 409 963 340 474 922 
 275 450 866 638 687 233 210 
 676 997 779 55 600 386 849 
 615 595 420 322 53 285 665 
 323 591 271 67 709 554 947 
 992 42 642 591 363 477 955 
 630 884 396 6 278 664 303 
 484 359 928 30 301 568 187 
 836 374 609 171 861 227 263 
 152 576 786 308 551 300 187 
 59 680 980 33 43 402 763 
 866 627 278 846 78 408 246 
 315 192 223 84 597 559 246 
 322 533 660 112 389 872 106 
 412 345 723 631 212 691 151 
 468 222 840 52 462 637 257 
 222 106 21 250 418 922 609 
 55 15 826 276 542 85 58 
 273 826 711 553 884 422 823 
 949 28 587 613 165 679 215 
 960 922 76 278 305 913 406 
 429 490 810 325 307 625 302 
 108 903 699 275 523 543 795 
 7 747 477 928 341 731 362 
 816 634 789 423 927 63 959 
 56 629 684 402 687 658 401 
 756 82 18 884 390 124 537 
 89 421 348 653 420 193 855 
 270 160 864 502 263 157 400 
 471 601 155 622 29 251 370 
 553 271 564 389 837 882 684 
 2 633 37 501 730 312 80 
 709 817 584 244 825 980 987 
 992 889 389 761 785 
 374 160 186 902 659 531 268 
 615 54 464 521 403 933 234 
 53 356 473 424 555 307 212 
 292 909 515 313 67 213 543 
 919 522 751 362 613 725 18 
 643 629 567 426 724 953 465 
 79 678 439 690 499 671 539 
 242 830 167 1000 479 634 885 
 430 372 206 204 706 821 954 
 157 896 186 575 715 833 415 
 772 561 61 224 32 467 232 
 788 987 991 532 553 602 218 
 274 385 318 986 311 303 876 
 215 960 620 587 696 542 872 
 96 383 767 81 753 892 387 
 725 219 258 937 784 235 667 
 260 339 351 589 130 554 762 
 25 142 956 226 615 218 865 
 570 692 79 262 837 103 287 
 647 449 670 217 408 264 338 
 770 4 61 469 739 346 643 
 903 184 371 629 396 242 884 
 501 638 376 267 686 433 778 
 291 607 898 609 32 109 190 
 744 170 576 260 307 81 753 
 739 962 469 529 281 715 986 
 752 136 978 557 271 617 458 
 378 655 622 889 817 998 753 
 309 460 917 701 440 594 114 
 536 252 488 230 541 199 60 
 142 107 829 465 130 96 928 
 673 352 547 312 822 902 612 
 634 455 153 452 19 460 456 
 491 753 488 87 709 365 1000 
 348 748 626 927 868 29 757 
 335 932 74 874 615 
 415 522 146 296 946 98 214 
 974 1000 506 267 934 710 568 
 571 44 558 589 534 233 364 
 648 933 799 411 190 787 804 
 493 983 577 456 612 831 760 
 567 11 426 38 60 716 924 
 172 788 368 747 525 214 72 
 13 7 339 934 409 783 626 
 490 999 102 545 549 847 310 
 954 648 794 82 707 722 354 
 256 395 100 282 448 301 749 
 261 761 103 492 16 88 847 
 649 78 584 50 145 128 480 
 372 773 873 783 95 778 226 
 96 628 871 218 765 346 665 
 579 165 289 573 757 94 269 
 466 196 513 284 37 817 415 
 398 433 744 751 407 237 78 
 221 781 43 208 450 546 185 
 772 133 969 242 153 989 640 
 266 461 83 962 659 882 769 
 322 490 967 406 454 193 280 
 181 73 411 661 520 606 266 
 852 847 517 24 414 976 240 
 215 65 710 851 881 11 34 
 421 54 665 778 633 337 451 
 588 923 586 432 552 634 706 
 472 624 154 824 229 585 670 
 685 889 583 360 217 110 409 
 953 180 927 458 271 420 402 
 283 265 306 603 272 731 251 
 623 81 658 695 701 381 623 
 876 212 854 900 327 588 215 
 983 967 878 367 281 18 843 
 378 358 308 445 619 34 596 
 408 748 728 685 78 
 505 18 356 421 151 511 598 
 401 904 15 119 784 419 687 
 202 690 614 549 492 37 723 
 988 287 410 716 901 503 425 
 974 753 399 517 222 728 65 
 119 38 160 487 659 877 287 
 556 165 178 503 441 898 847 
 469 329 438 470 615 12 176 
 164 57 492 399 959 30 153 
 387 457 270 901 164 354 676 
 822 651 743 900 839 995 916 
 152 989 349 586 663 890 85 
 33 457 388 888 76 838 499 
 186 383 7 564 937 794 35 
 808 500 618 850 900 465 60 
 807 567 721 105 808 701 156 
 479 221 238 899 805 114 870 
 418 460 116 322 290 671 357 
 495 143 409 183 203 790 632 
 627 568 293 517 799 276 904 
 656 337 986 927 998 374 606 
 448 690 408 698 669 685 835 
 699 558 757 134 595 245 838 
 715 133 507 331 941 995 750 
 394 972 135 215 459 57 267 
 533 975 658 625 179 264 621 
 433 42 173 12 998 791 482 
 388 831 514 977 701 279 307 
 234 650 596 253 331 30 247 
 743 376 210 752 111 602 681 
 559 654 383 951 114 969 245 
 733 290 596 966 854 956 415 
 777 287 560 190 767 65 571 
 249 24 445 117 688 249 260 
 970 61 662 355 913 847 111 
 56 870 609 813 160 
 279 767 305 957 201 515 624 
 152 993 571 96 186 209 612 
 833 298 952 666 660 357 464 
 742 301 665 518 846 184 816 
 380 387 149 524 374 438 34 
 807 191 576 421 584 529 979 
 366 237 278 315 174 971 57 
 100 403 342 563 83 22 433 
 447 620 922 725 37 991 581 
 362 615 161 971 974 493 852 
 967 944 56 821 466 826 633 
 297 359 690 207 135 12 976 
 146 740 616 21 635 785 13 
 576 856 605 332 48 441 370 
 603 713 763 167 424 894 95 
 923 490 90 146 988 988 214 
 810 259 232 546 646 400 77 
 933 187 837 960 546 333 212 
 220 32 764 607 930 736 442 
 307 6 172 101 683 511 780 
 473 853 92 144 211 839 783 
 188 742 713 451 135 910 151 
 941 498 285 756 652 833 592 
 64 927 443 753 86 595 817 
 699 453 577 872 824 620 225 
 150 386 357 361 30 202 124 
 844 508 476 448 106 520 80 
 215 395 739 406 815 780 690 
 705 48 357 245 376 395 248 
 566 188 976 602 746 14 242 
 174 657 275 580 790 701 262 
 168 121 156 332 291 579 182 
 550 42 647 254 625 539 357 
 872 861 851 988 982 343 946 
 494 211 175 969 870 572 833 
 287 114 201 276 790 
 856 103 212 489 154 898 71 
 114 434 133 554 861 252 491 
 745 45 77 697 385 978 71 
 201 581 728 841 502 691 182 
 536 568 692 747 625 47 205 
 41 202 392 649 974 251 249 
 923 886 520 428 789 83 699 
 438 120 88 555 908 418 288 
 919 329 521 769 601 666 393 
 815 554 830 49 442 393 775 
 669 751 723 978 876 680 538 
 853 687 411 782 693 751 787 
 67 596 731 64 216 925 11 
 975 979 200 120 417 908 747 
 800 221 760 767 147 149 915 
 918 878 105 738 237 538 662 
 765 334 188 316 552 602 506 
 353 283 80 635 65 399 176 
 323 859 463 87 761 866 160 
 88 497 824 97 822 176 522 
 216 892 836 811 762 761 895 
 946 544 868 895 867 418 508 
 414 31 253 444 314 322 740 
 520 92 432 575 66 609 239 
 358 899 571 554 588 667 13 
 19 164 222 424 982 708 340 
 448 894 124 447 390 592 452 
 155 876 873 697 944 434 168 
 350 102 467 275 154 812 110 
 90 134 784 902 22 802 726 
 40 920 300 106 656 137 416 
 219 691 37 110 533 657 222 
 575 173 978 122 653 667 758 
 995 221 913 162 978 725 469 
 38 972 486 200 631 592 168 
 252 637 949 519 208 
 923 846 90 107 10 962 518 
 785 469 605 12 769 106 505 
 807 10 414 402 291 89 285 
 900 534 796 28 253 288 11 
 447 26 98 412 17 66 456 
 779 686 28 949 971 202 658 
 315 24 232 91 296 600 35 
 969 191 780 516 951 939 50 
 687 496 692 616 542 479 95 
 288 450 474 23 223 70 310 
 270 684 954 353 42 352 328 
 689 887 865 743 624 304 518 
 467 916 974 27 313 640 308 
 906 83 765 663 749 953 342 
 809 182 785 502 320 258 124 
 489 33 513 985 581 686 679 
 349 271 176 352 273 237 117 
 405 161 735 888 793 326 524 
 163 930 571 205 348 8 16 
 484 451 23 824 667 719 36 
 195 693 844 905 371 77 405 
 865 542 696 57 858 504 859 
 311 493 766 507 465 119 138 
 401 306 589 722 786 990 994 
 255 447 894 360 118 602 416 
 791 185 475 721 785 747 261 
 994 745 933 124 515 63 995 
 811 882 61 38 223 473 886 
 191 742 707 875 633 957 709 
 389 83 995 508 578 416 393 
 442 840 527 478 800 882 57 
 372 98 629 310 484 238 954 
 902 234 467 697 416 640 880 
 58 724 516 139 171 586 209 
 126 656 7 558 249 598 459 
 73 627 238 35 705 
 718 89 406 149 565 688 682 
 24 30 128 789 882 999 624 
 315 13 58 59 290 692 560 
 411 918 659 183 467 518 886 
 835 771 811 491 389 482 916 
 79 103 605 883 146 195 354 
 869 978 294 643 507 527 624 
 707 27 539 304 914 894 648 
 338 928 848 871 760 131 882 
 828 721 616 103 962 604 972 
 24 720 194 392 152 856 974 
 573 422 708 894 845 262 495 
 600 621 999 508 707 228 762 
 394 714 117 759 378 216 140 
 400 62 259 506 642 593 11 
 792 998 558 688 629 500 698 
 285 808 394 648 358 284 544 
 953 874 991 740 936 216 289 
 739 998 667 540 174 826 542 
 920 128 110 294 948 473 770 
 362 643 660 369 35 932 992 
 270 539 504 161 492 15 913 
 892 856 68 359 205 111 531 
 74 961 47 596 775 354 647 
 283 91 806 293 597 976 678 
 859 745 698 23 208 543 640 
 35 832 666 459 37 931 972 
 496 22 334 318 373 162 932 
 308 926 513 307 810 989 863 
 806 273 370 347 102 607 120 
 160 727 746 972 829 779 955 
 699 620 49 914 554 141 619 
 901 837 648 803 312 613 813 
 995 299 482 444 174 710 795 
 707 994 709 520 170 971 732 
 236 296 798 137 547 
 796 442 852 615 763 342 280 
 11 924 858 678 300 13 343 
 302 250 747 69 972 906 884 
 465 427 57 61 963 365 856 
 739 920 294 682 346 293 188 
 678 639 446 511 669 429 945 
 760 371 425 478 194 46 679 
 115 99 815 792 937 33 731 
 938 376 949 944 942 907 97 
 624 456 131 64 664 841 372 
 314 965 236 26 348 899 378 
 329 481 924 5 511 571 555 
 359 331 391 310 841 458 764 
 69 778 317 113 501 14 363 
 369 19 458 56 697 354 352 
 475 443 714 751 784 489 14 
 432 642 915 380 64 134 189 
 939 512 176 833 486 903 670 
 968 978 306 279 968 41 825 
 929 795 364 953 780 325 34 
 209 530 676 283 61 468 565 
 468 940 259 11 64 562 75 
 622 907 220 288 180 22 791 
 349 163 784 135 224 106 363 
 616 543 946 530 199 753 88 
 236 702 132 232 218 33 954 
 264 903 764 579 874 732 489 
 449 559 209 555 853 3 226 
 595 901 485 256 853 778 539 
 331 489 362 599 983 259 123 
 67 950 714 891 486 583 600 
 759 772 817 719 233 575 651 
 622 488 48 799 429 415 843 
 553 807 382 6 251 328 72 
 743 174 643 113 736 440 829 
 845 500 464 182 568 
 478 707 933 218 525 68 952 
 367 530 621 182 255 758 768 
 558 362 531 564 819 321 577 
 296 326 349 341 920 850 249 
 561 51 789 606 894 865 11 
 706 298 716 906 407 193 270 
 414 173 92 324 354 375 740 
 229 547 814 590 909 21 728 
 732 775 193 638 214 614 101 
 352 133 979 314 569 908 692 
 476 251 757 472 4 648 607 
 413 845 957 464 894 184 287 
 324 645 71 562 731 380 900 
 742 668 267 503 632 820 193 
 754 873 964 395 125 113 381 
 485 80 425 653 300 76 291 
 583 663 416 203 684 673 989 
 506 139 799 488 318 649 961 
 10 683 249 339 794 480 666 
 65 413 321 507 180 323 48 
 175 87 569 907 649 328 949 
 523 398 535 454 865 500 784 
 567 393 318 416 807 628 997 
 402 450 519 806 246 373 925 
 14 422 732 253 477 416 172 
 979 189 138 575 775 626 313 
 314 591 30 776 225 485 892 
 729 477 233 312 356 987 77 
 72 323 436 11 757 993 556 
 575 456 302 739 867 477 28 
 101 678 280 158 586 980 994 
 669 404 611 945 298 77 611 
 490 635 756 812 440 982 435 
 852 106 135 362 815 366 761 
 457 740 759 390 351 753 703 
 294 918 975 94 281 
 531 819 414 61 526 290 731 
 822 590 105 549 217 601 599 
 99 543 734 500 824 185 748 
 182 261 536 238 16 529 18 
 893 705 242 419 347 421 827 
 561 144 909 515 957 408 71 
 97 395 639 518 58 833 41 
 191 270 271 132 657 413 234 
 921 978 53 464 31 105 864 
 811 383 688 72 646 956 757 
 762 73 914 620 907 884 348 
 287 741 77 739 176 272 18 
 601 276 161 709 345 648 626 
 538 485 529 591 105 716 460 
 628 4 386 2 136 817 829 
 929 394 660 232 162 885 571 
 530 543 757 33 12 264 119 
 871 541 602 194 287 574 206 
 31 942 676 307 569 628 24 
 691 277 596 425 902 336 540 
 196 584 507 996 137 107 711 
 695 157 493 952 90 790 375 
 363 759 554 251 536 881 679 
 291 862 580 865 985 800 508 
 756 706 563 875 80 873 525 
 559 365 949 13 753 531 178 
 228 653 155 1 31 842 82 
 190 665 170 156 509 531 230 
 834 228 299 801 433 774 341 
 89 122 461 372 316 808 413 
 366 496 958 488 563 841 789 
 541 988 801 214 128 956 281 
 323 784 191 553 493 339 572 
 945 845 802 220 214 197 427 
 224 851 306 338 836 517 271 
 167 477 548 554 326 
 84 130 173 817 687 838 181 
 742 892 62 338 655 933 869 
 403 981 650 282 878 964 697 
 900 786 597 614 15 629 607 
 538 968 941 946 293 471 887 
 192 348 225 817 732 664 107 
 32 392 668 958 600 768 365 
 469 911 144 151 656 192 22 
 947 262 665 79 218 140 684 
 954 720 231 381 998 401 443 
 32 373 509 114 407 646 739 
 979 414 883 766 488 440 991 
 154 766 485 12 212 66 642 
 272 37 864 767 702 525 427 
 918 931 823 251 713 543 945 
 41 160 392 384 460 909 541 
 77 354 8 800 553 798 713 
 929 146 75 529 217 187 628 
 799 37 228 609 859 263 495 
 561 532 851 621 226 994 487 
 820 82 396 456 882 691 327 
 355 870 776 170 930 307 10 
 925 59 603 840 99 840 477 
 939 35 913 111 509 714 473 
 778 541 174 666 703 747 43 
 369 357 427 814 250 368 948 
 475 370 616 662 830 662 967 
 597 75 183 744 879 375 218 
 40 687 731 776 550 160 971 
 82 433 817 963 291 806 795 
 980 491 286 482 257 935 121 
 127 949 930 166 754 920 473 
 629 431 46 857 858 72 373 
 697 362 636 986 463 922 35 
 891 724 589 865 578 967 842 
 467 702 42 694 341 
 617 182 63 783 842 79 788 
 971 80 159 189 399 219 364 
 534 522 290 953 986 905 44 
 901 194 783 455 445 226 982 
 778 66 799 312 107 155 500 
 148 600 633 541 177 678 332 
 561 92 626 240 978 745 355 
 343 489 851 957 853 236 996 
 932 575 144 259 236 721 796 
 585 90 929 59 1 738 798 
 263 267 975 232 14 959 509 
 214 430 537 822 538 967 985 
 950 110 621 24 424 650 202 
 290 380 677 101 310 407 463 
 533 415 353 967 692 63 276 
 58 564 336 793 742 754 435 
 731 554 236 876 896 462 148 
 995 587 81 289 684 299 870 
 490 945 65 134 690 452 324 
 796 923 463 748 195 202 944 
 960 8 174 45 288 358 784 
 547 914 429 976 38 942 154 
 502 39 96 501 635 785 472 
 430 43 98 315 205 643 898 
 264 370 130 493 42 227 505 
 353 640 959 610 942 213 565 
 91 424 944 806 679 413 196 
 34 728 662 973 950 310 256 
 7 377 901 409 631 961 291 
 849 854 112 389 574 792 317 
 924 693 249 684 835 193 450 
 621 869 13 574 429 392 249 
 80 711 956 823 936 761 106 
 338 753 454 372 331 460 870 
 129 68 226 503 677 192 796 
 98 913 993 483 526 
 96 271 455 909 77 521 168 
 841 653 613 349 532 488 335 
 775 521 735 252 781 742 548 
 963 286 702 28 680 648 385 
 622 240 236 866 128 308 614 
 964 285 829 85 883 817 364 
 350 131 408 655 705 180 786 
 538 216 696 904 995 787 282 
 882 692 917 847 616 726 300 
 97 941 698 611 807 954 759 
 311 726 72 339 524 798 819 
 90 485 557 838 647 486 732 
 739 437 409 955 120 380 194 
 357 376 548 971 554 487 707 
 95 457 306 807 264 906 786 
 650 774 965 31 504 694 965 
 484 650 862 345 726 168 1 
 544 60 888 696 746 278 105 
 410 991 229 286 425 888 695 
 699 989 839 534 401 789 631 
 413 601 377 59 522 379 632 
 296 666 372 346 58 71 280 
 349 111 522 869 481 501 305 
 75 50 645 831 309 240 588 
 406 920 576 525 765 158 680 
 912 729 818 101 841 413 537 
 629 616 657 77 172 812 668 
 920 911 599 362 706 201 231 
 483 43 401 562 161 152 856 
 871 407 254 219 940 857 175 
 429 267 952 991 969 220 139 
 485 427 472 868 339 668 371 
 791 196 895 183 83 615 22 
 352 838 568 972 924 91 809 
 9 974 634 347 487 359 859 
 135 119 747 507 170 
 466 981 634 348 817 626 890 
 783 699 765 887 344 594 664 
 687 560 748 205 88 511 930 
 960 764 149 771 629 70 671 
 998 960 730 251 889 952 838 
 709 357 979 769 165 661 41 
 743 855 235 312 394 904 97 
 962 568 192 871 488 927 389 
 722 156 345 377 462 497 520 
 769 617 36 175 485 456 463 
 446 725 222 802 91 842 769 
 760 929 672 410 706 826 221 
 279 262 547 27 635 213 340 
 868 536 415 332 450 50 143 
 471 580 219 990 447 536 766 
 105 267 307 652 354 466 321 
 168 750 678 501 611 403 488 
 479 590 640 535 65 108 882 
 296 248 979 914 373 738 614 
 352 45 356 996 37 663 857 
 741 852 158 994 98 598 139 
 80 650 375 894 386 916 236 
 2 726 304 409 587 801 372 
 21 192 472 312 452 184 403 
 704 880 799 868 132 822 365 
 58 785 554 747 6 421 58 
 580 306 29 835 941 381 583 
 461 285 207 590 631 994 669 
 617 379 857 115 395 248 786 
 324 480 322 191 572 524 417 
 932 935 579 443 876 489 360 
 530 143 701 406 78 517 714 
 936 945 41 752 538 797 958 
 550 892 717 98 282 681 678 
 485 45 699 252 719 596 180 
 403 549 638 125 916 
 994 358 799 484 317 792 571 
 891 654 988 482 553 896 60 
 339 129 798 332 32 171 533 
 910 711 386 725 787 449 226 
 646 914 93 79 4 168 562 
 478 227 139 670 660 978 942 
 490 840 55 611 129 354 541 
 444 460 192 136 56 744 644 
 924 78 314 543 889 395 47 
 372 975 179 54 276 305 833 
 962 709 51 255 305 730 563 
 397 206 761 113 353 830 782 
 533 58 68 346 653 948 798 
 635 276 387 92 947 905 352 
 875 744 509 948 190 990 274 
 640 71 478 987 64 297 445 
 120 635 941 861 478 716 438 
 76 840 109 397 662 248 112 
 115 147 548 646 490 88 848 
 243 882 254 335 648 101 917 
 641 950 450 303 299 939 226 
 924 162 750 923 449 237 650 
 7 663 453 20 252 117 318 
 629 66 165 2 167 655 447 
 354 367 107 527 812 78 194 
 727 979 983 284 189 57 569 
 613 578 260 194 158 96 588 
 711 496 496 224 173 404 246 
 396 854 605 78 739 725 967 
 204 532 161 912 836 310 793 
 883 213 538 803 916 71 381 
 740 847 990 483 543 319 190 
 866 222 239 181 428 130 914 
 622 26 490 732 419 272 133 
 468 552 341 1000 728 671 31 
 6 255 31 664 522 
 940 564 787 494 280 829 437 
 793 476 232 11 810 17 349 
 111 199 383 829 250 852 48 
 520 944 772 386 649 630 953 
 606 131 69 916 237 608 52 
 530 419 845 255 741 882 543 
 961 862 663 260 714 995 539 
 201 424 629 385 191 119 349 
 898 348 945 572 730 467 380 
 600 936 635 342 845 865 168 
 697 458 697 140 142 942 622 
 619 682 94 749 184 964 232 
 233 435 922 812 935 616 790 
 15 403 702 740 559 176 196 
 465 247 529 452 570 176 330 
 692 90 699 982 953 457 784 
 199 306 244 581 127 997 537 
 776 570 180 727 123 255 997 
 119 850 490 261 132 70 107 
 922 436 431 285 450 852 931 
 78 287 70 889 777 975 921 
 588 156 509 508 233 578 881 
 754 959 632 8 380 600 817 
 980 873 35 545 225 286 367 
 304 381 454 896 566 676 680 
 842 769 14 91 854 959 474 
 739 943 367 207 152 971 198 
 655 442 545 794 313 655 87 
 640 114 936 665 998 260 359 
 305 887 906 41 610 98 592 
 59 898 425 53 189 506 282 
 293 873 367 936 353 891 422 
 695 638 885 857 210 997 26 
 844 908 47 310 558 264 791 
 959 536 154 525 639 464 529 
 742 716 594 299 156 
 63715 67464 62960 64929 62796 63445 63338 
 62684 61756 62835 60132 63789 59701 59470 
 62541 60525 62538 61016 62290 59638 67730 
 61831 62882 59890 66886 62300 65425 65185 
 59265 65390