 100 30 0 
 878 617 710 771 872 784 471 
 475 639 573 905 600 736 672 
 708 757 773 1044 663 554 886 
 795 913 717 544 669 683 731 
 917 1001 781 564 574 865 625 
 541 716 795 559 942 819 734 
 894 916 534 641 684 762 689 
 975 559 907 693 822 890 852 
 771 684 522 671 630 790 589 
 853 796 863 576 564 771 961 
 589 549 850 953 498 651 522 
 1075 705 817 982 944 871 485 
 768 918 923 847 704 934 498 
 808 487 624 688 793 507 787 
 837 802 
 914 489 181 599 18 457 67 
 983 912 908 835 828 167 247 
 271 948 582 380 950 872 765 
 330 437 511 530 252 180 454 
 818 477 649 585 286 672 236 
 520 795 897 943 457 7 266 
 340 666 492 624 228 396 862 
 538 347 157 780 412 229 462 
 617 415 6 703 879 390 748 
 628 56 393 661 816 613 538 
 888 163 611 657 853 861 256 
 376 884 560 120 798 990 455 
 832 251 829 496 735 744 596 
 395 232 140 926 639 329 285 
 792 561 
 232 973 717 740 826 889 278 
 423 276 176 142 153 37 416 
 230 285 65 944 109 509 254 
 748 253 600 996 748 294 436 
 664 996 692 186 717 193 359 
 572 518 17 550 486 670 95 
 91 399 284 665 612 527 231 
 914 55 606 229 797 778 984 
 292 336 846 346 845 189 690 
 251 435 359 622 482 703 113 
 334 244 864 374 394 730 221 
 136 248 116 619 521 297 97 
 405 971 235 569 614 264 220 
 904 40 80 145 371 362 798 
 962 808 
 83 338 326 783 353 652 133 
 18 664 205 209 118 819 598 
 348 39 980 973 184 973 460 
 219 168 392 945 206 914 292 
 10 775 946 556 356 867 485 
 784 706 506 266 183 581 497 
 136 492 801 304 367 232 76 
 451 216 170 237 361 860 296 
 104 350 581 884 732 417 790 
 552 600 660 500 520 97 143 
 633 817 933 492 629 949 532 
 272 859 684 804 678 884 265 
 585 787 574 850 358 617 530 
 309 182 324 592 754 657 230 
 91 853 
 472 243 956 488 367 917 551 
 402 124 533 744 610 660 405 
 308 650 520 920 703 724 394 
 358 872 389 626 961 326 635 
 518 873 473 544 845 583 833 
 44 683 284 31 820 458 751 
 589 740 668 705 567 613 131 
 193 54 871 428 781 520 773 
 327 727 849 412 864 668 127 
 641 611 643 745 5 441 658 
 229 761 252 63 772 9 700 
 433 542 802 272 133 548 683 
 828 807 578 702 693 959 897 
 507 365 247 797 88 695 70 
 819 634 
 353 886 497 682 300 237 155 
 328 157 997 72 689 177 972 
 753 296 651 444 717 6 669 
 856 621 321 79 491 723 653 
 562 144 64 173 588 600 522 
 559 697 440 642 355 590 54 
 799 874 381 575 116 54 175 
 483 570 182 269 323 750 230 
 821 135 640 768 285 82 368 
 836 1000 522 185 568 379 544 
 554 185 239 580 89 245 724 
 510 967 45 370 732 337 246 
 583 895 195 122 559 164 85 
 617 775 35 731 585 671 81 
 933 173 
 587 286 395 657 336 334 343 
 890 887 208 743 565 123 320 
 409 646 770 580 982 21 717 
 345 785 815 711 19 568 818 
 832 31 175 198 399 105 709 
 124 265 628 456 184 852 573 
 303 422 546 158 211 350 294 
 483 245 303 176 998 574 804 
 384 755 408 449 707 443 583 
 595 201 842 223 379 99 791 
 821 97 677 374 381 96 439 
 406 967 990 459 411 536 943 
 966 996 170 846 151 363 658 
 596 673 406 629 140 448 504 
 82 420 
 669 702 862 260 25 82 58 
 347 59 82 324 254 642 341 
 289 503 881 459 165 639 909 
 362 376 356 328 23 744 969 
 668 499 470 528 422 258 730 
 824 560 33 366 142 813 911 
 36 493 289 112 46 446 632 
 362 576 861 163 208 264 337 
 962 719 625 810 461 172 58 
 423 801 442 379 606 90 36 
 376 659 868 247 276 581 386 
 37 999 747 851 625 219 162 
 952 758 602 51 550 933 1000 
 286 268 266 327 33 163 486 
 718 15 
 424 763 881 817 779 153 23 
 821 292 827 222 592 627 561 
 174 708 692 803 856 290 524 
 426 92 543 295 694 405 334 
 861 175 462 281 512 589 17 
 511 319 782 747 804 135 827 
 665 907 38 193 481 565 799 
 768 368 822 5 973 390 155 
 360 767 836 438 632 76 281 
 997 308 290 799 847 489 69 
 185 20 652 84 161 598 782 
 865 747 387 298 780 826 623 
 799 902 342 524 118 502 507 
 273 203 310 416 884 139 275 
 892 207 
 906 199 337 11 881 46 421 
 7 314 474 540 655 284 831 
 336 413 940 790 732 872 761 
 778 955 903 222 12 835 484 
 638 655 72 648 481 211 698 
 218 168 330 574 760 10 932 
 230 977 924 850 880 120 611 
 836 303 321 554 412 595 208 
 25 871 233 702 203 711 994 
 203 974 858 29 674 696 183 
 92 919 934 702 143 321 924 
 469 323 647 988 185 63 45 
 831 155 492 971 941 894 107 
 802 148 122 500 182 673 515 
 585 233 
 489 326 327 293 607 264 408 
 247 364 414 408 412 167 68 
 286 349 2 623 54 258 680 
 570 449 640 783 201 3 802 
 250 270 656 880 108 574 46 
 666 3 419 880 907 858 120 
 760 502 933 270 506 665 82 
 905 641 572 180 706 514 664 
 30 731 570 559 370 532 256 
 959 951 984 898 30 20 750 
 448 45 328 184 883 284 525 
 590 988 713 87 720 420 160 
 600 662 287 681 113 128 143 
 925 848 28 434 870 956 707 
 106 121 
 777 90 728 301 68 608 697 
 568 870 613 28 109 409 421 
 976 480 252 815 552 629 558 
 977 83 812 724 735 965 677 
 434 599 616 883 315 894 136 
 370 376 560 697 136 122 474 
 185 61 745 367 773 730 904 
 92 820 267 271 29 861 876 
 726 412 194 732 233 917 178 
 540 128 562 815 78 692 839 
 796 285 585 861 284 137 94 
 711 690 855 781 206 868 178 
 154 669 295 284 270 140 889 
 283 273 84 960 220 402 351 
 174 72 
 454 486 785 752 785 711 340 
 497 295 148 416 240 26 652 
 736 380 721 520 383 110 229 
 782 153 170 547 693 12 330 
 776 765 117 127 711 635 106 
 15 708 279 243 893 263 167 
 823 11 775 479 959 640 323 
 535 5 705 929 218 283 593 
 118 735 28 952 578 626 811 
 381 352 361 309 531 489 606 
 767 436 211 495 430 273 84 
 750 107 157 81 137 387 165 
 620 881 911 807 121 371 816 
 981 592 777 457 792 32 902 
 594 964 
 488 283 24 368 428 260 102 
 106 161 849 473 956 721 150 
 167 489 237 522 325 734 766 
 696 298 680 290 607 751 681 
 15 666 739 490 753 918 624 
 216 811 991 119 566 742 945 
 388 654 45 31 865 959 709 
 606 916 348 333 439 344 131 
 601 295 116 961 869 461 6 
 725 556 904 901 171 255 151 
 336 917 716 222 674 225 156 
 707 883 597 114 220 269 755 
 404 263 867 84 603 566 9 
 438 3 264 699 29 322 953 
 991 251 
 32 837 562 703 890 647 420 
 238 230 739 731 332 758 933 
 535 649 405 1000 498 36 370 
 166 918 209 128 987 308 506 
 929 792 992 62 486 80 717 
 140 64 276 210 621 515 318 
 337 141 96 632 292 320 62 
 115 214 996 430 391 522 266 
 27 405 663 932 483 701 30 
 109 729 80 65 187 958 414 
 891 430 100 877 511 206 344 
 990 450 414 945 7 103 106 
 693 320 838 193 790 766 781 
 130 7 977 266 185 18 206 
 285 550 
 749 916 808 9 839 943 635 
 152 102 462 649 708 926 13 
 669 95 64 585 842 166 113 
 951 253 598 446 235 819 744 
 608 690 706 372 531 654 105 
 366 734 981 814 115 962 288 
 795 266 947 332 295 595 904 
 603 6 721 994 7 856 575 
 502 876 610 531 363 235 767 
 540 394 589 885 565 784 390 
 727 975 669 493 518 816 26 
 869 478 214 724 805 601 754 
 739 383 710 44 33 547 55 
 954 219 713 790 456 577 929 
 285 566 
 365 202 703 284 958 188 482 
 143 17 695 362 608 260 943 
 396 217 490 230 583 199 350 
 752 530 245 416 861 973 190 
 312 432 705 153 622 386 950 
 106 717 198 385 693 314 746 
 970 569 168 555 886 493 697 
 333 890 438 685 708 514 460 
 35 350 396 328 447 645 272 
 701 73 309 556 481 290 434 
 649 434 148 431 975 937 865 
 190 601 488 648 643 160 674 
 262 255 144 551 458 789 325 
 660 359 662 379 948 776 276 
 488 657 
 13 593 195 232 56 789 624 
 224 381 954 331 1 165 280 
 32 796 225 711 892 294 143 
 417 830 955 575 595 218 757 
 858 454 131 394 607 154 742 
 310 180 797 887 454 974 270 
 364 191 449 765 99 130 407 
 183 189 825 849 410 399 726 
 847 876 940 47 751 484 213 
 891 246 149 971 484 202 294 
 306 858 355 811 254 276 237 
 89 761 517 95 860 268 407 
 712 113 170 691 79 954 731 
 636 31 405 341 94 332 859 
 594 162 
 873 361 306 414 692 801 47 
 134 800 573 602 5 265 185 
 553 362 637 501 157 547 399 
 829 36 162 739 889 540 922 
 952 651 586 343 785 173 958 
 304 74 478 55 934 554 8 
 317 618 117 147 35 368 367 
 255 720 502 392 516 266 858 
 825 545 946 270 346 910 421 
 925 66 611 983 458 43 940 
 856 973 451 819 715 892 3 
 292 203 235 949 686 637 436 
 560 119 395 85 243 917 342 
 243 283 804 601 858 220 954 
 445 778 
 65 995 288 441 980 133 788 
 35 500 180 41 361 273 43 
 562 509 865 223 128 561 88 
 412 857 458 378 51 590 224 
 752 650 823 610 363 538 919 
 51 4 711 872 999 103 153 
 796 740 299 205 800 320 954 
 731 433 831 689 910 35 737 
 774 157 885 925 309 548 247 
 576 777 481 119 411 922 248 
 182 248 532 646 213 954 289 
 525 230 679 699 332 773 31 
 284 155 67 113 769 178 782 
 762 307 199 650 741 139 289 
 214 489 
 976 304 350 685 963 800 300 
 716 581 218 454 441 125 265 
 645 425 347 597 490 363 115 
 417 1 592 234 20 691 145 
 738 210 101 845 942 912 122 
 192 956 386 96 99 581 668 
 109 133 478 787 273 637 492 
 545 488 5 18 266 597 397 
 186 362 600 108 781 274 99 
 631 970 503 352 392 64 649 
 603 461 307 964 790 29 464 
 705 680 115 873 785 125 768 
 840 366 587 754 28 746 258 
 86 396 68 633 359 750 910 
 81 116 
 293 391 387 827 774 289 431 
 840 938 379 851 667 714 964 
 880 356 699 444 19 831 766 
 859 961 351 239 189 551 133 
 272 900 924 710 573 964 208 
 813 375 300 617 325 748 186 
 34 692 309 203 810 449 101 
 709 668 692 642 789 812 79 
 814 559 269 184 138 106 915 
 956 287 735 627 859 36 820 
 580 149 895 285 44 488 28 
 950 154 703 541 456 112 689 
 271 793 636 726 385 114 162 
 802 252 631 732 615 739 392 
 468 301 
 295 538 663 257 369 157 122 
 406 309 659 497 749 436 766 
 652 70 574 294 65 188 905 
 341 175 402 52 211 399 960 
 458 640 515 763 455 77 323 
 799 316 529 76 389 898 653 
 71 733 656 198 859 674 77 
 885 914 873 245 512 444 295 
 123 519 589 933 426 734 887 
 532 196 766 200 136 871 986 
 441 47 146 649 988 702 763 
 936 563 167 542 557 112 628 
 733 684 136 547 818 858 854 
 527 549 715 361 954 734 28 
 277 140 
 554 55 19 274 174 73 775 
 751 772 645 93 876 640 239 
 467 815 153 696 220 420 792 
 237 394 638 418 638 585 268 
 126 991 187 123 877 656 871 
 95 476 749 769 650 387 309 
 40 416 579 490 434 233 977 
 941 856 467 845 295 288 442 
 849 648 94 769 962 720 210 
 141 273 654 560 127 86 132 
 26 677 1000 694 29 533 871 
 575 582 657 366 362 235 601 
 9 609 497 323 579 136 297 
 883 212 374 970 994 164 769 
 676 112 
 339 382 177 90 460 819 644 
 329 100 389 127 912 935 920 
 582 628 461 386 325 873 566 
 814 26 624 843 354 738 922 
 360 735 540 619 947 828 735 
 351 301 321 501 734 459 764 
 397 191 756 590 849 645 143 
 770 27 428 692 643 680 138 
 199 155 435 677 892 75 504 
 576 158 429 396 902 517 786 
 247 802 907 165 903 500 53 
 972 251 644 609 842 437 68 
 524 902 852 855 697 745 860 
 451 248 858 647 271 756 82 
 432 925 
 19 654 259 951 780 759 734 
 288 42 611 37 977 946 314 
 800 312 854 656 702 640 519 
 957 694 948 837 174 850 816 
 670 82 762 813 711 612 641 
 651 182 347 625 211 628 371 
 183 284 851 65 247 426 162 
 752 350 645 459 327 729 79 
 289 431 721 451 595 893 723 
 470 418 436 600 271 57 664 
 961 206 633 202 161 869 554 
 911 16 185 617 591 483 919 
 148 790 173 502 390 52 131 
 8 67 916 762 472 114 151 
 233 3 
 190 847 6 879 339 539 10 
 628 361 301 996 500 306 356 
 982 564 986 450 345 311 683 
 13 449 447 694 183 672 907 
 305 564 508 167 668 199 136 
 583 481 595 195 281 182 850 
 954 868 76 248 526 581 749 
 44 446 116 328 307 75 16 
 388 893 429 839 878 804 48 
 675 651 192 142 414 483 444 
 283 675 467 878 540 690 393 
 553 293 794 982 779 556 963 
 14 14 904 627 134 950 889 
 308 945 14 814 263 603 235 
 929 675 
 458 870 500 252 503 570 279 
 340 249 274 721 155 836 728 
 938 181 811 692 97 783 755 
 355 19 562 539 891 726 795 
 828 831 513 648 741 744 172 
 43 115 46 350 476 18 33 
 978 903 767 898 897 539 249 
 223 542 46 379 347 668 593 
 914 914 504 495 702 725 93 
 124 587 722 819 439 733 361 
 807 192 534 934 33 480 303 
 697 225 779 847 271 926 638 
 974 30 99 368 248 115 59 
 410 906 524 982 799 942 709 
 227 194 
 95 203 587 561 84 170 582 
 845 276 238 753 390 741 819 
 435 73 44 909 154 833 940 
 775 640 718 191 773 836 184 
 206 464 978 418 8 429 738 
 399 180 412 353 85 894 496 
 498 68 827 332 746 525 934 
 960 855 138 78 262 454 186 
 917 183 494 929 1 228 616 
 280 352 62 955 962 950 652 
 801 650 366 384 356 485 922 
 593 38 227 826 22 338 181 
 902 959 206 173 212 867 909 
 496 336 328 487 845 79 295 
 583 18 
 50 203 415 347 275 981 334 
 825 296 938 285 540 442 871 
 389 600 413 34 168 633 813 
 104 913 487 212 573 893 999 
 214 487 310 543 57 857 947 
 39 741 768 89 944 143 488 
 424 414 341 220 902 477 993 
 207 804 180 990 342 218 316 
 316 858 170 759 315 166 775 
 25 697 725 109 255 956 160 
 157 978 646 610 423 394 387 
 876 422 402 788 752 377 952 
 857 198 951 536 24 95 688 
 733 88 493 427 623 692 471 
 180 812 
 952 206 954 735 373 761 281 
 152 53 120 836 640 93 418 
 880 211 365 687 585 515 401 
 517 541 121 236 564 130 11 
 217 776 169 188 66 657 543 
 302 885 180 959 416 810 399 
 753 503 660 815 337 118 2 
 994 471 294 965 603 90 715 
 72 409 396 836 601 103 347 
 920 473 665 101 209 428 355 
 449 810 41 26 821 744 162 
 566 267 889 329 238 378 887 
 462 386 190 203 210 695 80 
 953 626 237 483 672 653 15 
 451 726 
 26963 23044 24782 27417 22857 24381 22392 
 25130 25709 23328 24506 23706 24242 22473 
 27507 24438 22935 24974 23454 22476 26163 
 24946 24144 27058 24617 24718 25925 24119 
 24903 22895