 100 30 0 
 929 590 683 694 819 716 587 
 794 686 845 827 693 872 651 
 667 792 650 951 917 588 915 
 630 521 952 911 960 564 1026 
 774 934 970 887 558 824 468 
 500 832 979 540 823 693 534 
 1030 860 706 962 702 588 489 
 615 888 660 998 735 677 595 
 816 673 576 777 1029 888 808 
 553 1073 971 543 650 937 828 
 465 885 774 924 617 971 956 
 983 846 920 991 643 558 793 
 759 590 508 676 620 580 590 
 818 882 1046 790 1066 1006 856 
 703 768 
 603 699 5 161 805 852 727 
 266 360 296 894 242 891 740 
 102 952 550 54 973 1 173 
 603 112 143 758 208 256 525 
 945 531 834 502 802 568 713 
 961 151 594 724 701 338 799 
 607 179 374 154 330 208 905 
 159 364 344 854 241 5 570 
 943 355 806 845 357 977 658 
 141 879 924 352 445 860 759 
 951 732 417 596 145 24 65 
 653 883 59 503 716 754 224 
 428 298 700 124 890 184 865 
 612 644 263 289 242 140 447 
 274 367 
 554 226 288 535 301 22 291 
 408 971 213 431 696 952 525 
 774 497 561 117 629 822 685 
 998 273 946 777 909 192 525 
 727 755 783 381 547 499 415 
 806 230 582 14 170 559 592 
 70 903 165 784 97 227 444 
 523 487 344 490 270 589 407 
 177 148 166 605 858 165 990 
 193 838 563 507 137 517 715 
 930 895 442 337 234 824 892 
 632 810 454 421 195 164 194 
 536 638 950 67 493 836 972 
 924 53 631 960 177 116 490 
 237 944 
 312 494 230 376 230 541 313 
 194 423 603 418 658 525 62 
 113 235 360 145 140 973 758 
 308 402 745 902 273 100 222 
 291 598 308 307 305 694 291 
 379 217 319 196 111 421 633 
 769 598 778 603 521 925 336 
 997 358 383 763 220 976 227 
 70 842 700 425 197 762 922 
 58 791 724 601 417 621 332 
 338 29 86 362 591 244 590 
 850 370 311 914 570 381 528 
 684 13 13 124 62 330 694 
 88 120 403 773 228 139 158 
 759 210 
 649 566 156 230 154 295 27 
 771 360 852 837 337 845 176 
 169 615 689 142 562 10 685 
 826 666 564 806 963 589 907 
 715 511 550 454 894 717 562 
 352 274 408 566 866 408 208 
 897 234 953 993 793 366 866 
 152 703 359 819 121 546 341 
 919 202 828 6 569 925 334 
 357 706 872 36 396 556 540 
 344 891 278 71 791 900 902 
 898 438 939 528 66 475 697 
 880 640 908 955 577 895 976 
 332 211 248 654 799 55 63 
 249 491 
 26 699 144 252 666 840 255 
 285 660 173 936 704 138 229 
 719 681 429 742 744 382 590 
 834 17 287 67 961 399 172 
 204 411 674 51 475 598 631 
 262 261 236 753 239 500 265 
 535 75 384 536 539 327 793 
 187 624 574 756 668 969 861 
 793 943 105 844 265 819 510 
 157 536 812 581 282 902 762 
 548 896 301 23 826 374 410 
 899 767 475 371 672 530 458 
 493 525 806 407 955 546 956 
 391 110 976 759 945 375 390 
 649 342 
 885 475 169 289 247 999 282 
 431 512 15 266 325 405 292 
 327 476 976 851 537 870 355 
 987 479 901 299 121 147 679 
 538 475 677 451 498 446 336 
 811 594 607 790 55 746 668 
 629 205 207 544 526 739 302 
 113 969 552 935 650 619 133 
 545 510 130 215 335 683 310 
 897 414 299 872 676 134 201 
 583 262 785 352 247 499 623 
 628 984 638 21 324 103 350 
 409 854 199 361 783 184 502 
 769 456 263 383 872 527 443 
 26 461 
 36 69 541 812 60 422 473 
 487 343 606 973 7 607 54 
 203 288 96 87 925 599 173 
 271 245 381 357 631 606 616 
 191 837 846 102 770 362 960 
 209 691 475 459 273 661 480 
 877 420 755 887 101 446 853 
 702 611 305 259 146 375 986 
 332 370 804 809 909 690 875 
 127 346 937 711 629 182 433 
 853 321 875 954 727 895 81 
 958 588 800 374 290 721 909 
 345 201 406 346 519 1000 449 
 339 409 65 690 424 612 816 
 315 760 
 566 464 30 686 425 59 668 
 494 425 187 953 382 197 539 
 369 356 888 453 880 812 820 
 906 892 606 643 507 59 473 
 790 890 476 34 793 823 399 
 554 981 835 27 954 315 279 
 284 656 625 843 777 799 30 
 861 70 863 517 175 366 218 
 716 111 86 114 569 285 473 
 90 201 782 168 163 128 651 
 942 987 200 257 628 69 570 
 991 817 828 677 474 279 573 
 193 296 982 526 187 293 834 
 546 782 225 235 10 421 630 
 200 419 
 987 115 731 50 983 626 602 
 39 784 177 475 852 580 891 
 76 604 737 692 734 92 303 
 486 400 27 332 870 570 921 
 701 742 232 512 445 697 594 
 341 792 977 14 501 20 296 
 149 647 20 960 989 214 107 
 419 28 683 307 906 607 708 
 659 86 165 622 514 743 656 
 532 534 40 845 501 675 687 
 471 518 172 877 583 805 427 
 850 346 785 873 702 80 346 
 52 319 80 100 43 62 126 
 659 786 808 199 157 590 717 
 442 146 
 368 915 846 284 906 615 171 
 590 691 744 738 62 602 700 
 596 571 923 512 171 541 69 
 1000 898 318 367 898 318 892 
 486 474 225 172 832 837 971 
 45 493 375 183 778 155 915 
 486 613 774 974 318 820 921 
 586 496 957 159 195 580 560 
 328 292 197 137 701 687 916 
 378 178 950 245 947 509 188 
 308 817 851 346 173 599 333 
 483 406 302 573 663 166 173 
 811 648 146 394 429 518 587 
 116 18 899 113 846 278 533 
 29 188 
 603 487 577 970 499 110 417 
 306 903 892 438 433 23 415 
 326 70 824 759 453 266 351 
 657 201 645 527 358 297 863 
 620 115 715 97 725 639 904 
 639 275 830 560 615 341 496 
 564 142 175 297 616 654 302 
 326 236 833 996 340 15 900 
 924 945 595 693 684 847 191 
 363 437 412 614 271 44 379 
 978 766 110 992 353 259 317 
 317 939 526 725 87 649 263 
 190 984 37 953 207 707 784 
 575 406 594 376 496 66 743 
 150 217 
 357 948 777 590 514 547 484 
 433 266 500 928 878 110 178 
 186 932 980 20 770 396 914 
 93 448 959 411 771 151 137 
 316 967 830 879 990 745 859 
 281 625 425 822 216 685 653 
 783 798 776 902 223 960 102 
 201 983 253 955 254 659 571 
 474 114 963 286 428 125 855 
 327 871 67 856 622 891 595 
 39 440 998 673 895 662 883 
 500 553 675 212 62 403 836 
 548 207 528 581 363 376 221 
 231 712 352 73 915 920 153 
 666 989 
 529 192 991 609 317 935 457 
 974 663 74 80 613 190 156 
 95 352 445 439 352 363 302 
 629 365 692 554 25 211 897 
 210 404 679 117 130 753 413 
 274 442 904 389 366 420 203 
 588 590 373 354 83 67 236 
 302 306 806 900 656 331 676 
 177 383 110 346 803 395 552 
 640 286 213 386 893 94 291 
 410 294 531 325 740 94 480 
 312 655 907 122 317 680 6 
 523 633 318 89 109 603 26 
 471 917 559 740 708 501 213 
 942 433 
 983 360 969 806 674 816 617 
 892 991 935 594 90 840 707 
 408 804 693 449 791 426 182 
 259 326 526 223 879 892 139 
 511 256 920 837 743 696 10 
 845 603 988 875 194 306 214 
 717 726 661 561 306 478 153 
 543 942 7 604 98 259 976 
 618 51 688 571 429 550 577 
 27 925 131 509 645 909 19 
 122 414 513 158 104 753 1 
 670 72 821 567 443 530 47 
 816 30 953 957 148 396 840 
 6 669 936 817 898 842 279 
 705 332 
 488 554 541 18 925 326 562 
 465 44 227 48 601 824 158 
 508 820 169 135 952 421 87 
 714 787 802 185 726 423 321 
 188 615 567 396 309 339 197 
 604 5 63 164 287 815 591 
 922 794 730 248 860 724 15 
 894 911 224 162 124 2 376 
 72 326 524 377 885 320 95 
 379 410 357 105 822 441 496 
 14 467 640 755 800 351 783 
 592 601 753 82 490 830 501 
 485 530 916 576 195 83 664 
 659 540 900 784 723 905 689 
 90 526 
 377 769 944 77 457 414 664 
 738 238 86 709 25 866 203 
 663 62 464 621 299 538 488 
 42 266 965 217 643 627 690 
 745 887 392 13 877 883 49 
 621 969 664 379 322 199 179 
 725 717 472 18 936 994 355 
 100 109 758 961 349 635 304 
 668 156 415 673 650 365 363 
 627 694 317 226 355 721 538 
 688 287 530 566 156 133 75 
 855 362 825 639 527 338 860 
 460 852 723 196 333 527 670 
 120 717 245 538 848 570 104 
 562 735 
 631 931 984 720 784 263 768 
 938 387 497 229 58 555 175 
 476 292 907 566 826 369 341 
 701 406 376 344 511 262 972 
 403 827 178 969 85 444 235 
 991 199 608 362 386 960 200 
 8 479 423 172 41 630 758 
 675 887 295 811 101 671 143 
 701 386 830 967 776 87 994 
 465 377 308 128 138 705 182 
 233 558 418 317 516 774 627 
 124 49 506 307 228 267 118 
 247 472 243 414 867 191 884 
 777 266 803 122 919 341 227 
 161 714 
 685 355 407 430 226 903 216 
 144 399 194 246 215 691 513 
 669 262 145 341 464 77 922 
 180 942 858 367 680 705 154 
 112 770 12 16 212 46 474 
 569 382 950 222 766 964 396 
 942 111 583 912 215 127 153 
 21 103 147 554 548 940 106 
 497 669 688 820 667 673 705 
 778 44 728 218 137 960 315 
 756 790 1 922 410 672 494 
 515 598 321 680 143 263 930 
 988 349 160 929 62 810 207 
 691 52 839 681 481 167 656 
 224 117 
 639 558 691 345 109 356 953 
 436 240 810 469 195 748 51 
 9 625 54 111 296 406 392 
 160 429 137 389 108 724 813 
 483 103 340 157 868 870 10 
 767 347 763 604 601 246 220 
 50 775 375 482 437 24 890 
 994 388 667 271 558 323 884 
 101 953 802 975 354 660 142 
 192 701 379 114 904 456 991 
 427 425 470 34 982 899 800 
 116 371 278 935 328 894 511 
 401 165 281 254 452 781 226 
 837 828 936 469 56 268 382 
 979 580 
 869 743 518 290 946 242 553 
 545 880 256 666 597 470 838 
 148 481 944 388 798 157 242 
 401 189 320 407 90 195 172 
 232 806 532 523 11 435 164 
 173 777 775 626 735 229 150 
 443 851 613 190 367 98 282 
 956 27 634 648 324 299 15 
 517 834 917 787 865 284 46 
 45 921 804 222 643 907 655 
 251 935 385 438 317 738 486 
 215 878 859 721 380 224 317 
 612 390 276 260 572 361 502 
 46 975 847 673 362 935 137 
 276 626 
 584 610 817 351 570 474 402 
 544 119 146 426 2 20 188 
 836 662 920 448 719 366 374 
 486 612 918 746 160 445 666 
 469 739 173 411 360 305 903 
 400 234 927 839 150 546 383 
 99 208 92 461 112 21 195 
 210 340 621 482 738 336 961 
 595 126 577 429 235 465 794 
 878 396 267 427 474 745 255 
 271 101 638 724 169 669 375 
 598 260 570 598 554 805 288 
 841 500 865 864 849 209 326 
 794 98 956 210 499 155 496 
 422 710 
 925 697 832 227 108 907 715 
 786 927 480 288 77 127 531 
 584 609 385 637 816 907 603 
 882 435 419 841 403 831 874 
 405 89 871 218 56 46 691 
 953 970 836 306 933 795 842 
 699 206 856 122 566 567 740 
 332 605 730 28 248 690 166 
 8 14 23 426 754 846 335 
 87 568 646 512 135 314 46 
 781 463 715 133 494 677 927 
 178 286 585 449 322 912 29 
 361 276 824 109 759 318 419 
 941 114 501 22 845 887 319 
 455 149 
 299 10 702 472 343 424 704 
 570 22 248 626 832 512 358 
 144 164 451 941 920 598 782 
 322 682 562 238 657 252 299 
 125 747 711 499 389 366 435 
 263 560 499 91 92 428 286 
 879 221 153 208 510 319 915 
 316 936 426 150 427 437 792 
 949 615 296 467 312 626 968 
 817 656 925 68 118 700 231 
 444 277 506 180 456 638 748 
 497 177 270 976 640 249 362 
 390 440 876 193 607 314 235 
 804 937 899 644 791 941 125 
 731 292 
 485 276 54 516 918 217 411 
 644 898 328 347 153 162 857 
 347 916 22 330 918 755 180 
 623 565 814 713 367 489 236 
 459 110 502 553 394 305 471 
 560 634 549 681 615 122 126 
 250 464 305 544 830 809 182 
 544 212 224 940 584 893 672 
 503 845 912 98 193 656 573 
 108 827 542 744 754 997 337 
 82 63 164 330 78 522 846 
 677 481 737 766 546 206 774 
 232 637 12 532 395 397 424 
 608 505 477 250 143 641 996 
 953 35 
 119 604 541 549 456 700 57 
 313 759 935 660 140 358 889 
 612 407 702 621 521 288 165 
 944 731 893 523 682 251 816 
 610 994 137 697 184 6 171 
 302 118 13 905 571 862 398 
 145 666 927 909 101 713 608 
 80 974 582 278 885 566 675 
 981 553 641 33 968 344 906 
 165 985 673 660 837 959 61 
 143 2 274 779 358 475 736 
 188 146 877 509 191 497 260 
 652 941 164 32 153 305 899 
 672 170 711 593 919 848 362 
 343 337 
 10 491 482 60 724 261 68 
 399 665 401 483 747 501 65 
 403 379 897 383 555 869 918 
 19 154 590 824 239 33 335 
 943 771 742 498 455 431 203 
 99 474 660 690 550 50 233 
 807 923 289 447 347 740 76 
 499 964 219 460 247 342 84 
 762 391 88 846 741 227 182 
 992 702 330 546 597 93 193 
 289 711 220 390 847 205 647 
 784 402 117 174 594 415 704 
 267 403 119 728 505 415 119 
 778 554 763 178 698 615 651 
 550 323 
 758 244 41 948 885 664 362 
 681 657 156 984 31 629 60 
 195 309 899 609 716 307 260 
 112 981 283 231 275 584 474 
 978 179 217 173 716 900 770 
 763 751 94 842 567 238 580 
 157 210 874 71 321 610 293 
 385 782 45 690 297 563 107 
 994 129 441 454 32 945 344 
 939 751 113 411 174 441 40 
 805 671 846 472 400 590 958 
 54 73 543 615 882 77 446 
 149 339 249 121 69 559 132 
 912 704 301 230 701 488 540 
 549 867 
 803 879 500 393 546 415 770 
 387 920 982 530 868 179 725 
 240 222 445 389 687 557 823 
 501 922 166 146 384 433 435 
 389 468 416 812 69 307 438 
 260 704 161 738 721 256 922 
 965 473 64 400 560 293 304 
 151 20 934 160 522 723 978 
 894 114 242 173 688 121 587 
 415 1000 498 164 394 226 631 
 425 992 383 183 450 374 727 
 102 205 90 448 578 889 974 
 521 358 327 850 13 961 209 
 75 992 356 823 597 971 718 
 718 506 
 159 376 295 575 403 95 553 
 107 622 885 454 487 980 710 
 734 916 952 682 405 31 949 
 648 453 197 677 501 460 719 
 118 15 635 899 319 653 228 
 56 646 306 873 408 351 45 
 772 99 228 370 722 127 343 
 566 46 441 608 748 519 346 
 263 747 249 883 497 220 716 
 774 595 117 447 994 359 783 
 203 532 281 206 199 517 512 
 398 518 568 117 248 146 512 
 349 319 519 532 503 222 591 
 938 84 950 25 620 713 592 
 361 924 
 246 206 670 401 852 466 422 
 311 1000 419 586 96 770 139 
 784 420 220 969 524 50 291 
 687 230 404 79 604 890 587 
 707 71 722 896 467 112 363 
 221 880 318 546 23 157 376 
 117 853 870 276 457 549 726 
 625 175 323 293 373 557 849 
 139 902 366 884 448 409 697 
 860 103 52 402 866 413 428 
 19 175 62 461 800 880 594 
 405 701 491 825 464 536 369 
 780 145 614 513 71 45 542 
 848 112 471 31 586 224 595 
 635 262 
 37649 38254 32252 40855 38929 36393 38402 
 37186 36543 38314 37352 41648 32775 40341 
 35618 37180 35958 34913 35879 36526 35552 
 37787 36526 36505 38711 34540 35294 37813 
 35516 34838 