46 1
-50 54 100 1 -20 91 51 -19 38 65 64 100 70 -50 -38 28 -8 69 87 76 77 25 29 80 66 12 -48 54 -18 80 -28 -42 75 69 11 -19 53 -8 28 39 -31 42 -19 81 21 -9
-18 53 12 61 100 -3 73 85 46 65 11 -32 62 -45 2 -33 -2 34 5 -21 78 -23 67 -19 60 -21 66 39 -50 55 29 60 -6 -16 2 50 -36 -32 100 97 97 21 -1 38 97 22
73 75 74 19 85 19 96 -25 25 -27 100 66 -2 63 29 1 -27 -1 73 50 -41 -38 76 43 56 -9 99 93 86 16 59 40 -1 49 99 -47 55 -2 55 59 19 68 59 16 77 5
97 -38 -39 -26 51 9 -3 44 58 85 -5 60 -38 77 16 58 48 -39 -43 60 -1 30 37 -50 -31 -13 81 66 63 -16 60 -10 20 61 -28 37 -33 32 41 61 97 28 -24 83 95 -5
39 8 -40 13 7 -31 46 -44 33 36 38 -7 -23 -10 17 -9 56 57 68 -27 33 -43 50 -15 42 26 -42 0 55 13 -44 3 17 -14 73 50 80 25 79 55 74 -15 82 59 -32 10
-27 26 -2 75 64 -38 -33 -15 -43 63 67 -41 12 92 -18 40 -17 -10 56 79 -21 63 70 47 -13 33 24 53 30 58 17 82 88 46 7 62 58 27 -43 69 7 89 39 59 77 22
-1 1 53 22 73 -1 -5 82 73 39 -44 12 87 4 -41 40 -7 29 69 8 -15 49 68 33 72 -12 1 -16 2 76 -15 43 65 3 -43 -50 31 -27 76 -36 13 -8 54 -35 99 18
16 61 57 54 -25 -43 52 98 -37 21 38 26 60 54 -14 15 67 -9 -20 92 60 -20 68 -46 40 -5 83 14 66 -3 40 80 93 -22 -9 30 -38 -1 59 35 -46 -45 -48 -45 68 49
-24 72 -25 -47 70 30 -19 95 82 2 47 89 76 32 -4 -43 53 -16 31 56 27 35 19 34 9 28 42 67 73 36 -6 -25 14 62 -40 40 -50 51 -25 60 -47 80 33 61 31 15
-48 88 90 -19 29 -5 -25 26 -44 -38 -28 73 84 50 99 -4 78 41 -7 -42 94 36 71 42 91 -3 48 -5 -37 58 -26 -23 -16 37 83 1 91 -10 -41 23 47 -17 22 -5 -20 -34
-27 74 46 72 7 42 -15 70 59 -1 48 -17 -2 42 84 47 26 26 -50 72 -21 92 92 65 -23 59 73 2 48 92 -19 -50 85 -42 86 30 26 -36 -43 -26 87 45 -10 79 -8 53
30 55 -14 37 23 76 98 -40 75 45 78 -24 23 74 -15 0 -42 -36 96 63 -35 -44 57 -45 -35 61 98 13 62 35 79 -1 30 83 61 63 45 -32 55 39 44 96 -38 34 -13 15
77 -22 91 -18 14 -38 -21 -35 81 0 -40 27 95 7 23 -10 19 81 95 -3 62 32 -23 73 59 89 71 -20 55 86 85 1 -4 -44 -16 53 -3 -27 46 -50 -6 -8 60 81 35 -46
95 94 -36 44 95 -48 26 26 -12 88 -29 97 19 79 92 50 -10 19 60 23 49 57 96 -42 62 38 -42 100 41 15 -10 -49 -16 50 26 -33 59 -3 -24 75 71 87 -38 -8 66 -19
-44 25 19 99 7 -17 -24 100 -16 25 38 82 87 -33 50 71 88 -39 98 8 68 62 60 12 -18 100 -24 65 -4 -20 53 94 5 39 -14 -21 22 75 -34 35 76 -48 39 43 70 69
38 3 48 39 13 100 -27 78 -2 15 -6 -34 -45 14 -15 -8 18 66 -5 87 41 41 -37 -9 71 4 26 -22 35 -22 -1 5 11 87 -21 -28 15 -6 -13 60 50 -49 60 0 -3 80
-21 -2 7 18 2 -32 39 86 47 -39 -13 -26 -44 80 59 62 53 20 72 47 60 30 87 -23 41 84 92 97 87 53 92 48 -22 -45 73 61 -26 93 -43 50 -6 -18 15 100 -40 -26
45 83 -17 -46 22 -14 -15 68 67 39 43 61 -1 -6 58 52 81 30 29 -29 14 28 -6 55 -2 96 6 70 10 94 54 62 27 58 34 -8 16 29 57 -42 -7 39 -24 -20 -34 -50
48 13 -5 100 -24 -34 89 -45 81 21 64 -2 -34 73 -32 81 9 29 19 71 10 43 9 20 32 -31 72 -20 88 35 67 45 -35 85 52 51 67 30 -15 61 74 -15 -22 31 61 59
45 -28 75 -34 36 39 69 69 29 59 43 -34 57 36 30 -15 -3 -39 52 -3 -1 26 39 96 54 12 58 14 -25 57 21 9 77 8 93 99 41 72 75 40 6 -25 -19 25 -45 44
42 -31 18 49 -5 53 -22 1 -41 -35 -19 -5 2 13 -20 47 -2 69 30 87 77 -40 -20 97 -29 17 9 -24 -39 -4 26 -25 14 24 40 96 66 3 100 63 -42 45 66 -23 22 60
-37 -40 34 12 -49 2 -3 95 98 -38 0 41 94 90 -9 5 -46 38 -33 -36 46 -10 10 93 31 -19 64 -17 13 -34 95 -36 10 -7 88 36 -35 -34 41 -48 19 72 -4 -8 -32 99
-36 99 -26 -5 -14 38 42 -36 -6 36 78 83 65 71 29 27 -4 -8 75 -21 6 93 -37 -25 84 71 16 -12 -18 90 -30 63 63 -31 59 71 -12 28 -12 31 33 -43 -24 69 54 -31
98 -26 12 86 85 85 23 12 100 -30 11 35 -19 62 66 5 30 41 -3 5 7 3 -10 65 39 -36 35 65 55 29 -21 -19 42 98 36 86 4 97 52 6 -27 -40 -2 40 26 27
-45 -26 21 -49 -25 -37 18 -38 37 43 65 41 8 55 -20 -21 -39 -34 6 88 74 27 69 94 20 28 0 97 90 41 60 49 4 95 57 -20 68 -17 9 95 -19 -14 92 66 47 32
56 68 -27 -9 76 46 -22 65 72 70 76 94 29 24 90 -20 -38 91 -46 85 31 22 -25 25 -42 -4 68 9 -11 -4 -33 -27 95 80 25 62 -32 31 -49 54 -29 10 78 15 28 73
-20 41 91 44 -16 -4 96 63 54 2 0 43 39 -43 39 -16 61 81 -25 89 88 -17 37 30 53 5 -37 4 60 72 13 -41 30 24 20 7 -6 25 45 88 14 6 39 0 28 64
32 -26 87 45 13 84 96 -14 39 -45 63 79 22 53 -48 99 -43 77 50 69 63 47 78 2 41 87 42 94 -14 -26 80 -28 67 87 1 19 3 99 54 -33 -24 91 -19 71 -23 -25
85 -28 -19 -32 47 -17 7 -40 -25 -26 -29 -22 -39 26 55 51 -49 64 89 91 -38 -50 -22 -13 -30 86 53 12 -48 72 29 28 -32 59 1 73 77 -22 9 70 46 31 67 72 -32 17
-2 93 73 -30 -12 11 -32 -35 23 19 56 27 27 32 -31 75 46 81 35 75 54 -35 43 18 79 93 51 -13 58 42 -17 -39 84 59 56 86 -12 -27 65 80 -38 99 8 -17 21 -10
31 31 70 71 99 -23 37 -37 51 25 -30 100 66 -28 19 -37 -32 -41 5 -44 14 -15 -41 41 88 36 12 63 14 -30 3 35 70 83 81 15 26 55 2 77 18 28 -6 96 44 -34
-7 -1 -4 -19 -16 -13 -17 94 57 85 -17 85 -32 46 -3 48 85 8 72 53 -6 25 50 2 -38 16 45 -21 71 -21 35 -7 47 27 -31 -49 -20 -13 -3 -49 30 5 -41 100 68 81
-45 -22 -37 25 -36 -3 -48 -42 44 70 -36 67 68 47 -9 -21 -2 84 -40 -1 63 93 -27 49 52 -45 33 3 -50 59 85 96 -49 50 -25 -11 68 3 11 -34 50 74 10 89 -30 19
60 49 15 -8 54 61 66 2 57 -39 39 11 76 93 85 99 50 53 -41 34 -28 -50 -18 14 92 -4 25 59 -27 86 -45 -33 24 60 75 47 -6 40 62 27 -29 25 -38 39 25 60
52 68 -3 -23 -45 8 -31 100 43 43 -38 60 -41 80 1 -5 8 -33 77 78 68 24 35 91 -29 30 4 46 43 -3 23 6 31 85 55 -8 27 29 -22 52 99 15 13 90 20 -39
24 82 70 -27 39 77 -35 88 -23 54 78 10 77 93 49 51 100 65 45 -42 14 29 -31 99 31 84 3 9 84 21 -48 25 -35 -29 67 -17 67 58 78 50 98 -34 -39 45 -38 87
-3 5 -29 -2 -6 46 63 68 6 -49 -23 97 83 -46 71 95 -2 2 90 29 -45 -44 21 69 85 96 -26 -46 73 82 18 1 -45 -10 34 -30 63 47 -47 9 80 -23 57 -5 50 -11
-45 -23 43 6 13 57 19 43 -25 56 -17 70 -18 65 69 -5 98 89 87 57 -5 98 56 39 45 22 -25 -10 -27 9 65 -32 56 93 -33 39 35 4 -45 -9 88 17 14 98 -35 -42
49 -3 7 77 8 5 70 39 57 14 -3 -45 3 -2 -42 83 -42 -41 -36 -41 13 45 78 89 -25 33 28 46 -3 7 100 72 42 -29 46 90 -36 26 -50 86 74 -41 -37 68 -19 4
-42 -14 -48 -31 -19 56 76 -43 20 -41 -15 27 -39 87 68 94 18 28 28 20 19 88 -45 85 -39 -9 -46 11 -18 30 33 86 36 -30 1 69 41 28 38 41 29 82 54 93 49 -40
-13 22 73 -18 -13 -24 -40 5 -36 9 51 -37 81 19 -34 50 -3 -14 10 56 82 -47 18 55 100 -48 -18 99 -31 39 6 95 -12 -9 22 67 44 57 10 48 1 -48 -6 31 -46 99
-6 18 3 6 60 89 -36 -17 90 -47 -46 25 90 55 37 84 -15 50 -36 84 98 21 44 -31 24 -34 99 15 -45 58 -40 3 -30 36 5 -27 -28 48 92 67 40 -33 -38 -42 67 88
-50 -7 52 93 36 -8 95 14 52 41 -7 -20 3 45 44 70 25 63 -15 42 54 98 48 36 100 -6 -46 20 87 90 98 55 56 80 84 9 40 -46 2 61 -27 7 -50 -2 -16 -4
7 -20 -47 -11 45 51 47 17 -27 58 41 -21 6 53 8 6 67 7 69 81 41 22 23 -27 58 7 72 -27 -30 85 -29 -6 -20 62 62 -29 6 12 38 22 18 42 43 39 6 89
33 38 20 -24 -20 79 75 -22 21 -7 9 58 -14 77 90 72 88 -27 -34 73 78 81 42 90 -19 67 -4 -44 -30 -35 -41 96 48 -47 48 59 62 32 -22 6 -17 100 -21 73 89 -30
-48 27 94 12 -16 -18 91 44 75 -40 70 12 -4 -46 21 -2 45 -3 19 2 77 90 25 12 43 12 0 -32 32 84 96 -2 61 34 72 62 -40 30 -48 94 66 -3 -31 79 86 86
39 8 30 33 6 39 37 19 24 34 19 29 22 39 9 21 36 40 9 32 21 8 4 47 44 10 40 22 29 32 12 11 24 21 39 50 22 32 33 21 43 42 6 32 5 15
222
