 500 30 0 
 745 715 484 706 523 663 942 
 845 596 605 756 631 1112 1015 
 630 561 616 590 448 950 783 
 605 630 660 708 822 929 826 
 956 748 836 600 666 859 589 
 671 686 568 1093 839 731 863 
 784 842 844 610 1109 737 912 
 462 851 530 786 1019 540 718 
 551 965 807 712 794 909 638 
 984 496 971 458 537 631 752 
 860 870 576 750 749 970 934 
 572 574 847 726 842 634 630 
 986 805 798 983 906 567 1053 
 1019 946 867 984 808 462 873 
 529 735 515 857 740 697 769 
 622 613 860 670 804 655 644 
 849 860 471 1038 865 908 1031 
 773 779 879 974 485 579 980 
 565 531 524 711 906 635 603 
 622 793 555 718 608 510 565 
 871 778 999 1015 657 997 662 
 650 931 686 1103 940 642 859 
 711 799 712 525 893 443 599 
 695 745 698 477 555 858 493 
 1098 929 536 645 997 912 413 
 404 933 798 566 555 988 754 
 686 650 905 847 679 716 890 
 902 756 622 585 740 734 958 
 694 797 955 484 823 628 932 
 1019 725 753 782 931 851 929 
 765 1013 789 938 742 607 750 
 635 1096 707 761 633 480 654 
 510 686 796 870 756 642 750 
 674 855 544 623 767 777 768 
 725 454 896 864 600 909 872 
 795 678 837 590 977 781 775 
 699 930 754 637 464 621 698 
 1041 842 531 704 591 927 603 
 691 646 695 594 467 701 810 
 538 818 735 720 570 515 706 
 473 745 626 763 635 933 860 
 995 531 631 666 773 583 579 
 858 628 763 695 518 782 729 
 666 922 896 528 699 833 972 
 814 877 830 995 977 833 875 
 1000 934 869 617 694 736 782 
 749 658 984 593 805 428 466 
 962 573 881 680 855 673 751 
 690 812 837 579 813 890 780 
 488 708 888 622 987 706 483 
 571 680 795 667 921 748 836 
 895 754 861 901 940 468 808 
 496 955 645 851 942 785 961 
 1017 649 589 825 597 765 870 
 1011 785 867 517 969 641 596 
 656 923 578 620 778 813 639 
 910 707 640 713 988 569 727 
 683 811 1017 484 909 536 1034 
 359 760 497 607 609 888 640 
 572 579 719 616 655 902 901 
 652 918 585 523 885 718 655 
 587 667 606 470 708 679 559 
 873 1005 509 967 863 801 975 
 1060 962 966 689 836 575 792 
 879 985 473 751 951 727 817 
 775 587 822 762 630 709 710 
 944 428 966 615 920 746 547 
 708 802 497 1060 816 727 822 
 668 923 784 531 594 635 512 
 703 583 970 726 762 602 688 
 528 584 567 974 638 712 752 
 860 487 839 
 341 608 951 349 719 618 912 
 406 86 279 790 785 935 910 
 843 848 79 60 279 700 618 
 10 375 195 657 581 947 72 
 39 691 274 93 794 946 366 
 177 618 689 295 33 971 732 
 160 271 338 416 955 438 121 
 250 838 625 898 183 586 655 
 774 891 767 935 779 259 610 
 619 111 897 49 470 127 131 
 932 116 149 346 140 294 862 
 299 104 259 447 664 996 917 
 674 188 376 392 181 720 969 
 395 244 48 274 308 36 845 
 368 21 975 1 1000 657 863 
 572 321 5 715 657 210 878 
 761 927 145 662 209 968 56 
 814 694 908 392 515 563 587 
 779 216 770 957 347 447 427 
 58 483 471 966 176 793 379 
 177 983 376 841 760 214 783 
 310 304 332 355 305 49 614 
 373 718 631 339 516 143 967 
 881 345 722 122 926 780 277 
 843 478 674 522 368 175 50 
 898 523 486 828 595 133 719 
 345 225 671 550 280 22 256 
 401 758 97 437 658 915 415 
 236 934 172 308 263 278 812 
 360 409 296 330 82 122 486 
 1 918 874 577 745 142 743 
 445 745 33 710 572 657 294 
 979 39 408 222 249 809 587 
 5 217 2 624 719 563 115 
 422 330 85 46 517 503 846 
 915 156 136 296 811 895 488 
 945 285 548 693 313 97 442 
 895 250 680 64 782 385 783 
 950 477 398 496 487 624 324 
 479 625 166 137 981 594 494 
 893 478 354 484 378 907 809 
 768 848 919 359 850 861 842 
 525 568 135 79 198 643 250 
 5 957 621 744 648 301 619 
 675 422 651 482 243 529 780 
 403 568 438 534 662 214 146 
 767 791 316 527 535 731 59 
 898 503 585 367 148 519 489 
 935 738 16 630 228 750 566 
 571 283 361 323 62 147 815 
 395 262 733 737 540 318 382 
 368 777 615 902 30 34 959 
 230 293 366 836 179 180 812 
 327 565 718 764 512 102 160 
 632 565 747 909 713 202 644 
 900 580 855 899 165 345 76 
 631 54 455 621 925 743 945 
 550 979 959 919 966 365 941 
 244 963 779 894 386 144 144 
 457 456 552 643 628 751 954 
 316 349 680 642 670 791 693 
 947 150 971 746 191 223 146 
 369 858 76 435 655 626 314 
 314 995 391 651 898 472 666 
 651 232 719 990 615 824 406 
 353 595 692 173 209 832 383 
 207 831 560 758 923 213 450 
 689 525 646 395 724 665 490 
 650 73 720 566 738 809 106 
 469 854 127 954 993 742 682 
 815 271 812 254 576 982 21 
 433 373 62 
 383 55 30 376 935 445 564 
 217 367 221 577 789 970 470 
 105 718 160 193 477 18 64 
 475 571 821 696 790 55 203 
 165 294 7 564 236 588 225 
 446 764 116 662 475 561 287 
 995 847 794 648 635 192 501 
 894 934 163 503 103 656 443 
 398 135 954 192 402 547 144 
 937 47 208 279 393 404 162 
 653 994 833 845 877 693 418 
 22 345 173 149 503 703 374 
 229 149 783 544 973 65 929 
 924 668 416 297 59 90 540 
 8 569 134 254 497 93 621 
 874 472 789 202 360 451 835 
 681 996 806 801 25 909 159 
 894 709 294 590 350 49 910 
 314 99 780 607 107 462 82 
 153 188 755 671 52 908 576 
 731 447 129 643 280 444 611 
 342 204 304 257 852 38 931 
 351 400 323 588 2 122 766 
 370 689 608 137 634 676 486 
 262 459 961 702 739 83 586 
 957 433 623 904 635 228 269 
 813 137 160 258 581 440 488 
 258 202 14 606 652 674 983 
 641 25 481 220 282 576 518 
 559 724 386 527 730 166 246 
 347 994 483 989 827 831 884 
 490 991 120 234 353 482 792 
 398 981 165 539 556 439 317 
 415 459 50 652 746 565 31 
 919 272 879 888 716 777 112 
 967 794 604 553 708 174 758 
 936 249 210 64 5 54 683 
 204 137 771 462 421 289 697 
 242 609 366 167 996 488 506 
 830 437 17 411 27 707 721 
 351 464 370 723 659 177 481 
 262 203 198 788 185 256 934 
 157 719 109 270 121 467 920 
 804 484 874 825 983 44 722 
 364 242 358 806 302 172 699 
 287 921 385 655 482 768 446 
 992 828 777 927 441 846 862 
 385 697 847 241 198 607 54 
 915 964 490 181 947 700 266 
 844 198 954 392 234 932 138 
 590 340 84 462 686 756 253 
 535 315 928 259 129 794 23 
 731 388 623 708 928 251 606 
 120 289 111 680 177 208 562 
 866 556 123 787 940 116 840 
 308 375 336 154 21 347 758 
 87 454 883 242 317 502 50 
 179 88 799 569 708 973 134 
 184 206 35 683 880 757 78 
 701 554 914 795 522 442 610 
 410 505 297 184 503 249 13 
 727 775 917 136 869 459 654 
 739 929 271 278 785 227 455 
 174 308 549 605 263 848 965 
 781 272 920 896 940 356 492 
 878 436 337 184 911 178 793 
 163 769 410 336 52 902 679 
 306 828 360 316 753 204 852 
 968 177 965 327 702 357 721 
 955 513 494 989 944 655 406 
 203 971 444 840 137 535 843 
 766 627 29 
 381 295 81 621 306 151 736 
 562 816 164 314 647 534 817 
 637 292 191 157 572 773 231 
 618 599 57 23 325 635 110 
 808 263 465 917 714 343 879 
 313 185 654 418 855 556 264 
 566 468 558 253 571 385 192 
 68 360 119 76 226 940 298 
 514 293 656 800 353 548 142 
 918 4 866 824 406 482 790 
 480 810 284 532 123 392 892 
 41 612 155 650 264 898 861 
 406 728 513 798 205 810 537 
 803 132 812 185 823 269 759 
 473 155 100 719 194 557 248 
 808 951 145 730 651 424 338 
 927 340 529 471 46 715 415 
 637 608 492 342 376 874 343 
 467 706 444 774 189 479 247 
 771 18 126 689 485 210 48 
 567 726 86 38 839 669 631 
 476 818 484 926 871 924 506 
 95 904 380 134 740 77 457 
 912 290 588 435 671 54 63 
 533 738 862 782 740 71 327 
 407 888 877 538 838 692 498 
 437 532 39 36 155 593 217 
 344 939 658 621 492 433 120 
 785 853 215 422 862 295 593 
 385 119 200 451 573 500 676 
 851 803 403 854 221 628 531 
 587 611 780 865 534 41 447 
 239 315 698 237 183 380 900 
 933 515 133 892 954 186 489 
 945 336 553 560 201 517 528 
 583 198 143 431 678 46 393 
 36 895 510 885 302 36 964 
 993 127 717 550 298 716 84 
 206 481 724 481 178 775 153 
 276 717 410 481 118 400 37 
 228 614 542 720 819 860 849 
 389 492 327 376 38 184 800 
 21 502 681 227 784 550 821 
 656 862 180 323 422 791 347 
 215 594 506 245 328 18 977 
 873 604 724 515 117 945 645 
 573 378 226 659 585 201 547 
 658 834 337 941 663 124 582 
 776 310 78 480 291 11 845 
 449 597 762 959 860 89 184 
 540 206 947 462 693 614 198 
 32 89 796 904 562 131 378 
 548 781 974 684 446 876 196 
 857 268 306 88 536 353 39 
 362 977 577 639 908 1000 548 
 337 902 706 114 55 566 197 
 802 370 413 569 483 995 529 
 472 191 1 326 583 618 582 
 557 369 606 57 320 952 140 
 121 178 587 178 78 865 438 
 64 799 392 221 440 835 678 
 630 353 920 96 904 322 189 
 383 656 814 576 986 790 51 
 343 465 801 995 599 791 263 
 31 814 741 722 439 737 590 
 731 779 492 726 640 142 341 
 785 382 839 423 541 901 934 
 263 919 381 841 441 695 667 
 588 208 602 68 683 920 723 
 830 7 971 833 265 161 661 
 782 577 602 745 893 816 198 
 775 241 501 
 132 948 390 167 814 680 400 
 288 745 717 349 18 700 628 
 731 626 536 80 136 870 156 
 679 174 704 93 716 596 327 
 775 798 419 2 327 638 701 
 453 268 939 773 991 361 829 
 877 104 803 883 716 798 171 
 270 701 570 787 202 422 412 
 48 543 181 12 939 899 274 
 539 583 510 108 981 418 882 
 197 999 636 417 917 528 705 
 485 895 161 822 149 302 829 
 998 668 77 223 201 449 585 
 709 977 735 503 840 500 906 
 749 472 704 727 393 594 74 
 520 379 233 269 713 980 893 
 11 29 132 390 189 304 188 
 943 826 523 624 467 97 745 
 66 992 983 805 102 622 254 
 703 505 182 788 810 984 138 
 351 167 411 761 329 856 798 
 671 216 883 835 45 338 788 
 993 542 731 690 722 213 774 
 117 831 639 885 364 245 996 
 960 664 868 141 191 1000 427 
 124 904 739 949 366 624 432 
 825 826 690 205 269 238 767 
 577 656 6 923 690 946 403 
 100 741 52 397 776 90 582 
 112 790 147 765 704 473 960 
 721 845 643 292 999 940 368 
 365 444 763 246 734 388 306 
 85 237 333 306 626 491 399 
 567 331 30 256 901 298 793 
 424 579 74 734 57 754 195 
 129 693 868 6 797 317 69 
 967 42 397 338 452 173 297 
 484 113 749 253 587 490 599 
 199 330 557 209 902 655 821 
 142 551 182 424 87 739 986 
 466 428 409 851 114 628 196 
 455 57 314 21 976 665 436 
 80 593 187 538 70 432 166 
 683 957 962 897 504 208 961 
 160 861 768 494 759 586 48 
 15 95 173 793 599 466 645 
 267 640 304 559 606 849 200 
 529 171 519 341 288 77 893 
 790 698 151 364 388 235 605 
 952 426 304 513 976 238 676 
 692 843 89 550 744 235 816 
 607 591 443 608 188 687 807 
 291 416 320 896 829 382 610 
 709 621 474 641 744 852 13 
 894 821 631 386 196 315 941 
 116 511 800 831 155 525 127 
 563 994 449 793 910 706 700 
 315 412 540 466 989 218 393 
 997 918 958 778 996 920 979 
 870 338 271 806 527 270 817 
 279 795 390 173 57 899 634 
 179 16 118 265 318 13 859 
 247 172 67 897 57 810 270 
 598 670 79 745 945 877 327 
 308 440 606 276 472 904 970 
 516 386 952 602 645 184 397 
 793 969 639 196 360 970 208 
 601 469 651 622 177 714 84 
 777 282 143 691 144 910 983 
 843 176 177 547 150 151 673 
 57 617 838 70 858 620 906 
 37 326 70 
 138 209 376 731 150 316 273 
 229 915 33 189 163 313 161 
 744 692 616 791 127 962 558 
 212 350 726 699 681 765 751 
 502 809 313 906 807 210 955 
 233 596 519 907 483 920 903 
 338 671 422 51 882 512 705 
 777 519 895 585 659 714 812 
 101 96 81 970 884 870 368 
 581 321 107 341 932 473 689 
 519 863 774 147 404 199 850 
 137 501 127 42 184 490 791 
 351 734 29 995 374 728 639 
 709 419 212 652 479 543 493 
 472 430 438 898 198 287 383 
 806 468 395 346 381 352 178 
 683 307 377 312 977 628 518 
 66 765 475 535 759 938 995 
 509 191 721 440 778 453 146 
 155 839 188 106 703 106 194 
 199 142 68 743 140 530 708 
 484 189 630 590 99 746 88 
 825 506 187 781 626 519 96 
 106 187 322 861 331 60 742 
 991 214 693 430 770 949 393 
 343 846 22 811 153 21 499 
 996 68 941 336 900 693 910 
 599 572 773 594 901 429 486 
 383 3 283 565 775 732 334 
 757 490 33 487 546 688 967 
 509 832 344 91 370 999 735 
 234 345 655 225 579 563 475 
 297 553 422 679 889 914 117 
 785 416 969 861 961 863 723 
 389 360 9 867 659 321 566 
 503 758 122 126 655 543 857 
 558 552 695 119 44 805 655 
 302 90 440 281 202 796 884 
 674 648 233 818 484 1000 844 
 477 76 316 471 462 321 110 
 108 950 607 588 99 751 943 
 178 827 954 575 347 1 894 
 376 663 250 525 132 555 712 
 519 339 196 910 634 610 337 
 844 329 98 148 896 560 913 
 726 954 576 932 101 326 614 
 431 862 248 756 882 922 802 
 957 628 243 325 657 867 115 
 616 661 371 265 611 935 778 
 394 322 940 869 48 227 825 
 629 310 446 116 199 559 991 
 137 158 778 932 259 817 398 
 791 768 860 204 363 731 503 
 337 702 976 161 217 979 562 
 378 155 860 4 419 206 546 
 642 119 206 996 621 981 470 
 41 832 84 301 278 789 62 
 817 934 502 576 388 420 853 
 695 961 377 987 73 5 639 
 249 566 701 137 392 694 931 
 801 888 239 680 519 859 845 
 824 418 55 488 353 336 950 
 260 841 837 598 475 250 254 
 790 618 615 650 95 446 611 
 958 350 693 990 316 324 932 
 134 912 308 780 199 987 839 
 643 651 36 601 187 248 170 
 177 174 844 729 564 708 433 
 519 783 618 32 430 53 379 
 462 991 246 475 2 987 932 
 296 250 298 812 839 528 415 
 234 255 753 
 865 729 647 551 914 220 1 
 963 13 415 451 804 666 821 
 513 21 346 840 629 426 665 
 35 834 929 965 815 803 545 
 83 710 86 323 516 252 399 
 387 610 455 950 532 669 338 
 497 670 3 757 655 234 739 
 226 337 527 624 935 97 12 
 982 855 144 700 566 376 641 
 824 250 986 742 575 71 980 
 974 134 861 222 187 656 696 
 749 557 724 835 691 121 402 
 930 275 751 635 876 109 118 
 506 850 661 303 174 499 267 
 708 85 243 595 55 816 503 
 211 66 761 921 238 306 13 
 139 923 451 889 637 708 794 
 525 712 151 324 451 374 783 
 257 191 71 904 136 860 221 
 581 138 754 650 849 326 192 
 614 215 951 907 922 547 607 
 37 723 444 650 540 696 728 
 11 231 499 206 183 513 543 
 569 51 819 629 305 198 947 
 590 314 38 903 863 153 36 
 648 832 586 55 638 620 243 
 313 127 806 982 843 518 39 
 249 561 141 561 637 589 92 
 707 384 708 525 987 19 155 
 820 445 147 136 994 589 233 
 369 924 678 344 269 557 856 
 529 827 496 36 712 294 436 
 151 116 533 317 687 521 404 
 206 809 942 277 313 127 774 
 860 370 682 79 773 407 243 
 843 502 1000 200 82 852 21 
 681 948 855 812 568 719 780 
 343 490 901 518 72 865 66 
 348 260 61 161 8 24 206 
 652 837 271 41 853 494 678 
 334 288 990 461 622 628 979 
 118 981 253 106 459 723 795 
 313 25 498 8 495 519 391 
 988 948 796 96 649 79 979 
 330 502 755 944 752 731 121 
 160 963 441 132 722 556 767 
 934 767 682 260 782 330 892 
 248 423 920 949 184 775 422 
 290 397 828 669 213 4 62 
 511 792 396 308 438 264 90 
 272 656 839 172 338 508 887 
 831 717 148 303 272 19 504 
 719 533 850 926 636 161 827 
 988 323 58 918 681 396 667 
 496 822 6 367 927 776 372 
 316 731 434 779 668 101 925 
 291 666 284 55 214 65 796 
 996 212 605 237 327 442 213 
 92 583 510 95 740 586 124 
 81 51 762 845 448 180 41 
 484 180 255 6 25 182 866 
 565 793 831 502 608 244 95 
 794 752 812 735 384 241 453 
 168 746 976 10 56 698 958 
 482 752 163 33 356 558 691 
 327 207 507 989 538 344 964 
 816 402 722 97 882 837 360 
 744 90 503 850 7 328 450 
 976 435 348 763 809 811 505 
 90 666 779 720 648 615 498 
 596 686 675 618 154 74 248 
 315 300 136 
 470 607 1 345 395 435 486 
 206 558 146 283 939 732 377 
 142 868 142 138 383 857 97 
 409 440 161 747 497 427 215 
 958 316 193 407 214 12 174 
 799 90 908 798 189 981 670 
 277 373 385 603 729 999 968 
 180 752 202 339 899 689 395 
 510 320 508 707 826 836 120 
 923 888 664 929 25 542 52 
 254 16 619 966 371 240 586 
 576 195 859 249 536 395 755 
 566 558 158 27 374 591 605 
 92 133 780 987 396 173 50 
 81 310 127 424 958 349 378 
 851 100 150 614 17 187 31 
 312 86 375 715 611 914 776 
 675 898 903 117 972 768 988 
 344 515 740 979 479 1000 597 
 218 896 757 545 156 33 997 
 126 349 467 845 404 263 557 
 108 609 359 583 930 866 95 
 709 841 922 698 391 478 717 
 506 699 566 473 561 234 88 
 97 497 466 807 616 628 369 
 68 1000 283 764 853 768 455 
 34 591 983 560 613 485 555 
 553 978 694 616 776 580 71 
 649 982 948 398 1000 275 727 
 962 350 615 949 211 721 680 
 853 157 600 231 467 972 943 
 705 484 118 771 358 759 779 
 477 412 763 941 23 944 200 
 951 144 209 639 671 967 165 
 841 68 416 241 176 126 458 
 585 95 823 596 259 547 245 
 979 859 110 861 957 894 312 
 190 634 544 260 291 872 500 
 523 38 107 143 555 565 390 
 299 117 222 996 812 249 177 
 245 965 522 498 354 200 985 
 507 471 183 394 428 290 581 
 49 866 448 203 498 224 786 
 972 787 911 634 744 787 734 
 480 681 903 971 650 655 624 
 101 215 924 750 31 587 558 
 602 157 640 720 598 171 592 
 623 878 515 324 317 579 290 
 60 480 563 543 941 56 450 
 419 260 874 566 638 652 511 
 886 720 329 84 96 170 402 
 96 589 608 480 847 309 24 
 114 473 81 863 36 730 85 
 423 251 39 89 946 209 21 
 92 53 593 610 520 606 177 
 608 996 156 370 477 347 624 
 745 52 863 991 387 673 630 
 228 922 734 24 207 122 832 
 974 720 91 977 210 114 36 
 732 893 928 67 763 221 161 
 639 264 547 106 938 125 950 
 15 375 780 905 266 695 285 
 13 855 339 339 599 117 953 
 477 655 949 55 630 125 136 
 88 500 188 522 913 96 507 
 920 67 578 936 290 990 362 
 235 297 90 422 484 687 453 
 95 876 721 763 738 196 814 
 256 919 520 420 551 19 808 
 7 897 710 196 904 828 404 
 453 63 608 852 828 385 995 
 810 828 79 
 392 341 294 396 177 63 328 
 21 393 384 725 486 992 841 
 490 440 205 545 694 876 373 
 146 399 246 982 385 540 570 
 290 56 6 71 620 715 293 
 678 843 237 116 545 450 744 
 501 708 563 502 442 5 687 
 442 496 162 543 901 932 342 
 935 498 338 331 239 393 938 
 759 209 492 657 615 330 899 
 48 652 553 351 255 207 945 
 89 832 477 334 408 443 995 
 632 548 709 681 827 662 839 
 198 867 764 575 599 768 646 
 281 231 125 169 948 500 367 
 494 581 79 736 474 627 994 
 138 84 255 656 858 984 417 
 949 394 214 3 602 348 201 
 134 407 975 553 14 989 708 
 256 599 75 861 628 877 933 
 690 850 524 819 235 580 603 
 863 428 192 705 196 140 193 
 741 254 316 521 791 358 120 
 757 512 867 711 615 818 719 
 610 378 727 47 550 120 483 
 504 297 643 200 81 935 636 
 789 828 178 807 542 76 858 
 556 290 454 490 204 847 815 
 222 23 917 370 494 231 61 
 446 748 812 495 264 533 183 
 942 214 961 869 77 847 386 
 897 542 195 983 456 334 53 
 517 3 738 995 322 271 703 
 858 465 916 221 666 405 703 
 513 141 758 512 605 446 780 
 459 544 75 22 239 524 482 
 921 392 196 413 170 972 250 
 541 706 704 17 72 780 24 
 663 915 327 353 57 533 628 
 111 76 169 351 757 663 233 
 645 775 385 786 594 81 340 
 308 487 254 630 103 598 217 
 195 492 533 316 493 912 548 
 873 838 666 335 931 427 214 
 554 435 97 633 120 620 901 
 932 841 29 261 948 814 2 
 471 767 838 954 837 262 126 
 487 925 587 19 927 138 658 
 143 484 540 927 29 414 384 
 411 381 747 263 486 494 756 
 488 827 102 232 245 598 26 
 148 38 46 566 865 592 611 
 148 428 962 454 389 523 477 
 627 32 933 714 599 974 374 
 776 457 769 637 508 106 839 
 126 72 172 147 46 159 172 
 630 483 469 632 263 607 817 
 358 248 200 183 610 580 248 
 79 517 209 813 856 597 410 
 992 379 465 354 38 719 737 
 711 913 591 560 700 4 949 
 505 917 248 237 267 200 834 
 482 379 608 168 505 149 8 
 847 335 634 10 534 347 785 
 45 720 299 821 848 332 919 
 186 698 261 768 64 116 385 
 23 435 29 609 541 952 740 
 53 206 303 595 892 156 40 
 688 918 228 696 618 627 339 
 392 909 440 63 690 918 21 
 613 651 22 135 934 711 895 
 950 713 15 
 56 509 734 379 264 765 680 
 495 484 889 800 263 848 80 
 249 930 471 852 903 536 426 
 452 214 51 786 100 532 71 
 959 144 461 537 324 235 835 
 672 616 986 842 887 590 510 
 637 606 119 869 779 355 492 
 809 582 779 357 355 249 25 
 713 967 639 314 755 415 131 
 927 537 941 51 1000 628 705 
 996 384 190 558 276 204 815 
 885 633 563 694 494 509 69 
 224 2 510 843 329 209 575 
 602 589 388 945 103 70 123 
 423 377 275 244 907 58 925 
 896 52 667 465 486 325 962 
 947 715 356 948 769 64 438 
 218 620 313 389 454 908 87 
 544 194 290 829 486 341 141 
 859 386 796 585 940 30 658 
 595 896 549 167 349 529 58 
 786 650 77 49 374 952 552 
 929 214 161 7 911 768 24 
 124 273 90 115 205 495 624 
 956 587 74 969 879 811 113 
 4 148 7 280 541 290 50 
 79 208 991 285 539 353 634 
 740 911 441 245 624 384 114 
 691 339 803 612 205 357 240 
 751 756 793 243 576 582 78 
 950 303 185 390 71 894 481 
 121 290 937 457 583 824 501 
 922 264 611 795 903 251 134 
 506 261 713 919 750 507 103 
 969 122 581 381 795 214 903 
 138 986 49 460 451 824 157 
 61 231 41 980 176 228 777 
 878 86 336 583 328 202 975 
 928 300 714 871 276 467 223 
 413 736 83 85 805 664 800 
 122 219 970 260 718 549 835 
 654 350 485 739 932 952 152 
 968 776 566 247 418 99 803 
 928 27 572 350 149 29 774 
 977 767 825 485 809 690 363 
 623 468 336 126 739 476 90 
 313 115 981 427 678 56 343 
 651 503 433 500 507 663 675 
 953 421 353 511 597 569 836 
 647 395 607 897 215 495 257 
 946 963 274 580 114 716 493 
 58 756 585 983 88 556 719 
 375 776 808 225 481 774 957 
 878 32 459 409 574 903 35 
 429 130 984 679 974 494 920 
 578 255 383 649 108 656 291 
 86 16 220 966 299 533 966 
 646 68 607 817 51 979 547 
 442 297 814 589 382 521 262 
 370 771 11 511 725 575 820 
 144 505 179 775 242 210 397 
 236 985 748 520 339 308 337 
 173 334 436 420 405 58 758 
 902 141 668 888 267 544 404 
 134 676 716 395 746 418 4 
 147 197 927 256 26 679 93 
 199 446 480 395 296 87 709 
 987 723 72 897 157 354 211 
 337 705 79 303 797 943 44 
 763 831 879 460 264 685 511 
 693 120 471 335 146 320 88 
 534 187 566 
 940 171 627 762 6 323 469 
 614 310 725 877 782 428 751 
 728 478 543 86 523 886 596 
 552 868 662 520 715 155 289 
 788 521 341 619 579 753 535 
 833 853 151 125 237 424 230 
 253 423 947 411 127 683 171 
 946 281 588 42 964 740 692 
 58 103 128 424 693 676 824 
 149 913 687 740 662 894 177 
 299 728 528 829 701 787 195 
 20 170 345 234 456 701 620 
 821 443 229 538 157 310 849 
 239 369 872 889 958 535 325 
 885 367 273 26 390 167 845 
 761 294 875 931 689 745 330 
 628 91 400 973 422 468 289 
 192 890 542 752 757 610 229 
 827 205 875 722 792 813 823 
 33 136 154 671 434 56 197 
 675 851 307 92 553 488 106 
 847 790 304 366 933 240 943 
 379 746 823 722 956 641 135 
 334 630 840 831 623 695 185 
 70 961 587 474 99 953 505 
 377 49 385 194 185 556 998 
 405 707 422 521 922 877 944 
 39 557 75 426 250 215 728 
 41 3 331 115 251 318 134 
 938 563 227 19 127 693 990 
 689 677 40 918 149 513 566 
 990 455 872 62 957 478 748 
 324 493 242 502 349 165 734 
 626 188 184 361 493 883 226 
 561 344 899 678 958 681 786 
 449 72 710 32 227 160 889 
 719 267 758 186 317 791 56 
 695 179 654 158 756 931 103 
 510 555 100 750 338 82 157 
 689 787 839 491 758 907 788 
 322 514 406 66 149 81 239 
 278 662 202 113 286 804 262 
 52 139 367 92 3 748 405 
 685 287 830 26 504 70 765 
 73 566 121 57 942 298 904 
 49 39 528 254 808 453 19 
 516 226 487 868 199 69 457 
 798 377 208 446 402 376 132 
 138 930 120 748 910 608 744 
 190 539 428 247 927 997 520 
 406 848 92 940 715 443 716 
 600 344 596 463 37 47 511 
 95 122 604 892 662 16 824 
 357 297 708 769 452 529 688 
 675 765 623 752 789 367 818 
 524 107 609 131 675 495 430 
 722 794 310 440 377 551 164 
 374 140 905 487 366 987 171 
 220 233 400 260 540 369 438 
 240 532 691 407 804 671 139 
 60 556 923 876 411 453 342 
 829 538 713 583 434 886 981 
 829 528 186 621 616 518 248 
 498 377 524 881 17 490 204 
 12 212 29 355 591 492 398 
 598 241 565 735 180 284 415 
 583 752 819 957 146 571 255 
 232 742 347 706 922 531 990 
 615 666 784 652 319 810 454 
 623 661 818 717 84 300 386 
 656 975 470 17 450 672 163 
 553 381 199 
 315 199 110 192 244 219 298 
 735 762 20 798 442 90 368 
 329 521 501 350 411 718 677 
 37 226 204 944 128 897 362 
 215 48 895 92 869 263 799 
 813 872 710 317 471 362 534 
 180 502 388 54 687 831 959 
 225 270 404 834 805 373 301 
 474 676 739 45 341 730 623 
 674 181 187 850 98 973 417 
 109 886 677 608 841 655 117 
 203 672 83 875 131 887 246 
 773 914 208 440 517 139 753 
 379 983 520 686 577 132 48 
 335 527 700 535 610 643 357 
 499 190 319 22 551 612 11 
 778 770 46 404 333 525 724 
 774 752 15 443 307 652 201 
 316 408 128 944 54 940 811 
 118 331 616 577 479 363 269 
 149 3 642 864 114 401 330 
 862 426 126 25 664 779 584 
 880 668 164 798 625 753 963 
 291 606 769 372 926 505 188 
 897 835 63 872 84 399 83 
 330 789 293 588 499 268 980 
 862 980 886 677 865 359 176 
 966 604 939 884 984 552 573 
 750 119 404 950 101 943 955 
 321 18 209 135 609 698 272 
 628 789 148 911 868 803 353 
 679 694 405 414 993 662 501 
 131 775 19 970 153 795 483 
 704 661 660 735 241 215 76 
 109 573 353 482 825 27 960 
 984 787 189 844 989 695 188 
 144 408 783 953 560 665 328 
 702 629 679 79 760 506 697 
 594 6 243 341 198 374 259 
 314 516 404 602 894 778 402 
 784 791 459 685 237 66 366 
 549 556 973 599 643 994 437 
 640 640 715 14 989 425 511 
 982 778 604 374 713 69 938 
 345 506 115 218 980 590 539 
 233 637 64 460 755 885 500 
 448 951 441 132 29 70 127 
 588 640 362 961 375 32 135 
 580 405 115 467 533 83 715 
 620 464 137 287 222 824 361 
 457 777 773 669 754 452 929 
 765 456 291 737 251 762 42 
 379 831 97 743 212 673 15 
 264 279 594 613 570 956 273 
 318 477 118 86 932 32 435 
 616 894 24 794 968 542 984 
 222 314 68 47 388 830 917 
 484 294 346 161 354 69 870 
 487 3 169 853 977 342 680 
 302 271 680 471 566 276 444 
 140 307 26 107 255 409 70 
 322 916 485 156 853 538 739 
 209 959 697 447 666 831 661 
 749 871 825 973 242 575 89 
 706 991 267 776 679 520 290 
 61 429 953 8 634 196 379 
 53 628 881 17 542 824 258 
 494 54 709 290 154 874 990 
 997 1 759 372 418 450 36 
 748 660 743 831 686 487 377 
 617 881 298 961 729 487 177 
 598 345 589 
 688 882 506 503 527 276 888 
 796 360 915 917 615 809 519 
 247 681 706 279 793 638 701 
 434 666 550 600 614 719 160 
 508 450 761 254 227 116 223 
 283 604 642 778 261 510 417 
 258 346 534 791 827 181 440 
 601 199 477 727 659 418 953 
 317 123 904 45 337 860 967 
 107 188 99 284 170 906 28 
 439 528 432 642 870 143 705 
 177 201 56 97 579 954 507 
 446 372 403 65 737 671 348 
 288 657 828 171 868 490 208 
 419 653 39 299 800 333 413 
 127 720 485 123 373 57 636 
 746 792 610 776 888 910 410 
 152 685 682 691 775 74 979 
 773 313 52 914 234 802 997 
 334 749 539 117 807 425 132 
 506 860 346 144 228 910 830 
 539 615 929 962 373 359 141 
 988 371 958 416 508 577 941 
 161 985 362 67 261 973 68 
 976 323 480 284 568 902 518 
 396 760 845 159 30 802 635 
 609 479 961 271 176 612 595 
 796 73 158 218 526 506 285 
 153 65 121 734 262 946 495 
 884 940 546 514 800 325 373 
 557 992 617 719 168 279 834 
 161 71 82 195 94 428 375 
 92 753 347 803 383 978 409 
 178 855 884 492 854 942 160 
 313 123 283 440 95 840 381 
 954 719 14 322 370 368 805 
 958 303 796 443 772 753 101 
 588 574 551 13 633 868 210 
 839 320 350 129 921 495 762 
 923 958 504 404 903 302 210 
 913 323 412 549 2 430 666 
 636 841 838 311 288 228 584 
 140 457 324 468 90 924 628 
 620 771 98 731 104 978 886 
 688 907 756 756 96 379 891 
 522 369 571 254 352 651 25 
 634 295 75 198 495 603 247 
 600 371 512 465 354 399 550 
 996 430 403 99 384 96 417 
 437 733 531 908 212 857 71 
 576 353 698 193 606 209 762 
 296 46 615 37 953 226 141 
 700 66 532 985 671 750 824 
 1000 636 382 655 323 226 242 
 448 547 652 825 375 989 710 
 158 643 142 161 799 24 933 
 399 36 81 380 629 580 931 
 204 171 616 714 651 277 227 
 796 151 46 608 375 663 161 
 514 427 437 792 673 272 646 
 529 714 158 517 803 531 6 
 235 540 201 851 64 752 674 
 192 861 57 882 201 713 737 
 358 433 743 481 137 470 2 
 887 122 206 248 880 298 671 
 759 635 518 650 227 106 553 
 582 547 742 814 259 414 954 
 377 493 161 452 459 245 877 
 162 711 574 346 171 56 500 
 990 152 590 821 339 510 780 
 612 84 453 579 906 230 542 
 788 563 70 
 863 64 561 774 109 208 316 
 431 446 267 236 726 500 963 
 859 582 968 718 126 601 188 
 965 69 742 703 935 104 817 
 87 515 864 29 904 7 21 
 890 238 140 797 447 28 158 
 519 222 962 732 867 786 408 
 291 835 177 430 426 381 417 
 359 366 719 300 689 620 801 
 539 117 664 289 740 134 655 
 721 475 756 518 217 578 22 
 650 988 264 9 468 227 362 
 138 378 252 997 917 935 560 
 335 428 821 663 520 998 432 
 740 612 237 858 232 45 470 
 270 384 594 678 173 565 193 
 457 266 79 742 754 278 33 
 114 25 418 931 402 992 81 
 618 868 732 337 783 457 756 
 949 890 427 698 116 340 662 
 4 462 823 494 202 876 431 
 796 485 677 957 143 92 680 
 167 340 142 454 713 758 726 
 114 858 285 737 135 598 566 
 657 80 671 301 447 541 402 
 525 75 883 50 827 219 64 
 136 670 909 369 333 583 404 
 468 877 504 540 588 364 462 
 302 952 677 918 482 667 687 
 393 688 137 517 391 132 350 
 41 37 308 862 329 22 723 
 684 525 922 684 515 918 233 
 726 367 502 950 106 409 559 
 683 69 236 732 873 549 842 
 570 172 885 893 164 680 249 
 360 409 966 241 73 567 740 
 957 692 523 512 220 73 432 
 67 181 145 323 733 698 627 
 416 340 392 953 70 924 535 
 681 515 373 841 84 896 784 
 388 73 82 551 199 727 797 
 119 951 652 881 262 327 969 
 930 988 105 769 841 684 879 
 933 644 447 200 898 149 861 
 652 893 189 730 245 699 423 
 921 299 283 188 340 302 64 
 538 39 721 392 452 40 19 
 838 607 687 52 647 98 981 
 226 278 923 710 394 113 801 
 269 581 824 205 316 911 192 
 24 905 809 52 123 31 537 
 22 376 457 783 97 116 727 
 951 590 817 510 876 112 421 
 81 547 240 660 842 923 567 
 310 790 765 919 816 52 232 
 912 851 460 97 940 535 87 
 269 522 190 770 990 499 368 
 994 406 701 722 30 199 867 
 805 863 415 833 344 457 660 
 632 885 230 19 493 435 679 
 488 858 945 681 733 482 526 
 377 659 205 896 136 225 903 
 707 669 743 593 925 29 193 
 845 483 859 4 129 270 631 
 307 659 155 864 638 422 197 
 41 887 288 475 4 444 476 
 497 850 195 126 752 238 874 
 346 820 172 81 75 97 61 
 206 380 53 119 454 824 947 
 15 548 915 69 870 435 573 
 958 396 747 249 843 22 870 
 25 192 569 
 128 295 170 172 592 852 352 
 791 816 57 263 606 974 191 
 618 563 288 550 446 919 466 
 56 391 959 967 627 253 518 
 25 344 932 622 113 472 838 
 349 461 447 912 601 156 695 
 279 676 602 741 633 462 236 
 714 563 614 59 937 686 158 
 881 883 696 176 356 308 604 
 644 741 75 265 767 808 525 
 707 635 385 766 891 193 530 
 12 791 327 607 956 602 121 
 446 969 250 585 31 920 252 
 350 248 765 103 549 765 475 
 538 466 513 693 391 165 967 
 911 4 693 103 324 854 62 
 153 230 92 353 83 687 292 
 655 571 347 648 294 307 505 
 590 304 240 741 395 694 376 
 416 189 55 742 170 402 456 
 888 780 844 2 3 888 441 
 431 883 716 980 682 956 403 
 261 313 831 179 721 540 293 
 44 913 443 118 173 516 993 
 783 750 516 274 908 268 817 
 5 819 217 704 217 908 392 
 281 801 946 32 43 152 267 
 216 647 179 895 253 127 680 
 681 228 821 794 304 795 123 
 610 877 229 326 821 571 441 
 50 248 216 137 892 972 677 
 43 897 297 591 530 90 267 
 315 178 875 351 467 398 584 
 404 827 313 951 210 427 654 
 651 564 602 649 63 876 550 
 161 540 50 54 180 72 677 
 395 657 191 446 898 723 182 
 607 795 514 780 54 407 553 
 536 720 412 784 640 168 256 
 864 438 357 806 456 683 485 
 51 122 928 732 496 612 433 
 714 293 263 952 111 442 497 
 347 639 709 91 597 606 378 
 178 333 930 485 46 752 691 
 873 565 807 548 486 949 8 
 646 932 963 718 432 987 342 
 664 969 870 978 555 113 931 
 974 734 234 323 181 337 506 
 82 21 461 390 557 280 897 
 174 14 374 970 275 897 63 
 55 784 540 601 752 27 1 
 446 636 786 651 650 893 254 
 401 688 220 145 373 850 436 
 638 892 482 200 820 59 580 
 347 986 38 351 876 850 584 
 687 757 110 442 636 87 100 
 211 736 432 984 755 75 584 
 453 760 927 358 131 61 67 
 229 839 654 847 790 357 227 
 980 412 998 824 577 570 786 
 489 373 668 317 29 248 360 
 257 450 343 523 631 250 347 
 395 772 240 945 224 709 133 
 696 129 475 257 421 160 28 
 730 486 29 64 430 728 403 
 62 129 136 260 649 772 972 
 166 7 619 911 754 979 757 
 887 224 199 906 743 773 868 
 607 234 344 260 688 958 319 
 694 169 557 275 87 69 986 
 134 408 931 760 136 965 252 
 746 829 839 
 933 138 999 741 220 307 546 
 807 212 692 219 678 81 546 
 735 173 603 269 373 432 250 
 318 396 295 822 526 786 16 
 67 221 121 719 238 732 578 
 55 627 108 151 774 466 387 
 538 322 901 898 222 437 851 
 591 441 801 145 51 38 812 
 565 635 500 34 362 335 17 
 661 602 557 260 525 983 803 
 173 991 680 230 549 128 677 
 365 908 934 417 732 790 722 
 761 809 469 903 200 473 694 
 482 200 257 315 983 408 444 
 835 359 753 679 307 659 159 
 381 299 88 775 163 729 320 
 797 219 230 315 482 81 977 
 258 992 280 743 416 717 554 
 160 214 497 617 128 589 936 
 192 435 955 589 785 565 321 
 637 749 36 994 639 901 62 
 596 692 291 194 772 587 239 
 824 251 658 962 344 323 859 
 245 459 143 372 735 11 29 
 652 473 619 309 774 906 62 
 30 584 337 625 101 920 30 
 703 853 163 390 841 765 69 
 922 306 556 248 583 875 541 
 205 100 675 10 179 726 764 
 354 770 658 686 315 422 711 
 981 566 229 58 666 116 47 
 558 729 556 304 738 831 370 
 798 208 225 127 419 478 645 
 234 762 375 34 890 281 895 
 134 872 939 688 459 14 987 
 767 656 619 487 814 153 890 
 554 648 118 429 871 639 853 
 372 70 533 551 549 377 268 
 26 939 500 438 580 775 838 
 251 418 831 402 254 364 233 
 492 319 577 781 547 63 481 
 909 283 557 598 110 751 258 
 442 244 457 342 767 118 226 
 281 240 767 744 401 947 760 
 754 247 124 965 452 248 656 
 446 387 20 646 658 768 817 
 797 995 661 116 173 116 424 
 780 615 636 562 47 284 871 
 503 921 166 136 395 177 385 
 337 985 562 151 158 715 33 
 686 572 752 131 354 45 304 
 972 785 176 88 319 891 595 
 222 65 222 784 189 452 691 
 193 982 340 10 611 394 4 
 710 779 473 478 88 219 417 
 228 364 634 256 857 198 639 
 248 246 179 156 918 62 751 
 483 256 577 401 681 242 737 
 208 492 207 638 620 534 983 
 434 917 911 797 155 956 732 
 397 972 444 1 857 866 94 
 375 736 167 910 614 154 969 
 905 17 511 1000 603 964 336 
 545 58 775 564 77 957 703 
 451 209 522 665 984 148 202 
 662 857 266 981 596 302 211 
 852 338 483 619 611 209 893 
 463 163 916 454 356 768 910 
 912 824 567 325 860 469 950 
 122 504 689 33 301 346 855 
 216 827 847 123 145 791 601 
 231 654 858 
 332 96 39 282 151 952 526 
 475 28 490 220 552 654 872 
 391 615 357 996 376 576 410 
 824 902 900 139 302 4 317 
 486 598 203 154 613 35 496 
 671 173 68 299 134 214 756 
 340 831 995 297 262 784 943 
 940 320 349 523 381 944 239 
 554 780 991 4 872 831 922 
 650 822 583 141 203 791 921 
 856 838 848 5 159 356 658 
 248 242 93 38 258 297 462 
 917 287 206 627 468 294 312 
 916 417 987 738 26 353 980 
 768 438 662 814 228 205 681 
 790 860 61 411 478 973 902 
 187 925 923 961 974 85 351 
 978 170 211 55 557 465 513 
 308 786 437 331 47 215 664 
 532 177 138 929 62 204 91 
 942 523 428 859 772 478 157 
 944 535 872 772 259 946 300 
 957 479 582 338 88 26 379 
 212 994 816 599 714 725 972 
 489 709 366 335 163 470 10 
 276 19 460 608 641 897 527 
 893 333 694 32 634 906 489 
 173 262 201 553 62 811 496 
 258 480 928 565 255 484 404 
 351 907 191 685 289 455 511 
 764 333 43 947 865 890 846 
 512 814 37 131 818 45 129 
 641 25 504 487 49 39 340 
 435 733 842 484 516 461 110 
 918 625 449 976 992 740 645 
 115 642 208 440 779 872 586 
 139 554 149 753 162 109 569 
 764 908 846 7 160 962 408 
 190 342 569 437 669 374 367 
 367 310 558 831 495 133 929 
 821 273 297 703 601 749 16 
 304 940 563 776 281 923 678 
 241 442 590 205 452 389 127 
 393 393 983 259 827 843 459 
 186 640 53 587 406 603 761 
 286 293 785 652 912 103 731 
 611 428 639 94 620 346 33 
 426 844 657 791 524 579 259 
 636 436 602 627 445 118 840 
 7 914 777 279 205 680 65 
 258 295 155 124 907 879 54 
 903 214 761 852 662 358 354 
 370 390 979 68 922 674 9 
 686 335 48 199 141 905 505 
 980 310 912 842 370 767 137 
 726 375 744 322 768 127 933 
 373 210 332 736 359 101 841 
 168 541 959 601 4 506 566 
 98 302 779 366 176 423 135 
 86 947 766 392 386 608 880 
 587 601 193 471 230 460 212 
 963 478 324 140 680 525 104 
 793 389 62 360 768 624 937 
 405 290 345 876 621 518 557 
 104 120 614 352 679 99 506 
 575 198 279 167 938 135 969 
 653 13 443 327 882 696 793 
 672 938 140 689 768 860 852 
 888 750 107 765 529 878 745 
 966 351 277 195 805 285 697 
 636 79 658 36 419 5 5 
 548 44 919 
 949 523 600 938 581 303 67 
 697 377 97 465 372 995 478 
 1000 739 580 400 883 81 644 
 610 780 473 367 773 671 785 
 389 549 103 865 464 187 9 
 233 300 25 746 606 473 839 
 377 187 135 744 28 199 29 
 819 923 147 193 851 103 487 
 503 749 977 377 451 821 762 
 13 964 792 150 835 70 118 
 607 284 526 167 123 914 420 
 59 588 314 282 135 467 642 
 230 955 989 699 225 780 633 
 861 509 18 606 820 529 712 
 39 911 420 631 707 179 810 
 826 782 81 626 279 554 796 
 147 499 395 728 282 322 237 
 123 917 537 662 213 564 892 
 331 255 693 878 723 989 716 
 851 285 178 820 575 395 808 
 601 429 748 333 889 616 618 
 532 557 289 224 288 187 172 
 889 233 81 203 816 492 913 
 231 443 652 168 163 695 451 
 205 495 498 343 801 165 570 
 588 922 204 545 165 727 592 
 509 467 28 390 633 81 667 
 808 286 148 102 806 775 382 
 519 422 631 69 835 681 194 
 758 682 78 302 435 656 306 
 80 173 377 134 766 602 886 
 446 712 45 466 267 77 888 
 859 112 486 249 353 581 509 
 152 40 549 780 252 77 928 
 638 489 650 208 390 690 858 
 523 545 686 971 381 972 700 
 462 771 708 278 8 751 378 
 919 558 831 555 491 67 764 
 888 851 353 107 155 109 688 
 518 444 142 594 696 46 615 
 106 786 221 288 712 216 812 
 935 294 571 280 182 863 460 
 639 160 620 542 806 474 254 
 480 4 865 243 629 634 151 
 849 828 583 565 107 502 837 
 103 806 595 133 379 147 507 
 755 888 66 229 281 901 859 
 649 925 96 524 7 826 763 
 473 716 687 862 191 496 114 
 152 711 688 154 571 178 907 
 830 178 225 975 857 779 505 
 530 651 972 865 408 830 55 
 748 351 533 629 764 739 60 
 548 260 675 247 736 876 56 
 540 242 867 481 176 572 102 
 480 443 656 123 154 259 835 
 940 384 904 45 884 344 220 
 653 651 979 937 839 769 741 
 168 421 716 103 629 190 913 
 116 91 545 45 541 865 983 
 169 597 265 699 310 699 261 
 123 126 451 400 613 894 196 
 69 496 37 7 243 751 334 
 804 779 917 733 245 607 56 
 307 999 434 512 961 755 479 
 749 654 561 43 938 809 607 
 161 419 709 237 402 799 616 
 721 489 13 986 760 151 752 
 45 235 635 811 297 405 31 
 891 125 390 51 607 108 121 
 890 496 805 845 239 264 697 
 734 213 460 
 738 225 729 473 688 818 864 
 848 875 86 272 721 880 703 
 264 592 660 267 86 410 497 
 923 940 630 291 900 17 548 
 753 104 209 15 100 106 740 
 905 305 611 839 251 86 735 
 189 905 375 782 4 447 798 
 252 727 38 331 992 359 68 
 817 677 760 647 853 778 660 
 592 540 809 410 223 995 322 
 724 834 614 53 476 997 22 
 154 156 648 683 377 839 43 
 812 136 43 826 937 711 612 
 681 269 741 567 910 204 721 
 507 153 304 152 431 61 932 
 777 563 603 285 42 584 979 
 227 608 630 257 363 713 690 
 352 346 474 828 978 657 296 
 961 587 539 855 678 633 231 
 388 903 292 886 114 298 541 
 316 758 415 583 415 84 420 
 184 328 405 954 150 740 607 
 81 610 897 763 604 294 65 
 469 452 269 465 798 813 711 
 94 369 179 833 956 399 346 
 198 301 338 944 608 740 372 
 292 548 191 918 387 89 790 
 479 286 830 142 379 236 718 
 684 7 97 326 779 317 276 
 784 731 76 265 686 15 309 
 819 520 621 861 887 538 540 
 845 713 438 127 332 527 589 
 435 407 856 309 954 350 722 
 808 469 366 613 138 627 222 
 859 201 292 866 773 122 149 
 905 188 168 1 535 68 891 
 316 297 417 553 679 244 478 
 880 329 252 385 119 764 861 
 792 383 851 284 778 557 637 
 283 949 357 955 782 675 845 
 328 761 412 423 293 62 466 
 836 682 744 686 248 19 920 
 46 346 569 546 59 680 228 
 494 467 164 392 536 68 144 
 127 95 556 107 112 237 816 
 985 914 404 522 372 92 931 
 641 669 456 346 160 704 394 
 332 311 771 876 405 641 20 
 207 696 802 613 673 762 534 
 313 481 75 233 971 188 882 
 395 226 325 997 456 911 526 
 75 752 235 289 299 91 768 
 765 584 970 950 105 307 166 
 170 825 415 882 414 172 322 
 495 51 882 72 155 519 173 
 303 816 950 39 899 270 801 
 141 159 752 65 390 384 159 
 907 110 546 57 129 736 542 
 63 259 455 658 81 338 148 
 871 906 33 965 609 596 506 
 489 697 729 932 142 98 134 
 29 399 709 712 969 86 756 
 19 312 781 417 343 753 980 
 700 585 689 898 191 482 609 
 868 610 10 274 366 365 874 
 978 325 161 116 4 128 245 
 324 41 274 986 707 56 24 
 789 479 926 394 463 476 166 
 428 495 745 215 354 634 922 
 160 309 584 481 116 24 102 
 764 774 137 466 492 851 144 
 379 962 601 
 681 268 730 403 953 132 413 
 810 27 263 288 875 503 714 
 846 43 415 585 54 650 649 
 537 252 170 675 164 440 23 
 546 783 664 467 729 710 614 
 401 754 594 858 173 133 296 
 502 277 396 745 868 546 234 
 617 360 245 447 552 172 698 
 909 610 191 773 399 215 181 
 615 294 289 916 262 659 834 
 460 15 180 177 509 933 255 
 96 29 271 8 15 968 155 
 202 102 693 68 463 932 962 
 140 927 91 456 283 730 200 
 684 155 910 539 979 304 519 
 275 922 178 306 998 712 24 
 896 363 637 461 538 841 935 
 42 185 507 305 62 659 994 
 546 615 540 416 694 376 514 
 797 822 984 190 973 160 14 
 684 388 951 359 50 30 928 
 907 920 57 826 50 611 494 
 963 298 497 676 458 805 988 
 236 521 45 87 633 510 279 
 690 975 365 960 989 833 656 
 802 310 936 665 293 579 974 
 477 270 430 606 481 199 579 
 290 242 484 722 969 469 641 
 549 703 979 317 970 2 178 
 735 733 837 851 90 668 551 
 400 10 890 217 113 84 552 
 106 131 247 952 691 431 260 
 615 713 108 774 893 597 508 
 738 901 94 807 45 429 537 
 209 704 341 134 948 580 232 
 578 374 389 115 43 984 744 
 432 831 372 949 226 116 268 
 107 949 78 26 925 581 305 
 115 560 964 773 818 866 768 
 722 158 114 818 16 475 521 
 638 480 306 124 675 903 55 
 646 339 377 278 200 87 303 
 109 704 26 478 839 242 994 
 551 342 473 773 373 606 83 
 473 891 817 328 402 34 694 
 409 874 195 353 889 122 944 
 729 436 514 602 444 409 706 
 770 139 641 551 978 860 701 
 172 463 899 553 790 268 144 
 98 837 871 943 217 595 466 
 322 188 503 586 247 793 743 
 471 368 50 782 824 206 207 
 203 395 333 934 469 919 374 
 947 200 842 384 863 833 946 
 875 522 944 340 57 33 794 
 622 413 141 892 805 329 449 
 639 133 265 442 590 548 601 
 764 89 149 167 280 743 942 
 272 167 733 993 347 893 96 
 146 375 654 836 621 846 410 
 387 436 423 800 812 211 268 
 747 425 45 384 527 447 418 
 141 161 459 135 497 458 801 
 764 175 26 300 843 436 260 
 316 702 192 886 418 597 393 
 877 61 818 430 578 491 965 
 513 302 343 238 426 327 764 
 854 90 696 525 100 974 441 
 874 96 512 268 450 305 60 
 754 91 919 328 593 603 569 
 1 287 412 788 4 379 337 
 671 411 104 
 611 930 732 352 313 856 89 
 786 212 432 290 836 838 887 
 90 719 742 507 731 372 804 
 328 186 50 580 859 219 253 
 373 568 219 413 559 667 983 
 804 798 136 896 765 776 316 
 107 565 304 688 953 915 849 
 560 987 150 258 512 764 635 
 532 529 396 931 387 326 536 
 534 936 234 283 475 531 669 
 266 978 104 915 874 335 129 
 730 50 535 429 215 592 303 
 12 552 701 938 802 479 192 
 863 4 363 475 339 446 734 
 951 228 288 895 336 849 36 
 493 920 234 512 360 509 131 
 35 543 690 647 34 201 534 
 447 536 92 606 775 999 647 
 251 60 329 672 956 137 229 
 341 970 930 482 19 989 558 
 877 935 793 615 362 248 304 
 814 748 994 758 241 949 921 
 56 301 676 697 274 289 898 
 487 146 552 42 551 831 364 
 964 860 633 579 568 834 327 
 259 642 971 339 340 34 251 
 903 530 561 149 67 119 187 
 49 214 210 303 252 712 498 
 568 854 80 121 536 321 587 
 313 617 286 31 391 644 520 
 579 273 461 309 759 345 964 
 432 50 582 445 560 775 599 
 234 742 31 511 565 129 373 
 64 560 337 468 519 281 237 
 857 235 742 101 223 101 516 
 823 382 309 591 523 827 555 
 48 333 390 360 218 365 359 
 336 787 40 862 880 771 781 
 771 399 270 719 252 374 386 
 325 48 591 679 2 790 712 
 177 877 799 876 286 793 291 
 453 391 698 527 459 673 572 
 498 850 906 692 874 128 682 
 547 929 682 95 501 246 185 
 350 534 797 592 530 351 550 
 58 134 379 670 733 890 485 
 88 577 816 421 962 383 843 
 742 495 393 604 321 863 462 
 693 575 656 602 617 193 483 
 190 762 504 775 429 256 84 
 518 650 226 405 634 130 566 
 906 429 477 232 308 74 92 
 581 658 527 73 76 659 463 
 1 25 309 658 803 593 225 
 51 453 541 219 789 242 678 
 538 708 766 429 827 108 493 
 560 398 93 327 307 261 657 
 469 444 32 267 519 805 690 
 392 317 279 409 834 410 563 
 808 1000 143 672 596 199 877 
 596 305 471 616 619 722 982 
 715 704 315 253 496 374 678 
 780 37 645 231 790 981 917 
 816 995 716 52 500 634 111 
 864 997 411 63 251 11 486 
 388 41 859 518 545 147 91 
 274 291 209 910 593 409 921 
 845 451 403 674 607 752 834 
 263 422 433 732 820 554 760 
 667 962 98 848 250 530 86 
 356 151 932 645 785 655 901 
 511 715 700 
 465 762 704 551 22 414 198 
 670 300 23 942 484 342 253 
 541 11 825 805 822 930 863 
 317 337 310 811 514 506 210 
 170 202 497 950 30 697 677 
 217 505 964 848 871 795 534 
 128 136 604 478 931 622 17 
 157 632 284 583 400 877 6 
 224 626 492 173 344 798 941 
 712 358 216 993 553 508 689 
 324 292 533 436 64 352 856 
 547 753 771 777 961 765 296 
 146 350 271 967 68 852 992 
 888 592 820 924 744 579 367 
 6 839 717 190 899 535 752 
 832 14 388 881 951 713 708 
 729 41 510 5 240 583 769 
 665 694 152 822 523 848 723 
 977 247 44 286 633 947 126 
 466 188 406 382 770 274 860 
 304 808 393 887 417 78 579 
 581 929 684 425 780 606 503 
 757 606 426 827 506 469 330 
 126 221 804 102 685 992 459 
 806 155 403 208 587 406 257 
 278 145 695 555 783 582 636 
 711 968 300 200 374 25 637 
 157 264 561 163 591 216 236 
 781 184 455 988 97 675 690 
 1000 964 737 651 287 370 141 
 911 731 638 128 212 861 192 
 555 977 260 706 137 955 189 
 497 632 259 426 139 931 369 
 962 549 265 222 628 42 426 
 797 835 771 143 223 904 841 
 479 696 835 155 433 365 919 
 87 589 322 528 202 521 22 
 381 457 365 173 861 844 413 
 817 148 733 497 567 514 179 
 750 259 840 775 178 507 705 
 747 946 908 666 846 276 598 
 890 376 851 904 471 854 22 
 420 910 420 696 785 367 485 
 677 947 196 653 561 586 737 
 96 880 636 569 986 61 395 
 292 886 587 823 402 35 461 
 106 654 753 447 774 3 103 
 937 238 295 355 94 103 962 
 470 424 501 620 533 641 492 
 194 575 226 957 951 415 388 
 685 98 649 976 556 787 189 
 975 850 85 477 208 786 227 
 701 509 12 866 295 740 99 
 570 348 454 59 859 907 210 
 912 385 945 407 519 824 380 
 571 213 15 959 487 73 4 
 276 974 995 586 725 385 65 
 941 17 229 669 865 415 479 
 504 54 828 332 149 164 828 
 539 309 798 610 975 534 608 
 472 654 283 888 926 643 2 
 158 930 587 71 194 747 857 
 67 306 909 275 340 9 876 
 161 516 518 721 616 617 50 
 645 699 471 967 441 156 967 
 72 841 710 438 781 124 914 
 414 611 981 147 645 821 78 
 802 495 165 41 584 892 969 
 119 639 185 53 708 271 239 
 316 881 538 958 870 591 687 
 896 960 724 263 893 151 975 
 704 482 930 
 243 956 8 706 237 505 654 
 163 822 471 870 487 784 540 
 88 471 184 512 272 801 967 
 407 304 488 680 769 958 518 
 906 82 691 281 563 35 569 
 25 368 149 209 877 470 449 
 407 545 239 370 991 376 742 
 492 501 897 682 717 781 819 
 554 200 630 855 100 689 880 
 114 733 268 975 488 256 756 
 695 943 239 308 182 625 435 
 175 423 567 323 993 420 629 
 902 249 481 466 673 493 120 
 820 647 716 688 493 291 521 
 909 744 879 117 510 322 682 
 417 457 104 883 158 422 172 
 232 764 150 751 485 421 817 
 69 973 983 514 275 786 371 
 716 610 77 362 233 577 739 
 40 86 564 350 847 376 102 
 319 300 221 679 844 656 458 
 685 510 734 472 92 230 711 
 245 62 749 183 900 249 1 
 989 620 51 726 886 585 814 
 171 302 197 179 935 139 852 
 167 911 218 993 601 977 406 
 84 895 221 812 929 763 152 
 928 599 321 352 773 925 742 
 952 334 429 111 377 191 821 
 175 844 995 74 846 649 404 
 51 641 574 276 862 126 865 
 663 757 404 372 468 206 28 
 651 247 886 361 447 312 307 
 785 736 786 571 601 844 203 
 680 979 954 334 808 462 445 
 897 510 97 850 735 874 287 
 400 149 681 1 793 886 349 
 670 468 534 170 827 160 829 
 342 251 961 955 957 493 491 
 294 783 624 959 908 691 176 
 472 972 232 157 756 171 408 
 159 746 23 810 636 960 797 
 467 517 562 163 445 820 906 
 388 459 606 459 743 913 968 
 867 966 638 626 331 719 734 
 734 112 445 802 552 15 468 
 879 434 786 383 910 31 461 
 329 72 51 311 261 1000 428 
 201 535 782 308 681 278 311 
 769 331 184 861 482 596 508 
 80 586 942 661 578 754 34 
 659 475 136 681 809 297 898 
 801 815 124 896 600 926 85 
 437 65 605 933 51 985 814 
 277 305 256 375 185 494 945 
 441 43 723 248 10 633 962 
 118 947 302 751 382 377 409 
 75 837 644 399 819 371 186 
 225 514 572 153 222 155 133 
 614 790 637 511 584 292 212 
 357 835 353 227 509 790 456 
 284 824 756 693 851 937 514 
 180 734 712 885 171 556 516 
 217 351 120 418 346 135 733 
 200 803 987 70 815 391 402 
 477 892 786 702 839 46 847 
 313 241 229 64 531 597 47 
 279 786 939 473 888 969 104 
 527 474 652 791 644 905 904 
 354 464 645 510 150 613 16 
 401 41 424 98 100 85 648 
 989 669 642 
 632 32 815 477 243 747 491 
 915 564 919 340 251 11 939 
 237 398 367 422 435 279 623 
 799 793 955 790 670 919 583 
 898 849 226 236 339 822 266 
 883 395 12 214 104 554 920 
 928 609 846 584 752 979 277 
 25 201 721 410 784 998 387 
 897 578 130 63 59 445 178 
 563 32 883 411 462 872 603 
 314 505 511 501 640 721 460 
 920 402 313 864 846 98 458 
 535 90 247 354 488 391 588 
 909 211 440 916 710 495 463 
 17 876 386 302 615 853 605 
 703 499 803 773 196 18 896 
 562 526 372 835 932 238 189 
 384 922 388 951 401 347 667 
 945 279 969 897 885 614 489 
 600 820 163 227 886 490 663 
 9 596 545 200 417 24 71 
 252 771 147 351 677 858 706 
 64 643 690 125 416 844 149 
 770 310 524 573 383 514 125 
 457 193 397 700 464 935 575 
 137 7 85 509 773 363 905 
 607 481 565 496 346 98 840 
 983 594 191 419 449 317 350 
 567 707 393 705 63 16 963 
 444 507 501 812 131 755 236 
 724 750 556 305 11 948 308 
 463 707 592 933 576 391 846 
 83 622 730 356 469 260 568 
 80 270 836 733 14 577 679 
 839 814 382 22 20 199 502 
 235 963 742 504 558 20 4 
 713 640 599 314 670 226 869 
 238 889 203 32 403 989 148 
 747 353 186 788 425 562 222 
 74 735 191 730 53 513 270 
 792 589 725 413 461 848 889 
 75 394 284 549 979 970 560 
 889 32 52 768 309 303 150 
 84 682 422 605 504 699 160 
 534 986 587 382 268 613 989 
 885 528 272 814 817 929 837 
 619 229 697 290 890 72 51 
 994 682 526 357 992 833 260 
 546 281 241 897 284 727 761 
 437 948 701 245 914 873 382 
 342 973 866 940 887 155 356 
 289 900 371 962 207 467 48 
 72 32 519 842 981 620 952 
 785 723 838 725 466 72 246 
 421 53 994 356 248 717 21 
 737 728 124 309 550 431 217 
 986 577 455 483 789 731 28 
 682 838 522 690 338 595 815 
 45 551 265 959 476 519 691 
 234 797 898 131 621 247 26 
 987 72 642 642 777 287 239 
 576 382 713 223 34 430 538 
 805 123 21 553 706 442 446 
 265 867 46 138 991 525 643 
 386 536 276 875 662 184 574 
 422 377 74 139 127 26 539 
 153 364 59 5 913 371 887 
 652 35 404 383 443 546 267 
 49 308 919 290 436 209 215 
 817 910 685 843 773 121 457 
 507 832 737 704 978 646 951 
 810 127 603 
 459 577 9 142 68 789 729 
 942 439 960 348 150 848 920 
 191 50 611 240 785 422 193 
 509 190 211 68 569 737 529 
 321 626 359 468 768 727 252 
 102 253 384 431 119 932 427 
 292 511 414 734 828 903 486 
 984 311 307 538 853 301 144 
 177 965 119 406 1 908 249 
 972 222 439 500 245 770 859 
 92 742 688 590 110 636 846 
 266 784 64 93 685 982 339 
 18 594 448 871 762 357 692 
 947 584 128 164 716 230 144 
 368 435 516 95 722 579 707 
 264 812 767 81 381 441 814 
 762 744 237 405 187 923 734 
 992 358 840 368 961 348 847 
 41 660 342 283 889 816 234 
 827 823 294 62 898 51 119 
 205 262 984 255 197 800 398 
 371 52 584 832 163 805 750 
 242 304 495 640 8 356 880 
 623 671 508 660 272 164 607 
 896 875 62 651 68 645 557 
 156 868 358 431 611 77 570 
 838 168 552 288 291 272 912 
 100 528 948 3 404 505 839 
 218 965 241 597 657 748 259 
 996 133 283 103 573 856 321 
 416 407 647 424 183 687 813 
 821 834 672 479 138 490 476 
 943 499 64 113 557 995 117 
 474 865 700 171 603 625 944 
 295 690 546 298 83 85 600 
 243 492 919 414 654 841 986 
 229 451 118 500 4 716 363 
 610 707 697 281 269 880 851 
 742 54 686 250 68 50 161 
 296 38 646 2 906 189 730 
 482 954 693 973 416 518 596 
 780 795 261 68 353 694 959 
 788 373 599 258 491 982 918 
 76 392 791 229 723 769 370 
 300 310 962 38 985 362 121 
 833 986 603 603 596 995 513 
 25 344 461 990 960 772 292 
 608 355 691 71 307 193 408 
 582 924 646 210 702 438 458 
 429 428 149 499 509 34 523 
 388 123 659 13 123 22 944 
 245 75 344 1 758 150 998 
 659 922 967 220 893 875 915 
 628 568 522 126 773 921 523 
 316 691 184 110 622 131 309 
 707 969 338 696 269 445 258 
 605 731 339 925 346 142 172 
 677 672 254 240 65 715 579 
 909 303 114 93 244 737 676 
 514 82 978 145 475 748 222 
 795 317 416 811 57 488 499 
 240 250 513 294 586 969 144 
 863 169 413 713 248 148 494 
 98 530 289 511 674 968 154 
 597 828 60 808 707 270 290 
 425 379 852 318 921 717 595 
 549 578 903 22 206 331 624 
 738 615 258 621 19 839 193 
 71 771 280 201 243 750 616 
 745 119 487 940 581 901 119 
 667 919 473 498 955 414 434 
 539 38 153 
 763 865 210 178 127 664 715 
 507 502 79 513 561 658 554 
 10 586 407 648 429 655 790 
 218 531 930 240 889 22 679 
 595 508 542 210 398 475 32 
 812 180 79 814 797 331 886 
 196 264 793 791 247 697 404 
 218 622 79 518 477 238 626 
 425 446 991 315 952 915 16 
 358 858 347 810 656 325 178 
 439 840 310 31 817 399 907 
 646 682 351 860 676 879 413 
 397 927 67 118 125 633 133 
 627 451 680 401 588 621 198 
 1000 334 641 577 543 388 416 
 370 663 486 325 238 545 100 
 521 55 55 345 43 232 875 
 568 890 466 985 47 803 817 
 988 710 625 374 393 294 280 
 987 189 169 7 80 519 333 
 913 552 21 936 514 474 808 
 851 145 993 934 270 194 514 
 579 527 792 585 247 434 261 
 466 206 112 466 360 554 887 
 437 352 665 108 909 275 334 
 595 959 998 752 803 230 441 
 396 338 732 361 211 219 579 
 101 763 986 73 83 223 419 
 263 281 998 222 977 163 644 
 875 91 263 891 21 896 314 
 535 665 594 744 756 786 888 
 142 672 563 90 424 232 332 
 366 689 723 281 504 501 993 
 830 123 808 33 986 538 541 
 981 438 589 590 302 260 445 
 7 695 144 734 777 787 127 
 95 775 533 882 362 458 715 
 513 396 173 122 111 523 600 
 368 689 475 997 772 206 223 
 83 461 238 455 966 237 914 
 30 971 340 303 665 780 123 
 786 207 657 7 362 219 616 
 386 672 818 634 216 824 588 
 221 543 501 669 297 916 141 
 441 524 589 345 993 747 682 
 611 480 231 106 173 500 563 
 367 366 21 87 128 99 799 
 326 179 823 479 744 991 170 
 255 55 370 803 753 985 536 
 589 62 378 894 163 220 87 
 769 147 65 546 130 491 690 
 241 110 719 250 573 814 477 
 283 955 924 575 533 197 488 
 486 353 126 509 614 61 687 
 552 430 477 476 209 20 646 
 686 825 227 490 134 970 67 
 107 895 252 172 440 184 797 
 746 207 348 198 976 200 818 
 358 828 38 283 263 478 844 
 927 938 616 444 150 779 956 
 918 759 460 889 530 754 811 
 419 230 695 179 765 438 219 
 227 719 167 406 505 847 33 
 861 364 729 752 135 116 735 
 577 890 817 887 613 508 982 
 975 599 241 612 785 237 615 
 518 382 609 2 496 988 356 
 329 327 263 703 61 991 433 
 473 965 782 849 159 643 795 
 124 983 708 814 255 387 921 
 271 736 654 544 446 95 24 
 210 725 647 
 17 267 7 948 927 916 775 
 732 815 448 553 710 453 928 
 529 828 44 319 117 703 581 
 684 667 790 208 947 402 142 
 907 139 898 456 165 997 682 
 446 577 937 309 596 195 785 
 764 278 179 818 866 285 349 
 469 698 504 165 434 177 132 
 699 223 11 204 242 868 494 
 463 656 767 64 45 141 653 
 985 351 795 575 328 488 514 
 400 687 376 56 992 710 514 
 971 394 441 2 999 941 8 
 473 166 29 490 844 418 687 
 280 8 635 215 226 150 945 
 586 37 22 320 850 832 573 
 863 581 489 405 823 804 362 
 1 52 836 546 349 501 39 
 125 671 451 344 339 577 691 
 720 418 809 740 755 867 999 
 919 57 940 475 305 870 714 
 522 770 457 341 319 411 45 
 353 209 297 561 904 304 828 
 415 129 734 934 887 207 432 
 580 185 369 50 318 533 148 
 508 990 426 483 183 11 160 
 42 277 626 871 573 402 521 
 884 595 231 924 286 650 905 
 675 149 273 251 241 381 744 
 785 213 501 552 455 599 682 
 234 452 434 42 624 19 859 
 18 997 27 366 7 462 300 
 187 509 317 24 914 792 561 
 90 804 14 608 250 757 273 
 351 228 346 774 823 371 151 
 246 48 817 110 663 530 155 
 174 250 264 182 673 35 427 
 237 875 587 207 669 116 693 
 920 6 788 946 170 794 57 
 4 451 955 730 469 234 535 
 913 310 188 530 283 486 562 
 679 206 985 619 662 167 388 
 451 228 168 425 521 822 604 
 631 433 251 627 543 502 660 
 892 190 365 92 877 933 170 
 712 947 603 107 949 451 877 
 951 396 156 67 956 439 722 
 850 435 208 652 761 292 285 
 488 28 472 990 579 905 658 
 610 219 911 21 396 880 40 
 989 210 678 938 357 279 132 
 49 187 261 146 313 261 117 
 908 783 930 714 680 733 200 
 120 193 967 825 960 690 785 
 165 328 714 253 254 572 161 
 22 653 359 302 5 872 320 
 342 326 248 549 732 697 796 
 176 780 98 711 204 285 440 
 74 677 346 269 441 459 71 
 19 446 741 779 385 537 660 
 866 695 234 527 56 31 292 
 640 173 520 833 673 971 498 
 909 904 632 475 876 123 619 
 707 570 180 729 897 911 243 
 21 987 351 950 945 664 226 
 689 103 511 168 574 269 819 
 714 27 740 941 809 326 232 
 240 736 16 710 914 848 397 
 918 231 951 503 605 189 783 
 973 577 704 368 440 603 11 
 765 975 214 251 679 727 114 
 372 540 84 
 471 455 885 438 425 802 755 
 988 96 382 439 1 165 983 
 707 913 564 694 139 538 284 
 182 387 443 423 415 928 549 
 490 134 182 235 724 626 821 
 291 110 988 418 42 102 30 
 438 345 332 64 569 466 89 
 530 284 336 642 837 682 89 
 1 768 692 397 805 740 622 
 348 55 38 302 609 948 23 
 542 159 305 638 813 271 114 
 528 770 304 328 893 347 11 
 14 194 481 467 738 549 700 
 303 836 869 166 429 448 765 
 352 782 963 556 782 612 687 
 454 924 35 519 640 517 306 
 841 782 64 401 343 173 425 
 872 116 15 944 355 662 369 
 531 999 343 198 725 259 947 
 474 835 183 458 511 395 93 
 467 831 971 98 717 678 970 
 867 573 324 873 807 837 973 
 911 769 435 489 248 18 405 
 746 971 152 301 762 885 401 
 817 624 113 421 111 166 868 
 510 658 148 98 433 792 370 
 995 522 527 15 122 353 379 
 413 27 958 217 601 370 93 
 264 643 156 466 348 930 927 
 659 746 180 360 120 362 776 
 511 715 88 196 141 239 497 
 286 593 507 558 724 229 499 
 283 737 468 914 76 669 591 
 858 91 812 20 503 668 506 
 478 246 980 235 235 385 694 
 93 775 392 52 945 67 526 
 573 406 789 297 867 452 71 
 967 889 865 943 264 543 742 
 769 8 549 247 367 114 49 
 140 91 547 840 50 242 691 
 646 473 89 996 863 380 61 
 752 617 58 484 500 87 655 
 380 582 654 673 814 360 365 
 907 586 762 631 500 634 593 
 136 693 766 753 425 365 467 
 395 707 965 811 703 174 650 
 42 585 663 629 949 451 66 
 877 363 565 397 855 809 903 
 408 803 446 507 725 46 219 
 706 524 902 969 797 156 417 
 615 504 328 877 810 189 215 
 782 579 255 338 944 815 993 
 531 698 818 993 50 319 608 
 704 823 836 353 655 231 683 
 394 864 863 393 235 714 97 
 938 116 570 113 271 846 817 
 22 949 603 138 425 677 813 
 696 919 874 464 354 719 423 
 31 678 290 556 575 622 557 
 949 77 868 184 281 88 879 
 796 194 669 939 823 281 423 
 786 342 663 644 188 63 612 
 853 55 308 104 533 600 902 
 690 303 453 503 308 357 16 
 750 675 45 859 312 47 922 
 699 899 119 466 383 619 1 
 733 85 984 924 880 465 253 
 806 485 685 722 37 939 566 
 108 398 13 876 873 439 340 
 616 246 957 514 851 636 188 
 421 202 126 898 688 747 876 
 754 913 598 
 828 930 925 708 557 564 35 
 298 12 12 555 913 859 142 
 124 76 20 524 80 889 569 
 234 544 107 345 267 231 278 
 617 599 816 832 841 971 774 
 887 209 559 943 807 231 877 
 911 104 930 903 742 297 364 
 213 826 54 226 321 747 858 
 59 651 192 222 545 203 484 
 133 938 898 63 181 398 94 
 510 150 318 890 355 863 769 
 930 338 693 77 423 377 27 
 287 992 813 503 124 530 588 
 867 683 164 542 830 609 542 
 474 294 298 259 849 207 431 
 578 573 583 509 144 552 969 
 799 491 700 998 657 415 951 
 986 700 785 778 244 280 565 
 877 844 108 439 796 137 7 
 459 568 682 36 942 134 400 
 207 553 287 29 475 384 949 
 368 158 471 400 843 555 463 
 3 827 966 35 642 453 69 
 526 8 600 611 352 306 175 
 900 613 485 658 912 179 176 
 297 119 471 618 745 840 895 
 665 202 762 781 151 598 135 
 528 253 298 659 138 660 313 
 352 450 664 645 631 855 187 
 213 286 137 419 325 821 591 
 851 785 670 135 514 319 928 
 122 758 983 330 244 390 611 
 887 780 953 350 926 207 810 
 342 910 405 216 593 291 480 
 408 25 740 680 905 512 841 
 497 211 506 269 503 703 916 
 319 702 460 216 295 659 503 
 293 251 474 871 177 951 862 
 660 606 735 659 334 669 108 
 915 220 534 463 530 283 970 
 841 179 283 542 790 206 136 
 529 805 848 269 936 168 809 
 240 885 348 299 718 500 184 
 599 117 121 229 800 812 362 
 338 108 755 745 700 966 673 
 750 887 309 889 862 336 354 
 92 813 438 92 877 564 460 
 651 543 267 127 782 247 301 
 944 77 112 22 257 886 682 
 221 279 689 163 866 211 418 
 153 350 720 353 996 669 580 
 755 398 900 255 23 95 106 
 277 472 866 561 467 589 433 
 745 396 769 850 152 80 267 
 918 731 49 422 390 723 253 
 654 812 224 498 479 754 943 
 237 454 749 731 729 716 991 
 540 320 413 199 506 923 517 
 305 648 913 93 525 393 377 
 64 792 68 144 769 325 710 
 88 32 626 331 287 384 530 
 61 339 882 293 544 790 495 
 482 723 926 368 128 111 889 
 654 678 644 627 33 121 832 
 367 376 663 31 631 429 725 
 66 284 190 806 223 115 355 
 781 396 310 179 233 90 950 
 116 894 371 961 679 187 484 
 919 408 559 57 740 22 601 
 603 934 238 724 506 483 879 
 360 91 290 302 423 815 614 
 512 52 513 
 993 641 908 85 151 991 809 
 889 62 981 626 141 382 952 
 29 50 188 348 95 604 678 
 628 89 511 14 444 219 418 
 208 942 653 334 977 534 42 
 501 789 886 347 579 87 865 
 572 78 253 585 480 508 43 
 126 806 136 501 548 305 308 
 665 284 664 574 202 86 626 
 411 278 243 127 691 810 525 
 551 482 178 955 139 218 618 
 734 141 785 603 29 320 542 
 886 152 895 50 306 110 519 
 849 318 959 212 342 726 697 
 492 160 686 4 285 269 511 
 700 336 506 811 849 306 968 
 426 296 134 550 611 887 932 
 978 154 763 40 100 275 746 
 299 400 842 680 33 929 961 
 354 527 590 414 331 666 246 
 778 618 920 587 994 416 472 
 552 755 66 600 378 183 99 
 514 544 402 798 118 369 67 
 454 606 921 251 471 435 300 
 207 97 202 103 230 591 271 
 913 242 732 589 228 470 704 
 963 211 523 293 958 523 97 
 404 550 777 600 606 330 647 
 245 724 978 230 363 797 440 
 795 951 723 830 425 793 300 
 6 386 748 985 964 181 756 
 769 420 206 66 715 354 824 
 257 501 358 211 238 344 843 
 726 809 551 676 707 101 667 
 182 117 498 33 971 962 117 
 726 964 504 924 808 443 889 
 852 587 708 990 614 525 801 
 845 526 499 760 802 929 728 
 237 47 841 714 22 419 122 
 322 995 947 714 446 666 532 
 754 401 836 692 303 45 130 
 195 168 150 340 836 13 294 
 175 523 563 480 644 383 474 
 85 232 740 123 184 623 463 
 977 530 424 200 431 628 903 
 862 339 977 20 871 333 327 
 615 602 443 697 112 90 704 
 814 985 338 536 406 498 769 
 411 578 895 989 884 833 699 
 118 289 586 212 473 721 509 
 196 889 751 864 298 454 97 
 379 12 517 102 682 843 202 
 707 237 228 864 356 553 579 
 828 787 76 374 101 426 923 
 362 724 976 100 584 867 285 
 282 324 455 93 644 659 493 
 663 892 531 86 971 769 640 
 362 245 940 10 413 340 682 
 207 708 89 838 146 407 543 
 443 224 396 415 956 590 102 
 857 269 253 450 210 38 393 
 694 848 130 132 111 359 355 
 485 769 504 707 71 13 214 
 779 459 137 329 868 342 43 
 150 279 328 484 652 125 873 
 28 327 725 268 857 467 849 
 449 399 360 967 563 510 544 
 376 486 527 729 283 622 196 
 379 871 272 122 648 658 193 
 743 47 21 712 379 751 347 
 29 233 259 621 750 794 674 
 960 69 845 
 867 617 83 737 483 365 987 
 382 278 579 927 615 759 822 
 410 920 680 700 378 863 672 
 848 276 836 496 847 540 768 
 340 836 859 879 113 220 143 
 108 474 666 938 929 219 592 
 706 787 786 514 467 647 33 
 74 823 280 972 491 640 811 
 986 254 507 73 926 118 749 
 770 298 148 362 849 464 1 
 354 123 161 375 50 879 257 
 798 276 149 121 920 646 246 
 754 20 482 127 145 579 451 
 668 384 107 354 575 743 62 
 244 374 900 346 612 613 672 
 863 351 337 620 755 620 240 
 568 718 863 512 42 268 962 
 574 158 885 515 491 890 661 
 787 638 838 260 476 612 382 
 622 584 640 624 321 809 50 
 244 249 708 633 534 346 68 
 344 780 314 968 609 584 476 
 28 453 77 420 888 967 49 
 206 395 163 735 837 173 802 
 729 252 343 722 720 926 779 
 95 19 623 267 749 673 558 
 883 512 287 289 661 209 728 
 575 296 626 143 299 912 139 
 237 782 316 828 236 561 682 
 961 96 525 106 756 96 762 
 117 942 575 953 124 156 667 
 891 272 625 619 334 148 574 
 728 803 124 628 90 33 141 
 502 999 783 969 119 108 259 
 689 103 908 613 849 349 32 
 931 138 3 268 323 58 539 
 214 226 76 597 485 455 471 
 694 717 183 343 736 412 390 
 998 292 180 666 792 984 902 
 496 649 672 579 779 798 413 
 99 488 102 769 129 26 207 
 302 628 855 577 609 694 143 
 579 34 706 255 903 16 656 
 66 174 838 601 362 42 288 
 369 265 80 572 846 763 130 
 873 741 831 470 729 519 305 
 641 621 590 609 305 260 186 
 954 236 107 873 562 396 699 
 362 331 671 318 848 246 920 
 487 199 851 751 620 808 288 
 521 669 749 512 48 258 891 
 62 472 870 226 925 431 821 
 86 42 746 958 851 924 358 
 392 82 593 749 294 453 464 
 685 522 316 526 280 116 518 
 345 989 183 543 766 761 447 
 508 315 30 621 7 715 239 
 366 802 597 40 47 589 963 
 32 25 441 179 836 532 472 
 528 162 580 634 310 146 878 
 409 536 884 633 783 129 457 
 21 268 36 228 36 25 204 
 765 99 883 331 729 231 65 
 972 683 880 869 527 616 702 
 674 383 237 493 345 204 817 
 963 643 617 554 667 493 14 
 489 369 399 540 996 108 628 
 154 63 362 607 521 122 239 
 857 306 817 19 52 635 166 
 926 359 923 31 28 984 355 
 503 257 459 976 365 963 877 
 26 542 306 
 128496 123579 125492 129134 129472 124789 125225 
 122064 123388 122971 124983 124090 123878 123875 
 123969 123841 124406 121747 123193 125331 130881 
 129143 126992 122823 123687 122287 127068 124013 
 122683 122918