 500 30 0 
 807 682 536 962 811 543 871 
 684 914 921 667 784 928 1022 
 615 851 891 547 756 1017 635 
 670 1034 856 921 432 723 1009 
 806 628 852 629 810 840 868 
 776 1008 467 687 798 686 632 
 646 510 542 911 546 736 732 
 603 622 517 519 838 873 577 
 971 475 836 950 926 1034 909 
 807 1009 455 713 828 755 948 
 941 636 535 699 813 867 746 
 1003 682 662 898 696 679 689 
 719 935 558 545 812 966 693 
 734 581 665 1042 649 805 568 
 642 602 973 694 628 783 684 
 575 887 1019 832 908 783 464 
 759 788 730 600 1007 834 874 
 805 1027 857 741 995 704 893 
 450 822 853 655 550 617 844 
 973 986 1023 458 883 832 528 
 575 924 778 800 614 779 944 
 986 482 791 957 917 655 577 
 692 896 610 532 678 852 654 
 850 812 691 601 748 845 707 
 523 597 445 914 590 632 858 
 662 628 642 880 749 796 644 
 782 462 814 799 717 830 690 
 611 814 599 773 799 512 679 
 539 889 729 462 956 670 656 
 684 693 917 448 740 638 640 
 795 795 805 768 905 544 909 
 815 624 757 893 655 997 900 
 714 753 960 580 1002 1017 730 
 754 888 563 799 835 704 561 
 560 722 856 856 416 679 732 
 667 864 892 795 917 925 710 
 724 634 667 662 584 897 722 
 952 567 445 642 579 688 685 
 995 606 625 442 709 767 768 
 1025 850 602 673 413 828 675 
 1025 775 750 835 765 621 512 
 954 656 974 617 750 989 693 
 676 725 748 969 545 587 821 
 919 635 638 763 808 876 993 
 651 845 486 616 504 786 759 
 843 755 545 700 777 555 791 
 857 591 951 735 540 1042 818 
 1022 586 633 690 690 533 740 
 648 551 815 779 801 583 628 
 803 669 801 993 816 521 519 
 920 974 860 908 631 688 435 
 728 638 607 508 847 792 908 
 674 885 496 792 786 799 695 
 880 819 886 963 601 831 674 
 765 519 961 659 600 805 619 
 840 904 843 916 769 543 1069 
 696 675 605 841 871 834 605 
 689 815 755 736 765 691 647 
 879 738 748 565 895 753 860 
 602 786 754 1027 777 675 802 
 680 559 578 711 757 536 590 
 602 1048 1089 915 716 514 794 
 795 811 542 864 946 829 681 
 570 622 488 674 761 898 651 
 591 563 910 876 798 569 927 
 763 729 805 829 932 885 491 
 964 969 811 822 520 512 637 
 826 878 763 807 588 766 677 
 942 922 731 1052 755 699 790 
 562 760 482 946 560 790 546 
 693 684 1017 838 872 724 591 
 562 569 562 
 231 920 394 963 474 647 753 
 769 260 110 186 685 952 424 
 68 742 412 809 981 342 331 
 164 527 108 791 612 690 930 
 777 812 175 458 889 119 610 
 838 691 71 69 78 31 374 
 164 977 135 326 69 343 655 
 441 763 804 646 175 543 925 
 558 491 261 648 237 933 359 
 989 754 653 788 390 558 428 
 238 752 760 907 711 671 95 
 624 89 714 564 203 416 148 
 47 757 632 494 423 476 237 
 508 734 926 470 934 858 99 
 353 3 812 344 365 981 414 
 405 218 800 486 734 953 600 
 781 722 803 860 615 925 379 
 686 504 694 602 32 347 519 
 197 566 145 664 681 37 875 
 531 586 783 961 501 495 139 
 654 929 981 567 481 92 973 
 173 884 552 935 663 459 513 
 683 482 148 225 28 515 560 
 260 723 596 397 715 997 532 
 745 458 923 674 94 192 525 
 776 145 273 318 528 848 989 
 413 15 782 398 457 331 897 
 572 411 6 118 664 80 456 
 713 179 493 662 414 708 305 
 364 294 364 664 283 627 162 
 413 339 186 908 189 87 43 
 980 548 259 42 639 593 855 
 211 124 1000 440 847 985 699 
 803 689 388 319 145 199 300 
 47 968 785 286 180 535 35 
 534 903 423 578 364 924 459 
 720 826 783 774 231 287 843 
 46 279 213 502 340 593 498 
 526 928 903 872 746 535 849 
 645 416 716 217 339 458 856 
 865 981 736 97 753 14 756 
 763 947 665 384 745 178 31 
 823 321 758 973 365 603 960 
 41 400 352 589 104 572 994 
 477 114 255 344 921 504 481 
 782 959 170 481 486 661 10 
 976 56 399 88 310 386 584 
 149 158 800 145 247 378 75 
 381 695 974 457 784 203 958 
 440 835 468 303 866 537 47 
 262 662 287 172 154 869 253 
 888 643 231 847 67 871 361 
 154 17 848 23 367 920 831 
 169 561 199 495 56 998 113 
 225 213 679 412 59 141 504 
 700 567 654 511 414 229 216 
 92 398 584 100 140 895 937 
 806 533 614 230 402 384 13 
 289 696 642 312 384 359 266 
 817 703 594 832 548 743 20 
 858 738 509 757 701 214 27 
 579 941 978 38 695 237 79 
 909 172 590 573 796 456 840 
 104 868 583 329 135 683 588 
 399 604 858 856 207 413 186 
 166 668 525 806 796 87 377 
 343 249 73 19 714 471 129 
 128 666 327 430 466 804 911 
 659 22 55 749 102 619 967 
 24 623 78 694 43 984 504 
 641 32 329 756 236 926 8 
 538 141 266 
 715 942 649 591 862 5 505 
 342 202 380 138 827 444 817 
 239 829 393 158 495 419 785 
 497 438 7 571 101 668 540 
 547 677 568 967 979 62 690 
 423 423 34 931 83 358 972 
 213 168 464 55 490 855 29 
 324 549 848 208 479 675 417 
 709 873 320 197 568 876 249 
 29 9 88 228 358 401 496 
 385 320 981 803 592 706 813 
 124 415 358 427 105 82 777 
 764 363 249 702 792 858 135 
 431 953 510 552 579 813 173 
 41 990 460 272 820 979 849 
 900 850 506 672 680 359 338 
 475 276 812 781 268 996 935 
 510 858 391 554 835 725 819 
 31 490 856 484 326 37 336 
 873 836 966 960 372 596 225 
 66 853 778 307 982 629 260 
 958 74 91 622 233 869 593 
 281 593 140 516 580 611 824 
 974 86 349 70 747 376 623 
 4 117 630 341 92 400 775 
 449 978 813 137 834 910 831 
 614 239 704 831 820 786 598 
 944 743 764 559 914 815 60 
 237 511 570 343 588 279 551 
 231 149 251 799 228 649 187 
 956 762 38 497 558 336 235 
 562 98 780 803 616 178 750 
 124 592 42 972 325 180 656 
 655 545 321 992 95 477 269 
 250 779 402 968 493 919 796 
 840 520 611 487 25 380 376 
 764 211 187 578 271 313 255 
 707 286 475 218 133 393 491 
 777 725 388 183 103 520 102 
 619 251 375 590 12 442 362 
 474 477 890 894 560 809 955 
 534 441 237 741 714 216 211 
 793 562 110 590 298 809 730 
 961 984 538 531 157 767 27 
 670 798 612 92 134 725 883 
 317 343 195 313 579 296 771 
 517 105 748 909 725 702 591 
 433 442 323 192 665 162 200 
 163 381 305 363 587 453 503 
 280 322 361 344 687 105 17 
 206 417 886 339 399 48 120 
 24 78 753 188 388 58 138 
 301 297 24 316 229 644 697 
 767 198 330 699 688 886 530 
 825 939 142 858 226 728 786 
 686 394 71 574 876 723 963 
 709 841 561 488 889 25 368 
 668 809 80 198 679 965 20 
 896 210 595 391 69 65 55 
 238 77 936 188 107 847 294 
 493 722 181 484 651 29 96 
 660 860 952 803 553 743 612 
 401 667 890 212 205 559 671 
 657 853 184 51 542 110 672 
 277 146 294 733 798 521 388 
 748 196 138 71 837 422 278 
 425 476 328 174 858 123 44 
 529 619 888 260 359 985 778 
 874 625 326 546 691 669 71 
 460 479 562 391 626 986 207 
 158 797 624 212 369 379 242 
 558 384 335 
 875 531 242 787 497 242 233 
 917 108 208 837 909 456 321 
 241 906 602 372 351 504 580 
 61 756 138 353 290 724 487 
 927 269 828 646 63 179 57 
 129 670 673 164 499 641 714 
 866 552 355 536 901 633 302 
 112 844 205 298 772 834 590 
 496 518 154 232 206 898 766 
 530 665 833 697 994 523 500 
 843 314 202 431 822 781 92 
 297 874 488 19 877 325 296 
 77 498 552 471 856 539 738 
 254 663 53 805 50 807 788 
 442 206 257 660 829 980 589 
 888 457 106 827 837 785 518 
 801 628 363 91 843 649 869 
 694 462 926 437 937 34 663 
 50 629 923 740 684 261 758 
 801 716 471 908 940 402 553 
 872 475 754 525 1000 28 406 
 340 214 721 242 68 491 657 
 91 409 512 904 101 284 516 
 554 926 935 372 961 53 356 
 566 916 474 48 532 548 861 
 203 737 677 318 308 493 689 
 623 455 656 108 419 238 976 
 271 589 392 162 261 857 980 
 362 127 963 331 347 543 65 
 337 798 943 985 146 43 40 
 74 700 440 617 996 312 740 
 358 254 736 762 276 643 919 
 510 293 508 587 217 136 524 
 916 36 950 214 66 118 797 
 39 696 718 748 531 730 735 
 586 72 759 63 119 380 958 
 662 984 887 426 510 251 560 
 694 111 79 849 991 792 200 
 378 628 324 869 895 398 866 
 906 424 823 51 460 364 436 
 857 40 620 402 388 242 745 
 370 724 439 573 980 910 593 
 314 28 846 526 821 927 777 
 863 688 316 199 945 138 379 
 442 421 575 415 586 632 752 
 307 109 219 832 261 479 256 
 987 564 396 640 22 395 432 
 23 527 307 219 572 355 946 
 502 538 937 774 726 136 746 
 56 323 416 661 656 447 562 
 333 972 247 806 353 848 115 
 659 110 980 694 259 55 88 
 620 571 24 304 326 988 197 
 128 102 122 109 846 443 471 
 350 643 948 239 159 503 732 
 130 176 902 763 411 746 871 
 542 203 382 102 403 989 158 
 302 367 767 941 769 763 149 
 696 403 930 118 233 666 379 
 771 719 678 783 363 768 312 
 954 208 521 907 961 454 827 
 853 144 969 646 980 321 748 
 842 1 587 537 266 862 536 
 540 839 406 428 461 221 913 
 783 881 88 868 65 144 901 
 130 8 317 127 893 411 440 
 944 666 260 970 916 872 608 
 157 380 326 621 625 344 448 
 8 630 601 520 420 925 513 
 339 625 566 235 330 346 495 
 130 910 925 881 235 584 792 
 410 362 637 
 617 129 558 885 82 662 35 
 190 949 918 58 866 990 903 
 299 5 385 671 982 733 639 
 93 332 407 397 92 737 782 
 598 443 725 530 558 894 351 
 825 958 570 849 169 773 979 
 521 217 93 926 277 51 481 
 909 324 385 928 150 876 562 
 458 354 159 203 965 846 197 
 526 599 443 808 956 752 742 
 833 201 759 255 254 124 401 
 202 232 707 809 512 174 928 
 323 106 483 293 431 266 712 
 81 949 98 81 808 292 17 
 9 748 115 433 221 78 267 
 274 176 802 659 412 524 646 
 954 263 475 360 706 570 825 
 498 89 213 634 311 214 544 
 867 306 486 943 761 499 764 
 836 819 800 722 275 312 61 
 914 403 464 284 419 730 437 
 506 100 318 917 279 897 898 
 894 844 961 463 848 922 875 
 798 673 863 188 78 852 111 
 930 586 110 763 286 120 405 
 244 395 802 529 855 761 524 
 888 254 544 506 492 761 764 
 71 507 1 917 477 545 321 
 252 152 655 195 389 88 353 
 902 503 746 187 664 68 846 
 954 949 857 303 50 245 869 
 540 923 735 201 217 970 168 
 988 124 744 249 355 753 445 
 515 818 677 19 364 829 98 
 922 583 774 319 174 693 324 
 164 827 285 168 825 948 260 
 223 684 942 485 382 204 599 
 847 969 209 622 209 625 263 
 881 326 601 391 209 857 71 
 692 454 583 403 789 754 918 
 961 664 822 265 86 657 542 
 761 156 733 6 907 406 553 
 161 692 138 617 214 324 994 
 545 457 13 673 989 250 475 
 709 258 784 129 456 913 835 
 431 351 719 308 780 519 741 
 821 117 282 216 687 819 678 
 448 784 791 720 577 721 557 
 282 19 817 585 626 354 980 
 180 14 285 769 100 648 159 
 581 534 598 47 395 453 54 
 495 704 424 948 862 624 445 
 331 510 243 503 292 374 444 
 488 914 957 287 240 986 667 
 136 209 219 896 892 759 281 
 784 649 555 713 693 364 849 
 179 907 29 439 219 697 69 
 541 15 429 843 818 333 188 
 297 757 412 108 250 286 839 
 786 647 167 840 570 462 118 
 91 442 698 880 222 254 793 
 445 313 961 431 405 985 880 
 829 870 20 31 714 154 252 
 831 685 219 356 86 367 678 
 308 877 980 968 860 79 851 
 275 146 823 506 263 147 759 
 907 737 891 904 644 227 646 
 404 657 297 458 685 210 488 
 922 451 220 492 331 192 608 
 520 228 876 614 307 248 551 
 184 588 27 714 255 455 182 
 532 861 139 
 491 629 359 561 367 765 928 
 164 834 242 253 945 87 251 
 21 781 476 200 197 689 977 
 693 181 174 864 618 579 688 
 457 45 251 909 371 194 163 
 530 305 719 672 449 850 450 
 163 188 367 415 617 889 258 
 659 614 875 236 290 343 364 
 411 200 865 772 772 42 612 
 200 942 754 599 531 290 980 
 234 902 644 468 990 815 491 
 987 365 34 464 958 65 298 
 153 933 478 398 186 820 511 
 787 103 603 777 37 165 902 
 769 334 257 763 510 138 655 
 159 422 856 396 128 193 73 
 125 40 632 598 8 231 196 
 803 551 5 262 557 419 665 
 537 37 70 92 961 985 367 
 837 819 903 163 252 330 393 
 8 13 292 919 810 178 273 
 927 73 575 599 309 704 451 
 277 346 839 411 486 710 531 
 719 41 438 466 753 514 531 
 753 410 626 176 945 371 352 
 842 389 115 60 645 5 445 
 55 626 384 559 61 930 474 
 346 709 89 491 877 823 459 
 92 848 746 256 615 929 944 
 471 510 177 858 475 112 763 
 483 320 986 34 430 899 700 
 56 70 525 823 221 793 870 
 662 758 468 489 468 9 861 
 828 711 578 490 980 695 263 
 261 274 762 667 140 263 818 
 389 618 865 765 678 799 859 
 907 877 816 341 901 27 247 
 177 42 141 1 432 608 988 
 121 920 484 174 807 359 427 
 539 744 532 524 575 476 82 
 68 258 698 867 599 401 427 
 382 830 211 849 449 950 699 
 38 541 178 728 340 715 478 
 309 241 138 267 25 958 390 
 353 439 427 239 399 564 557 
 463 532 666 466 697 147 542 
 842 906 480 691 414 289 134 
 765 533 765 804 85 266 147 
 818 408 255 308 471 614 856 
 848 88 299 352 302 25 399 
 36 654 923 653 905 196 681 
 142 991 333 722 4 426 447 
 206 165 923 514 385 437 291 
 504 968 283 179 550 839 31 
 636 479 86 40 810 677 230 
 344 368 871 984 627 201 529 
 800 748 931 878 956 838 444 
 495 343 195 66 704 923 182 
 308 807 890 569 609 836 411 
 350 652 318 749 581 972 227 
 581 275 974 253 759 701 74 
 621 942 103 629 169 140 767 
 227 310 336 528 418 979 554 
 48 887 723 152 872 457 184 
 462 199 504 840 48 461 964 
 9 831 272 525 515 812 281 
 469 210 832 339 71 464 663 
 161 950 484 216 308 661 165 
 150 471 387 781 195 35 2 
 422 185 650 627 429 88 732 
 532 72 367 243 757 185 243 
 263 5 287 
 49 400 839 97 867 894 76 
 467 931 490 95 204 307 260 
 11 500 249 321 149 969 603 
 826 297 316 862 109 781 485 
 806 362 855 644 324 349 55 
 722 499 678 84 835 249 130 
 272 908 534 743 563 276 414 
 738 744 676 359 393 130 246 
 777 856 860 328 255 556 251 
 373 778 200 756 855 480 539 
 820 526 775 70 564 407 148 
 526 33 693 82 182 125 728 
 107 746 455 304 976 171 275 
 824 400 702 313 987 154 163 
 206 815 483 685 301 236 870 
 310 420 875 958 49 142 902 
 804 557 499 124 905 828 346 
 209 851 831 106 678 352 359 
 203 814 116 691 95 52 482 
 29 887 405 116 635 783 313 
 915 919 330 801 893 941 340 
 759 417 520 753 352 411 627 
 928 955 832 183 31 318 784 
 98 677 372 295 418 122 681 
 787 613 863 545 739 144 76 
 28 43 809 382 587 377 101 
 277 406 655 672 46 5 862 
 536 717 11 735 944 169 641 
 577 333 661 456 74 363 361 
 292 222 437 45 433 408 342 
 625 918 59 251 629 716 503 
 93 332 381 772 711 903 613 
 232 340 586 385 984 421 505 
 330 393 21 480 864 996 141 
 781 302 130 46 798 193 573 
 355 402 904 99 34 849 155 
 961 102 35 283 227 182 905 
 190 317 267 373 646 80 43 
 218 630 533 1 707 972 739 
 745 197 677 105 660 836 803 
 275 496 462 295 437 340 746 
 695 128 919 670 998 678 86 
 26 726 695 671 536 390 306 
 464 128 451 755 742 310 760 
 911 119 51 686 16 190 531 
 361 976 154 779 728 31 246 
 384 114 941 262 176 97 487 
 622 194 232 930 610 460 259 
 848 661 656 891 317 83 814 
 335 64 917 448 505 962 511 
 991 773 489 715 49 202 121 
 116 111 30 391 242 679 604 
 557 456 303 356 452 911 788 
 414 957 73 470 279 317 492 
 796 239 316 708 422 896 972 
 359 998 750 770 135 302 775 
 263 123 744 82 411 186 832 
 214 613 451 986 497 301 8 
 314 486 894 52 496 667 333 
 512 688 439 178 762 994 374 
 977 208 334 786 719 639 405 
 833 788 847 640 745 373 258 
 25 204 127 744 756 668 67 
 748 659 20 77 92 588 188 
 490 595 595 282 740 854 903 
 33 991 721 173 851 289 727 
 198 141 228 627 482 119 282 
 538 546 744 869 749 967 356 
 452 783 267 669 980 242 858 
 274 525 66 120 922 72 310 
 594 255 889 211 860 266 592 
 103 429 26 
 455 813 852 148 946 310 826 
 90 434 321 516 387 409 176 
 335 278 939 467 978 606 872 
 209 705 292 564 386 856 728 
 570 549 898 229 636 394 492 
 751 476 703 372 229 72 379 
 9 55 991 420 377 46 126 
 81 813 213 993 159 277 500 
 898 508 298 878 491 613 256 
 928 123 40 392 937 250 217 
 542 143 948 261 296 127 168 
 479 297 921 70 405 144 848 
 490 994 644 309 315 699 180 
 278 602 728 64 914 587 680 
 360 761 589 227 536 326 792 
 205 345 36 763 176 439 145 
 59 799 836 821 876 866 103 
 976 239 316 139 231 607 110 
 681 573 932 105 86 329 427 
 590 514 331 563 390 470 190 
 592 424 410 781 454 22 401 
 725 581 406 213 654 239 817 
 930 480 666 526 428 647 974 
 348 904 183 693 17 436 839 
 366 853 93 973 392 78 547 
 252 222 306 766 56 495 566 
 800 549 186 593 720 51 628 
 296 961 242 297 303 31 309 
 4 468 757 120 839 572 590 
 745 121 618 218 808 331 980 
 668 357 193 83 950 230 720 
 973 788 638 27 220 360 284 
 326 37 794 737 663 689 197 
 807 696 227 915 74 661 773 
 286 823 357 611 27 78 243 
 244 15 393 625 684 526 218 
 89 187 272 831 20 780 938 
 940 430 205 206 124 952 825 
 434 39 347 286 416 802 485 
 631 411 714 829 354 844 326 
 454 855 976 440 261 637 306 
 529 715 700 319 599 754 402 
 798 655 999 614 628 162 203 
 758 696 770 897 873 963 433 
 895 500 781 373 365 549 592 
 462 144 25 870 387 283 830 
 441 904 769 607 414 344 229 
 243 856 474 941 36 318 949 
 387 641 12 914 306 859 202 
 542 288 463 943 421 328 823 
 99 237 900 673 151 256 69 
 5 829 191 178 991 895 214 
 498 985 129 84 818 334 997 
 279 613 318 210 665 294 996 
 172 661 326 824 162 808 351 
 365 714 31 933 27 780 628 
 615 307 97 600 729 556 82 
 583 358 824 240 158 824 389 
 710 934 455 948 912 38 107 
 372 723 882 490 212 42 581 
 97 426 35 839 219 110 765 
 822 713 950 88 142 15 616 
 707 161 403 65 334 365 452 
 520 835 80 326 57 941 372 
 943 683 390 770 985 505 858 
 207 902 417 781 50 917 686 
 557 121 870 149 710 334 734 
 889 978 870 35 847 797 827 
 327 25 9 550 941 652 431 
 366 709 280 776 638 488 179 
 671 194 330 68 694 936 537 
 495 515 239 
 658 958 33 184 494 698 533 
 62 911 508 615 511 557 926 
 948 184 838 160 814 699 801 
 516 611 607 329 417 670 899 
 242 663 960 642 237 151 923 
 637 492 776 124 243 332 449 
 174 481 397 714 839 482 395 
 497 260 13 506 485 658 921 
 747 372 683 610 744 597 765 
 56 689 365 570 683 461 722 
 834 105 768 113 672 739 143 
 391 950 491 324 498 433 102 
 105 773 748 673 639 590 198 
 332 412 336 68 201 685 583 
 388 604 673 39 270 824 82 
 82 818 997 82 502 938 186 
 793 155 614 772 640 469 161 
 445 981 510 175 155 916 160 
 883 541 354 269 58 574 241 
 935 225 87 898 959 55 486 
 502 990 642 753 122 941 883 
 264 758 132 128 30 437 892 
 837 758 234 214 570 748 278 
 744 59 826 812 19 531 256 
 456 358 621 336 603 736 15 
 118 624 951 815 339 644 187 
 226 892 895 281 441 948 949 
 577 675 470 963 39 297 953 
 873 299 507 737 757 215 21 
 265 49 18 889 419 762 993 
 483 419 320 993 911 543 164 
 701 667 127 413 498 852 867 
 368 275 10 905 987 485 282 
 611 183 483 719 587 185 519 
 975 534 760 964 223 753 884 
 311 287 702 506 799 67 517 
 586 856 870 771 141 124 166 
 995 783 156 168 703 344 433 
 978 972 586 621 635 320 458 
 776 634 949 503 67 569 531 
 643 471 616 471 500 4 144 
 294 386 272 462 127 430 589 
 52 811 839 585 559 221 204 
 340 338 74 688 660 813 207 
 881 128 389 469 446 398 90 
 701 724 389 740 987 663 425 
 162 565 473 698 775 712 116 
 316 718 191 527 861 975 138 
 971 328 120 319 330 756 957 
 628 548 43 227 744 201 931 
 599 380 453 607 722 397 991 
 99 985 158 152 946 974 96 
 883 535 544 993 281 581 179 
 973 234 847 199 399 731 191 
 97 262 411 415 12 512 923 
 625 165 607 368 39 282 877 
 841 649 112 281 673 882 158 
 935 284 770 877 913 514 770 
 84 616 237 873 197 512 138 
 328 449 630 1 839 244 467 
 364 166 609 573 1 156 180 
 914 600 592 113 932 795 728 
 831 243 697 756 531 85 993 
 209 591 342 6 327 727 424 
 463 626 975 680 739 601 23 
 694 671 904 721 291 440 982 
 280 696 159 606 688 194 615 
 973 38 128 383 568 838 728 
 712 931 78 860 381 913 102 
 240 398 559 531 896 347 960 
 776 532 809 846 948 147 334 
 876 594 824 
 172 526 50 503 479 638 459 
 702 22 365 845 115 676 645 
 936 266 12 729 718 811 678 
 633 417 885 395 71 285 717 
 42 259 723 780 576 383 826 
 715 810 353 309 424 778 20 
 21 574 795 853 749 237 92 
 430 816 47 534 253 979 422 
 654 18 338 277 153 27 211 
 373 876 215 572 476 822 972 
 206 181 123 688 942 363 337 
 50 847 691 457 151 937 187 
 245 4 759 342 187 678 804 
 445 997 466 764 669 190 94 
 73 243 957 300 460 87 41 
 562 359 355 361 67 260 826 
 760 547 840 561 58 781 621 
 439 593 212 723 580 590 955 
 44 930 712 261 761 214 806 
 395 415 77 53 770 673 630 
 840 289 821 668 962 675 398 
 704 677 336 389 96 616 715 
 782 481 938 883 747 478 169 
 355 483 30 417 633 681 982 
 54 607 628 708 743 882 321 
 63 864 293 131 895 262 902 
 918 288 768 916 86 694 667 
 661 835 455 666 953 432 75 
 526 173 360 228 475 769 384 
 157 959 265 122 988 337 796 
 670 855 893 566 561 889 634 
 245 851 737 927 14 226 670 
 73 30 448 709 862 959 820 
 829 54 353 212 985 63 940 
 542 547 789 974 64 585 107 
 129 701 825 868 233 637 107 
 256 688 408 219 872 730 250 
 499 768 952 159 163 903 926 
 265 640 87 427 397 900 468 
 555 473 523 663 246 452 385 
 504 646 955 45 645 747 599 
 862 78 598 440 295 116 968 
 271 196 364 384 342 385 519 
 799 72 336 463 203 937 86 
 473 589 956 754 37 116 894 
 997 311 502 509 415 315 882 
 263 848 162 533 549 489 695 
 632 124 622 999 911 911 733 
 164 448 143 435 673 847 853 
 402 643 980 189 620 156 353 
 651 54 743 692 82 190 386 
 266 880 499 918 134 403 30 
 696 635 522 795 501 519 124 
 704 320 260 513 698 267 437 
 993 82 238 181 496 83 130 
 847 903 560 957 564 417 736 
 899 129 155 264 625 164 544 
 660 545 50 863 470 460 387 
 638 834 387 391 802 527 372 
 953 317 862 13 560 615 176 
 497 77 576 73 573 185 163 
 422 794 474 578 215 368 73 
 153 357 759 36 356 362 629 
 148 760 771 758 422 114 879 
 71 682 217 996 784 309 501 
 510 413 807 932 342 435 324 
 792 780 419 554 738 125 176 
 568 597 194 384 177 890 446 
 356 587 151 750 216 298 894 
 421 121 243 903 103 497 202 
 6 378 932 258 82 731 680 
 632 170 350 
 519 662 783 834 652 120 329 
 88 511 536 187 146 504 826 
 638 364 428 183 687 804 979 
 674 880 552 126 373 71 803 
 441 72 720 511 356 710 371 
 146 433 16 397 977 789 142 
 783 101 527 386 161 175 850 
 218 789 156 546 768 163 633 
 544 780 951 94 365 581 701 
 370 944 497 544 354 408 306 
 757 368 216 757 227 5 182 
 800 982 487 985 987 944 529 
 494 124 575 901 938 911 876 
 58 884 28 376 126 690 751 
 519 506 719 669 186 31 735 
 355 302 380 739 223 38 604 
 123 611 313 418 423 85 19 
 77 980 447 796 977 38 455 
 123 490 994 55 472 9 888 
 346 180 173 746 395 825 800 
 240 45 145 343 239 833 160 
 911 238 395 976 87 798 156 
 856 489 404 534 196 848 944 
 241 147 401 274 48 506 977 
 106 650 108 971 332 290 998 
 726 997 878 404 687 681 199 
 342 140 208 821 535 363 165 
 640 963 862 548 694 783 272 
 237 424 885 373 357 146 958 
 187 432 382 942 522 54 289 
 70 324 570 112 124 884 715 
 242 275 192 40 549 978 406 
 806 349 581 112 514 216 917 
 495 733 763 984 105 330 683 
 665 938 448 858 374 684 792 
 847 747 711 278 308 10 926 
 591 670 135 326 335 927 308 
 999 144 643 546 457 153 860 
 986 205 124 718 38 464 213 
 234 563 297 307 51 979 220 
 81 386 244 878 450 650 211 
 680 278 931 693 71 6 319 
 899 881 761 350 99 631 445 
 649 278 795 532 776 150 977 
 844 541 4 989 692 701 674 
 184 551 698 629 34 699 881 
 264 126 750 260 217 832 389 
 695 652 815 301 107 17 299 
 581 701 375 669 41 836 349 
 873 440 956 796 340 904 29 
 694 165 814 618 277 557 167 
 651 83 118 790 914 5 549 
 236 821 463 159 688 240 278 
 213 540 784 727 863 267 944 
 602 738 356 723 358 825 599 
 534 251 44 282 843 266 755 
 171 269 550 521 866 990 7 
 465 406 874 626 737 820 706 
 425 1 415 936 811 826 827 
 797 916 974 183 268 971 700 
 29 356 646 271 195 112 870 
 475 880 447 690 816 742 170 
 220 498 433 89 917 534 739 
 292 712 412 5 667 82 852 
 917 780 485 459 346 880 751 
 866 985 275 654 515 805 423 
 359 787 855 248 587 342 3 
 822 785 685 551 925 321 895 
 722 916 445 603 305 47 568 
 314 776 500 220 20 578 680 
 245 873 704 855 815 931 132 
 709 520 246 
 995 192 725 119 155 458 382 
 573 579 296 712 187 611 364 
 798 688 935 474 342 653 471 
 28 325 604 484 310 970 9 
 410 241 843 9 640 424 850 
 549 240 140 438 261 782 192 
 233 932 715 275 708 63 975 
 993 517 197 849 273 532 126 
 886 60 848 523 450 547 108 
 793 546 141 385 357 485 466 
 761 974 309 227 9 750 26 
 645 405 742 889 114 560 524 
 351 222 306 213 424 474 888 
 954 469 883 898 117 625 903 
 199 904 258 717 425 250 511 
 121 384 456 334 122 183 461 
 508 596 632 17 73 164 49 
 467 984 160 643 990 370 522 
 294 325 557 903 47 830 847 
 492 460 287 277 764 117 612 
 657 137 139 708 967 368 309 
 734 263 707 191 382 992 356 
 545 63 513 823 640 888 934 
 501 23 679 996 639 931 575 
 565 513 81 520 698 674 632 
 402 708 989 46 777 161 241 
 428 512 711 937 441 350 714 
 626 775 640 349 760 943 275 
 905 327 165 264 945 58 796 
 694 618 966 983 289 11 723 
 645 924 928 176 722 535 942 
 476 756 464 709 860 572 235 
 233 608 897 882 231 740 220 
 795 752 326 661 388 727 332 
 80 703 226 699 87 693 947 
 8 991 724 91 951 98 536 
 459 933 863 691 858 677 459 
 44 549 380 950 40 930 110 
 957 68 99 109 771 110 11 
 285 471 582 985 712 723 479 
 640 274 186 365 306 876 279 
 150 800 233 14 209 123 770 
 939 392 959 905 844 172 957 
 184 703 260 861 408 3 829 
 573 352 904 488 603 988 621 
 31 124 665 717 46 939 473 
 361 873 441 979 268 905 928 
 72 361 653 981 462 717 106 
 344 772 308 115 156 241 476 
 871 607 573 883 822 936 901 
 801 241 996 999 414 203 680 
 97 817 692 459 442 197 135 
 539 165 989 121 796 642 121 
 632 871 779 184 36 41 142 
 100 769 455 663 419 888 530 
 347 266 113 702 764 426 225 
 786 480 920 755 223 768 422 
 903 465 289 596 13 79 612 
 803 287 442 278 279 578 847 
 352 722 35 869 915 824 258 
 829 171 502 871 444 49 210 
 623 778 61 881 413 832 313 
 691 168 523 711 535 984 347 
 662 309 999 738 151 127 786 
 717 346 174 501 532 294 414 
 56 505 717 626 60 939 388 
 334 203 751 555 86 450 475 
 289 681 383 898 445 421 226 
 671 260 313 141 546 374 285 
 916 43 894 26 795 650 917 
 913 898 594 342 404 185 616 
 719 38 418 
 591 884 740 564 313 412 568 
 657 182 200 690 924 437 439 
 237 621 515 747 770 1000 397 
 552 390 640 855 834 284 863 
 426 444 219 378 984 816 238 
 966 112 514 742 206 191 274 
 928 87 540 613 757 873 18 
 947 269 406 268 391 563 304 
 754 793 430 101 718 2 645 
 913 220 188 200 391 653 871 
 887 991 611 803 499 870 545 
 673 686 209 618 145 947 111 
 926 137 742 649 316 234 26 
 354 866 138 515 743 325 656 
 682 461 601 772 290 109 272 
 426 836 713 979 27 48 139 
 762 234 726 801 571 663 959 
 875 947 117 519 440 320 227 
 606 868 242 661 235 930 925 
 672 888 400 464 800 635 576 
 979 18 674 384 658 432 788 
 758 707 8 55 925 49 563 
 622 534 63 278 878 263 371 
 658 140 908 200 660 497 912 
 162 364 392 546 911 622 349 
 640 434 971 46 156 215 844 
 822 953 709 635 542 867 687 
 770 403 114 337 656 245 565 
 306 295 44 669 566 879 794 
 841 57 520 433 115 371 634 
 979 461 205 780 860 621 168 
 718 288 337 88 815 364 347 
 146 750 589 731 195 234 642 
 439 260 888 99 731 463 23 
 470 689 275 757 261 567 471 
 360 489 35 424 747 60 663 
 2 694 361 332 800 981 781 
 295 124 604 747 198 357 415 
 520 850 251 380 347 986 340 
 693 594 123 268 758 68 809 
 399 443 858 156 470 623 876 
 483 218 244 621 505 956 166 
 926 666 584 877 76 724 381 
 238 368 910 213 577 714 977 
 997 321 141 1000 163 541 945 
 721 835 913 731 121 312 987 
 244 201 554 846 932 771 661 
 866 741 938 883 414 183 268 
 766 866 854 265 360 326 670 
 177 318 98 82 927 281 884 
 935 310 379 139 980 119 464 
 511 397 185 996 364 60 437 
 95 891 86 382 24 799 206 
 483 599 687 653 346 848 185 
 757 860 832 721 608 395 937 
 948 954 283 926 887 528 787 
 685 69 536 523 423 821 790 
 779 233 632 298 255 560 252 
 811 260 191 194 257 505 280 
 239 213 622 964 212 25 381 
 90 942 719 203 513 765 938 
 861 581 757 351 498 99 406 
 617 797 397 36 207 415 245 
 766 135 438 794 494 935 752 
 355 518 311 157 414 973 471 
 263 486 251 66 939 657 418 
 472 21 709 481 149 149 102 
 687 786 515 592 92 135 363 
 77 407 765 521 462 463 965 
 483 120 515 939 545 766 112 
 448 373 273 461 970 570 447 
 1000 443 479 
 969 558 140 472 274 685 336 
 40 904 66 345 873 861 201 
 866 823 578 968 153 599 504 
 483 643 371 590 405 308 347 
 546 123 478 546 600 400 741 
 478 251 72 779 357 894 726 
 961 264 512 668 928 464 156 
 901 258 187 772 52 476 733 
 145 243 600 758 228 563 332 
 240 433 134 404 397 473 798 
 536 794 964 811 549 589 136 
 119 789 360 596 586 46 579 
 331 756 730 387 9 598 836 
 956 175 815 742 503 982 543 
 666 604 45 726 174 191 339 
 914 623 258 604 826 889 749 
 947 926 956 720 395 618 991 
 317 862 494 352 838 986 695 
 779 177 830 420 103 917 760 
 504 758 747 620 794 877 118 
 244 78 630 769 562 225 773 
 834 638 911 105 170 152 428 
 670 738 949 269 12 156 866 
 652 474 431 169 565 152 720 
 174 844 887 992 840 482 442 
 146 632 492 465 353 419 458 
 880 116 936 992 652 737 344 
 150 201 466 816 527 652 913 
 440 124 412 797 441 159 343 
 986 864 663 789 434 653 366 
 343 917 18 404 462 522 572 
 481 579 891 836 508 210 257 
 714 574 925 645 733 950 161 
 417 469 235 811 874 477 332 
 97 311 193 424 600 678 708 
 372 649 275 494 591 306 1000 
 79 526 862 970 431 185 924 
 113 897 594 520 222 611 201 
 508 178 294 682 820 50 429 
 873 76 228 911 74 346 161 
 973 186 410 304 419 941 710 
 942 143 383 698 551 466 393 
 569 138 753 425 529 160 387 
 992 678 283 536 625 258 903 
 277 239 416 786 817 300 275 
 786 351 40 105 867 330 432 
 871 165 202 234 723 455 393 
 602 851 757 980 22 889 2 
 65 993 747 15 373 146 220 
 887 443 362 701 176 899 896 
 665 266 81 460 18 604 248 
 22 591 587 98 132 98 954 
 289 621 931 24 874 921 23 
 620 759 92 918 25 801 510 
 367 409 936 828 731 251 786 
 765 60 28 741 212 812 7 
 972 352 238 173 451 420 781 
 290 891 823 445 213 379 460 
 629 886 685 976 66 628 860 
 13 682 830 911 576 797 573 
 503 812 292 851 495 229 654 
 47 824 68 214 571 346 982 
 791 36 402 115 275 983 958 
 462 773 259 225 106 620 835 
 223 759 445 351 816 615 429 
 311 916 667 379 488 922 532 
 200 762 81 379 178 71 219 
 240 501 724 788 75 274 629 
 270 851 451 689 330 114 563 
 682 878 428 655 171 322 435 
 20 80 712 29 504 583 470 
 865 145 744 
 373 803 990 573 184 317 302 
 881 227 241 36 178 144 607 
 128 862 347 612 132 879 873 
 541 371 919 155 862 393 882 
 963 757 802 757 99 557 916 
 354 688 860 940 296 481 819 
 42 213 186 609 459 699 334 
 78 514 403 569 856 334 541 
 593 352 393 866 848 241 982 
 720 386 574 184 251 222 312 
 146 203 870 450 859 761 743 
 421 61 441 872 755 26 375 
 410 420 693 761 364 66 297 
 801 715 205 557 287 611 172 
 34 576 473 146 65 600 692 
 245 912 920 943 214 14 80 
 215 890 851 483 309 442 882 
 837 954 196 393 846 997 935 
 118 787 607 458 361 928 969 
 74 649 1000 162 101 352 145 
 522 393 814 584 541 747 438 
 79 176 65 443 232 845 415 
 464 752 663 354 66 60 661 
 621 166 341 78 135 34 891 
 720 1 364 715 216 696 836 
 128 249 375 731 802 301 66 
 568 689 669 178 95 328 520 
 84 216 154 517 872 641 366 
 472 609 467 201 494 177 396 
 39 138 99 105 634 659 142 
 474 654 739 156 99 162 280 
 262 62 815 216 917 34 861 
 607 664 9 450 360 641 844 
 138 301 182 624 350 470 441 
 989 764 547 662 138 530 154 
 447 450 42 456 458 708 739 
 703 277 94 181 283 311 991 
 403 93 310 943 350 411 48 
 23 774 398 266 271 624 146 
 874 692 149 515 220 990 232 
 963 647 874 989 470 525 621 
 90 122 373 107 855 23 97 
 650 229 18 662 762 496 17 
 983 848 60 838 495 903 57 
 860 923 430 845 955 652 128 
 349 380 421 182 308 386 728 
 836 568 342 417 502 375 305 
 928 344 60 192 471 496 897 
 769 263 501 692 303 171 363 
 506 575 689 69 660 600 660 
 530 763 29 739 155 124 619 
 87 682 364 841 766 235 138 
 857 475 175 704 466 234 244 
 87 27 748 29 277 656 455 
 563 120 836 570 761 127 458 
 852 376 236 652 90 487 284 
 184 186 393 226 558 674 652 
 719 217 247 156 98 520 71 
 548 967 180 429 199 290 168 
 952 386 279 538 67 467 441 
 851 810 325 894 584 673 346 
 948 837 916 879 463 927 158 
 758 710 111 491 919 824 661 
 180 372 89 442 933 30 613 
 283 632 499 401 231 800 556 
 4 207 37 48 984 384 218 
 154 432 258 376 66 497 966 
 296 23 144 226 755 432 495 
 116 114 197 191 703 348 969 
 373 576 315 347 324 215 638 
 553 678 655 228 723 562 796 
 92 896 396 
 255 407 620 895 227 523 532 
 915 180 30 271 591 725 567 
 708 437 278 708 283 848 151 
 618 573 662 712 297 875 301 
 812 587 24 935 57 144 885 
 21 472 403 552 277 236 314 
 51 131 733 424 973 337 498 
 802 364 238 320 372 926 463 
 925 177 850 305 802 84 257 
 2 684 66 571 978 226 332 
 403 404 187 301 914 804 799 
 839 356 873 2 54 629 207 
 176 377 618 203 964 253 999 
 438 183 432 899 77 592 293 
 614 662 903 796 726 482 242 
 727 187 115 684 517 409 436 
 400 855 607 372 633 900 922 
 593 343 148 787 843 825 726 
 56 999 6 954 293 712 145 
 302 960 750 215 33 776 542 
 138 945 715 316 603 229 402 
 395 290 218 909 704 413 46 
 93 106 522 614 254 970 756 
 272 305 746 279 672 507 343 
 692 523 231 310 531 700 587 
 88 292 137 997 845 203 397 
 380 434 527 908 679 18 57 
 529 126 245 212 176 458 355 
 89 746 565 222 632 435 752 
 315 990 69 137 760 289 475 
 793 802 884 821 631 341 947 
 22 647 650 134 455 495 975 
 581 993 671 874 48 917 830 
 476 763 411 421 733 563 197 
 204 627 724 2 534 90 766 
 657 222 42 939 379 285 748 
 377 622 451 674 912 219 817 
 313 314 128 960 783 189 795 
 428 180 986 475 125 347 492 
 182 611 741 503 89 512 745 
 374 371 227 566 402 353 111 
 676 251 751 344 958 505 571 
 945 880 783 26 613 784 988 
 847 36 702 633 879 66 763 
 905 854 286 19 428 559 519 
 569 746 981 94 911 560 653 
 579 74 692 527 738 936 23 
 785 698 113 912 578 800 70 
 723 359 816 372 539 471 431 
 326 581 438 554 734 400 396 
 278 201 565 924 500 366 99 
 524 554 173 927 847 49 247 
 862 643 547 417 642 587 128 
 64 590 781 29 419 689 369 
 139 707 276 502 808 428 68 
 732 728 280 710 641 874 640 
 118 460 147 705 630 643 666 
 72 111 629 448 238 1000 103 
 190 178 377 415 195 649 510 
 522 788 598 941 342 770 9 
 126 510 442 49 525 505 351 
 521 160 657 48 955 921 557 
 337 344 635 845 522 611 340 
 809 522 928 695 928 889 312 
 126 25 472 185 473 780 497 
 936 378 261 670 166 389 86 
 843 346 168 769 467 500 813 
 200 899 14 882 414 103 424 
 805 281 512 762 408 149 867 
 720 265 186 777 660 983 713 
 992 623 939 345 700 118 556 
 372 693 108 
 776 376 455 115 843 30 732 
 689 578 388 89 268 876 787 
 563 198 5 177 47 479 18 
 476 853 86 356 171 66 269 
 557 636 448 470 220 132 822 
 161 903 626 382 555 437 610 
 11 742 921 643 119 947 582 
 56 342 240 397 103 364 721 
 639 83 583 856 251 233 579 
 172 831 12 898 834 47 569 
 376 526 190 858 471 688 775 
 356 440 807 642 143 420 847 
 175 545 822 673 12 81 457 
 830 23 3 816 540 146 113 
 841 333 98 396 216 154 173 
 829 925 434 510 734 542 522 
 987 775 74 867 945 154 170 
 63 84 790 624 737 328 187 
 997 807 998 314 76 521 416 
 810 983 663 875 234 21 740 
 199 218 856 652 640 376 592 
 694 369 755 930 521 989 81 
 286 944 462 729 146 254 370 
 512 986 88 737 684 709 484 
 471 106 510 885 593 183 463 
 892 545 849 757 78 185 267 
 36 584 481 611 369 179 257 
 204 97 831 166 690 292 80 
 797 289 465 99 593 259 569 
 815 139 942 251 988 870 954 
 154 829 200 547 72 836 303 
 819 137 65 154 588 864 771 
 514 312 138 906 477 65 44 
 659 329 528 941 761 968 438 
 595 122 935 164 559 185 294 
 386 968 533 887 233 280 284 
 359 330 112 746 231 699 4 
 799 655 621 582 59 455 63 
 99 850 205 783 144 456 53 
 574 83 443 419 977 66 211 
 586 94 284 106 458 973 312 
 172 356 882 561 349 357 500 
 326 172 435 264 11 804 819 
 26 34 892 222 760 31 723 
 368 911 54 78 742 498 901 
 701 338 766 657 905 80 750 
 282 277 838 111 709 847 190 
 619 909 469 851 847 209 312 
 596 83 507 42 931 716 574 
 854 853 788 845 59 192 356 
 683 80 821 438 366 895 266 
 566 507 138 327 866 824 215 
 180 93 28 570 319 223 574 
 6 814 321 304 235 638 628 
 394 534 514 328 270 275 915 
 403 583 571 578 143 143 614 
 142 826 517 608 222 316 964 
 963 453 411 634 584 952 822 
 645 124 737 699 557 300 945 
 665 17 809 152 348 355 337 
 13 988 922 52 155 805 708 
 273 233 701 904 67 287 127 
 508 568 194 482 572 403 14 
 464 605 430 358 983 565 210 
 550 66 210 49 186 485 28 
 202 806 426 220 658 541 831 
 81 898 30 636 823 110 386 
 965 478 463 486 708 307 588 
 1000 603 273 517 275 596 406 
 923 483 113 525 793 224 98 
 302 107 779 994 143 216 809 
 57 233 721 
 218 640 99 367 928 230 463 
 494 191 12 310 444 953 530 
 157 999 664 288 356 529 760 
 781 2 556 417 111 850 989 
 280 991 587 43 216 970 355 
 461 499 614 833 532 20 99 
 260 749 432 781 247 445 487 
 363 882 90 686 449 863 533 
 233 270 609 697 947 821 533 
 3 446 891 509 527 586 765 
 744 142 949 383 355 97 478 
 740 958 789 321 321 806 900 
 498 401 694 158 74 494 173 
 28 843 251 982 425 811 740 
 706 94 258 835 253 660 748 
 625 938 665 549 888 296 150 
 143 851 482 822 612 946 567 
 447 629 439 478 878 382 538 
 343 492 56 485 505 899 44 
 526 912 710 488 680 466 371 
 323 952 70 474 928 504 372 
 2 365 414 281 704 888 466 
 339 887 206 418 287 446 691 
 333 580 188 161 865 72 580 
 81 572 347 576 402 517 815 
 831 492 769 124 487 619 989 
 670 129 917 798 149 670 642 
 713 216 421 606 52 248 882 
 280 121 278 614 743 798 796 
 384 73 878 332 655 28 69 
 731 140 856 566 827 745 851 
 364 252 821 242 34 560 147 
 224 187 176 949 225 888 641 
 51 531 718 447 875 617 420 
 685 968 726 460 297 963 779 
 897 347 474 130 491 567 907 
 943 2 783 942 809 841 442 
 29 580 6 3 189 803 859 
 577 105 464 541 202 619 620 
 935 110 234 781 215 84 59 
 802 675 199 471 439 564 79 
 951 161 591 8 738 81 170 
 234 450 993 917 813 874 736 
 196 170 121 581 886 570 211 
 244 607 623 67 683 813 596 
 34 812 909 134 982 689 180 
 711 204 921 788 167 852 372 
 756 425 654 544 119 214 272 
 785 640 188 356 170 642 348 
 195 734 737 854 93 901 319 
 669 668 871 984 274 763 978 
 125 201 769 748 178 102 965 
 152 830 917 769 480 389 892 
 879 550 439 138 500 146 678 
 948 118 698 90 899 463 725 
 84 295 959 590 925 697 938 
 770 612 875 999 48 402 361 
 364 754 797 724 194 832 438 
 370 396 255 36 735 326 651 
 533 73 952 106 424 22 847 
 549 18 815 920 156 892 425 
 460 640 922 656 473 464 162 
 602 462 384 328 683 356 165 
 380 718 374 665 280 399 79 
 942 650 817 693 565 255 906 
 633 700 322 544 259 793 798 
 946 800 609 945 95 51 262 
 349 215 749 356 677 514 428 
 795 748 884 612 2 581 686 
 968 807 265 660 358 497 68 
 440 518 594 455 569 945 189 
 780 418 305 
 515 59 900 533 309 63 387 
 865 857 904 34 214 820 894 
 750 423 900 234 722 735 251 
 237 432 635 515 637 659 332 
 580 234 364 848 574 37 867 
 493 879 611 481 37 819 196 
 847 839 542 743 544 716 387 
 898 7 996 434 331 489 684 
 788 798 616 512 926 740 909 
 440 95 872 811 309 225 793 
 51 40 105 698 355 334 383 
 680 718 549 36 240 457 965 
 359 790 923 247 797 557 106 
 863 748 434 141 889 958 711 
 157 717 582 712 770 409 827 
 191 319 907 863 120 798 299 
 303 564 977 826 945 686 997 
 117 383 936 983 888 333 850 
 27 211 195 15 593 580 251 
 944 190 962 322 549 531 821 
 343 720 960 855 565 959 39 
 123 879 796 16 831 840 351 
 208 914 345 927 952 630 63 
 266 302 124 73 698 206 186 
 845 427 279 6 717 766 493 
 543 420 296 74 224 692 528 
 772 131 386 466 164 399 216 
 70 876 113 968 728 501 396 
 265 349 131 81 340 498 114 
 908 491 413 333 972 158 1000 
 779 624 749 457 864 738 228 
 730 36 389 450 17 942 606 
 80 448 902 572 578 674 925 
 622 975 986 317 177 472 819 
 296 190 522 742 650 181 187 
 327 773 348 959 375 40 758 
 696 976 639 27 950 26 713 
 419 836 384 123 227 70 665 
 504 211 540 240 77 453 408 
 51 374 574 287 587 931 169 
 929 952 816 272 64 322 639 
 506 123 615 405 531 703 359 
 215 358 938 329 946 843 647 
 868 21 297 705 702 208 842 
 96 12 577 849 876 261 875 
 292 812 63 421 681 61 382 
 715 162 380 112 262 617 578 
 554 252 194 282 296 816 930 
 987 255 368 387 966 619 369 
 780 527 191 618 234 499 376 
 186 634 686 48 410 858 441 
 91 979 882 142 3 990 814 
 75 820 334 840 520 823 869 
 967 393 55 608 794 530 877 
 548 946 989 372 174 955 836 
 348 452 57 464 679 492 778 
 774 589 528 8 428 599 22 
 955 487 533 456 399 105 137 
 945 3 989 8 131 797 987 
 332 344 445 578 338 135 24 
 400 124 274 370 306 6 193 
 744 812 497 280 410 64 370 
 137 396 743 848 674 958 696 
 55 93 49 499 399 233 344 
 429 91 179 384 737 379 444 
 696 491 505 113 350 771 11 
 86 391 347 261 952 28 178 
 340 508 725 900 811 426 326 
 607 189 25 709 830 999 410 
 351 804 27 4 309 535 116 
 914 210 690 572 294 984 121 
 991 132 424 
 658 166 503 270 768 315 388 
 78 230 951 784 730 910 701 
 74 38 999 356 832 433 640 
 191 946 604 255 13 713 791 
 624 127 14 608 967 277 594 
 147 460 159 729 112 360 869 
 221 880 251 389 451 845 28 
 55 688 572 853 330 130 867 
 228 333 190 618 554 253 357 
 660 265 98 366 274 288 720 
 697 596 758 758 929 839 663 
 576 623 300 434 676 981 670 
 518 918 578 233 208 701 527 
 787 294 506 723 556 481 916 
 50 389 20 693 574 290 558 
 370 611 262 338 789 628 59 
 65 778 999 183 364 195 433 
 525 563 220 865 56 148 38 
 165 96 613 188 992 130 881 
 791 134 313 202 394 620 551 
 226 572 3 602 73 249 910 
 6 342 344 640 390 38 858 
 767 162 645 320 238 440 503 
 305 414 186 781 741 186 147 
 433 613 188 545 200 790 619 
 1 987 682 225 781 555 405 
 334 606 911 288 903 122 1000 
 376 60 875 62 59 420 150 
 90 360 497 326 603 819 195 
 596 285 91 5 223 869 604 
 177 123 869 203 453 771 72 
 581 826 86 884 711 408 979 
 507 643 532 124 327 711 636 
 284 600 365 864 263 32 906 
 25 758 321 640 38 623 300 
 577 427 151 176 978 968 23 
 659 916 162 991 892 953 612 
 957 541 178 667 811 385 611 
 604 852 377 451 502 293 86 
 885 264 851 318 152 184 528 
 255 350 408 573 604 367 393 
 206 579 515 941 937 394 162 
 382 756 989 12 399 873 480 
 263 62 803 908 603 190 349 
 84 871 686 583 109 810 339 
 352 224 457 974 818 998 260 
 142 632 544 847 372 864 52 
 496 184 816 654 357 55 626 
 908 155 33 639 983 695 619 
 357 147 797 369 256 709 130 
 505 841 655 585 488 746 798 
 735 726 933 214 88 704 679 
 737 838 329 224 972 909 120 
 215 782 135 472 712 79 992 
 217 85 709 881 618 885 126 
 757 667 566 956 349 795 428 
 27 283 887 367 419 593 533 
 118 134 328 428 550 777 719 
 924 641 923 170 485 918 559 
 222 672 916 825 205 711 518 
 738 990 893 101 507 978 773 
 833 915 526 43 493 657 812 
 349 93 649 64 760 960 70 
 811 650 45 283 986 827 31 
 938 531 531 305 88 284 666 
 600 583 468 49 235 826 862 
 731 819 181 930 83 34 532 
 266 652 613 680 796 843 729 
 825 252 973 383 791 39 456 
 607 335 103 954 165 950 218 
 515 942 742 841 268 697 651 
 417 549 6 
 20 739 144 136 986 940 70 
 209 658 652 492 786 946 127 
 925 543 566 638 631 92 376 
 859 621 298 409 718 55 855 
 849 873 708 921 160 686 971 
 889 58 460 452 703 101 908 
 569 577 874 670 259 979 21 
 865 831 341 5 191 461 391 
 561 605 756 845 865 907 239 
 595 920 856 902 895 42 203 
 756 401 234 449 348 756 48 
 401 658 289 164 777 954 463 
 213 415 708 285 856 863 530 
 43 322 455 400 892 724 19 
 432 700 153 490 399 241 57 
 797 772 915 546 531 738 522 
 147 686 130 836 521 666 986 
 20 869 867 571 489 988 924 
 93 116 684 495 90 279 911 
 272 909 597 26 255 514 470 
 986 129 690 471 43 686 517 
 427 216 481 494 844 937 81 
 564 279 399 586 638 547 137 
 155 668 663 141 901 694 358 
 285 144 277 964 359 205 123 
 670 914 891 540 867 962 563 
 617 748 10 986 696 869 396 
 418 165 440 338 119 454 246 
 809 434 809 389 667 335 495 
 535 425 935 293 632 978 965 
 350 78 191 17 82 934 570 
 78 413 75 961 795 752 565 
 231 828 999 778 349 558 191 
 224 459 21 398 910 784 894 
 335 309 674 123 132 106 943 
 882 499 881 712 940 196 840 
 848 494 823 361 984 41 120 
 69 104 130 656 216 405 641 
 410 713 109 826 962 933 363 
 598 566 593 794 598 658 204 
 292 404 252 630 112 994 220 
 11 685 463 361 125 954 941 
 131 853 169 420 293 87 910 
 644 838 176 859 173 364 305 
 161 542 159 337 318 623 54 
 107 418 639 125 213 111 957 
 297 939 83 416 729 439 871 
 901 765 610 701 427 739 918 
 204 184 197 835 531 953 556 
 150 23 764 106 457 732 478 
 907 869 29 564 769 704 516 
 682 138 414 88 412 810 680 
 905 424 784 87 589 984 306 
 367 464 776 743 957 557 780 
 872 758 864 191 741 556 359 
 947 345 898 347 731 461 498 
 850 298 910 523 714 514 46 
 515 430 476 122 982 592 890 
 497 116 298 942 615 452 388 
 161 756 667 709 18 393 130 
 978 492 683 154 575 222 343 
 489 393 514 940 546 63 349 
 647 814 84 272 9 660 541 
 771 96 801 26 636 192 496 
 679 474 240 368 648 597 668 
 520 439 865 350 291 276 175 
 995 500 48 74 607 128 482 
 369 816 365 38 642 571 430 
 266 569 401 620 790 330 783 
 636 901 773 392 243 536 458 
 970 465 541 649 155 672 866 
 675 226 780 
 100 30 102 983 998 875 327 
 555 666 311 150 55 480 851 
 109 390 354 452 246 178 419 
 250 972 676 667 721 244 800 
 220 193 530 217 625 502 698 
 10 547 415 381 521 627 382 
 552 561 415 388 107 606 461 
 235 735 695 329 808 388 410 
 438 878 197 898 966 756 501 
 785 745 201 550 382 271 685 
 13 494 622 703 134 874 482 
 310 161 155 984 121 778 832 
 425 485 746 52 15 241 367 
 192 952 971 155 115 293 480 
 247 547 441 198 302 771 658 
 130 306 938 186 232 919 735 
 754 510 104 911 859 880 373 
 42 556 633 450 880 178 766 
 774 967 867 322 264 161 321 
 713 521 472 119 150 818 441 
 557 627 756 937 907 507 161 
 690 703 449 326 947 831 511 
 557 371 637 622 132 228 909 
 880 415 88 560 311 742 76 
 926 955 374 815 13 982 617 
 176 188 848 973 442 718 897 
 389 161 447 266 681 818 240 
 266 502 612 162 9 469 240 
 28 87 301 193 301 138 488 
 163 193 801 637 694 875 436 
 979 344 886 711 681 203 780 
 922 390 347 586 746 955 421 
 978 430 538 897 55 689 493 
 254 78 690 854 871 193 141 
 754 393 322 343 964 154 113 
 700 747 185 582 440 739 63 
 966 663 524 89 245 566 845 
 922 120 550 183 283 392 4 
 49 298 29 377 398 467 256 
 810 128 769 758 151 931 578 
 373 948 57 46 657 865 273 
 638 924 705 567 85 695 885 
 194 663 683 943 992 475 173 
 366 265 2 869 244 550 597 
 101 976 840 216 282 740 392 
 352 92 751 530 686 814 376 
 920 664 172 463 151 676 231 
 235 788 716 786 819 781 911 
 801 454 423 22 415 568 347 
 986 740 747 367 13 160 41 
 350 207 18 667 71 149 168 
 603 638 888 388 545 885 539 
 482 929 168 235 389 415 355 
 404 122 871 284 671 251 598 
 255 37 436 704 822 538 483 
 440 301 2 681 106 39 997 
 579 937 610 674 335 207 379 
 836 879 39 297 847 640 844 
 282 880 391 328 744 408 952 
 27 65 839 686 658 538 200 
 241 627 465 57 763 642 476 
 127 568 949 397 707 57 103 
 618 126 768 303 470 118 808 
 598 866 854 964 315 393 398 
 716 446 53 624 759 71 61 
 949 276 828 571 347 166 236 
 935 432 10 855 30 299 298 
 777 240 175 991 546 300 542 
 345 423 684 863 198 871 767 
 968 603 661 699 450 222 528 
 631 222 495 699 969 419 434 
 173 197 397 
 710 649 712 740 427 940 839 
 154 493 760 546 938 363 394 
 784 601 598 869 50 158 313 
 245 807 456 917 987 43 972 
 562 108 822 123 173 16 573 
 861 284 178 690 808 730 981 
 85 223 211 881 248 867 22 
 256 515 498 566 115 596 889 
 943 299 356 219 464 873 330 
 231 541 597 472 874 194 903 
 407 906 527 830 971 910 118 
 667 22 86 845 629 990 558 
 299 675 374 641 309 156 677 
 647 286 86 720 143 128 592 
 320 547 165 616 492 518 116 
 300 300 783 764 185 547 858 
 186 349 170 482 442 165 932 
 808 439 557 37 338 475 531 
 641 797 933 754 526 704 278 
 224 489 230 881 934 506 217 
 366 571 678 919 925 327 712 
 6 226 224 407 926 214 823 
 965 499 551 695 389 335 180 
 155 66 761 147 332 896 64 
 663 597 211 950 746 591 385 
 53 862 260 72 530 188 124 
 119 43 432 825 485 161 875 
 699 372 878 478 345 340 30 
 766 950 551 93 757 400 840 
 612 34 720 514 251 486 627 
 665 741 702 610 963 183 119 
 451 885 950 109 293 877 522 
 194 735 315 879 894 486 710 
 526 379 240 312 357 198 59 
 561 483 740 924 244 457 450 
 521 20 577 986 374 716 384 
 759 936 609 108 615 210 688 
 36 132 283 743 849 737 868 
 812 231 740 650 671 924 488 
 736 217 85 951 170 714 435 
 665 585 27 809 96 249 384 
 914 719 980 955 124 150 317 
 664 527 191 980 20 412 773 
 933 564 493 586 894 96 161 
 29 500 348 707 13 861 898 
 159 536 259 129 269 169 805 
 35 825 694 37 834 232 557 
 129 112 130 714 515 912 88 
 42 551 584 44 348 159 411 
 323 572 225 136 500 495 155 
 189 869 86 692 953 409 579 
 986 28 380 108 651 63 978 
 514 172 963 579 320 874 650 
 688 108 124 967 649 576 21 
 582 718 534 531 20 994 812 
 970 925 46 157 645 903 595 
 803 128 810 677 269 81 148 
 47 341 816 61 171 118 147 
 727 335 480 147 572 62 211 
 915 725 595 845 517 198 726 
 156 197 763 244 522 235 856 
 1 75 353 475 853 480 648 
 315 166 489 307 821 467 124 
 512 938 140 928 2 521 602 
 904 696 286 34 608 459 255 
 673 905 657 131 623 637 501 
 138 27 33 659 170 706 637 
 620 718 110 340 582 543 920 
 692 352 40 918 861 720 194 
 451 314 878 445 433 977 868 
 897 807 729 436 439 578 984 
 920 882 413 
 818 807 541 840 185 604 748 
 962 47 766 257 191 348 56 
 197 743 217 142 507 52 984 
 124 378 641 433 774 795 26 
 309 55 973 504 360 451 520 
 674 330 611 176 882 378 139 
 566 812 150 717 61 575 796 
 268 497 337 96 1000 64 109 
 900 764 37 867 137 241 225 
 555 896 304 72 370 438 418 
 948 496 835 840 468 79 506 
 273 587 203 606 279 888 234 
 472 88 241 482 354 822 110 
 37 51 669 686 270 665 823 
 189 897 632 162 448 372 716 
 332 350 102 344 540 534 243 
 500 760 264 501 424 997 389 
 466 92 531 606 216 323 316 
 134 409 675 96 278 734 949 
 994 556 509 84 552 10 899 
 48 421 232 135 943 302 321 
 804 720 191 558 52 248 411 
 997 60 449 709 143 860 542 
 378 628 803 654 82 951 197 
 611 603 825 764 690 836 735 
 679 936 594 402 853 353 612 
 522 127 496 847 866 737 845 
 929 18 871 418 325 639 767 
 164 683 274 851 506 685 123 
 434 798 490 363 571 86 27 
 268 265 698 759 786 869 579 
 926 982 319 152 71 326 514 
 831 66 358 266 118 69 429 
 246 47 239 39 389 589 638 
 933 563 769 393 255 168 891 
 677 189 117 849 136 153 925 
 392 783 900 221 78 56 482 
 915 612 527 119 520 124 336 
 662 86 198 321 757 230 969 
 421 882 434 988 200 996 302 
 962 902 442 349 583 498 68 
 783 294 224 51 308 662 433 
 241 863 160 449 424 187 521 
 362 715 582 975 703 14 376 
 965 944 39 449 111 280 418 
 662 964 200 190 354 687 665 
 288 244 740 412 27 364 419 
 985 636 869 838 138 878 682 
 913 533 163 816 791 76 878 
 407 95 493 905 839 392 119 
 585 676 769 107 994 802 7 
 407 364 704 701 521 259 748 
 653 272 352 417 217 610 721 
 786 584 12 336 150 17 933 
 998 673 249 578 142 87 661 
 215 153 968 78 610 13 385 
 183 264 133 184 159 12 502 
 341 158 563 727 760 690 25 
 270 783 823 697 514 861 537 
 678 476 513 249 53 93 4 
 25 534 158 40 807 127 745 
 512 234 783 195 292 777 891 
 102 25 140 866 727 466 993 
 976 845 841 15 773 933 548 
 799 620 557 383 840 475 782 
 429 359 421 928 814 216 400 
 325 775 488 327 109 5 422 
 376 861 487 381 667 30 566 
 363 535 190 302 110 548 402 
 553 971 280 598 600 694 90 
 162 609 129 928 517 351 12 
 937 197 404 
 177 874 478 958 77 833 526 
 429 717 187 586 784 286 406 
 363 707 322 813 350 497 740 
 551 342 161 451 446 426 938 
 142 25 158 133 803 768 722 
 887 848 939 133 28 365 969 
 559 594 808 929 57 243 718 
 491 278 888 266 315 709 477 
 119 587 669 585 973 989 200 
 850 86 251 699 338 926 616 
 531 12 356 138 510 460 154 
 485 516 770 438 745 653 437 
 806 135 151 7 222 70 198 
 396 441 472 642 649 33 763 
 311 271 687 664 815 933 121 
 573 335 399 950 915 348 408 
 218 328 708 96 506 626 436 
 941 71 327 925 371 19 439 
 453 140 876 599 190 702 811 
 284 426 623 852 331 962 89 
 355 155 112 485 250 775 474 
 480 581 573 443 985 434 879 
 489 334 321 101 945 137 232 
 535 466 6 283 843 219 586 
 893 859 582 34 65 612 945 
 840 879 406 712 31 319 695 
 237 745 999 262 867 469 197 
 527 613 434 707 668 297 457 
 389 646 163 605 508 318 115 
 100 384 326 399 219 439 558 
 982 780 776 344 226 878 679 
 331 226 552 870 495 66 565 
 599 877 108 150 795 396 874 
 674 490 955 515 742 457 506 
 137 645 188 655 804 350 921 
 809 697 712 536 958 768 486 
 868 413 24 43 355 827 50 
 236 700 430 80 224 245 266 
 228 776 962 527 472 886 69 
 368 729 31 953 545 355 87 
 396 800 187 769 791 856 622 
 820 951 965 76 301 377 555 
 924 734 407 836 735 610 653 
 934 828 381 250 153 806 629 
 448 409 479 52 698 296 979 
 720 80 568 109 360 979 523 
 98 215 400 979 127 590 831 
 265 475 11 121 438 276 316 
 820 554 115 849 286 192 303 
 397 642 974 602 18 173 230 
 381 871 256 822 828 747 955 
 775 129 222 758 167 690 341 
 494 383 305 385 321 365 231 
 756 651 551 401 123 117 75 
 774 241 192 153 213 465 820 
 893 937 489 761 718 409 200 
 186 481 113 86 277 818 443 
 726 987 927 459 236 335 381 
 462 205 393 695 248 19 720 
 818 726 302 633 393 666 394 
 146 521 400 674 269 924 747 
 560 972 191 706 449 505 602 
 903 306 667 674 357 365 272 
 177 503 346 485 408 992 982 
 574 921 214 4 206 527 110 
 934 614 234 318 433 229 349 
 685 411 251 838 163 806 814 
 359 303 530 705 185 820 572 
 752 204 659 849 747 702 815 
 992 646 481 499 778 285 467 
 587 738 695 844 853 445 58 
 330 334 936 
 248 300 932 372 100 400 439 
 642 855 725 790 222 713 207 
 195 86 240 830 334 751 266 
 694 346 331 394 325 97 589 
 676 326 777 24 513 760 451 
 770 785 53 863 861 204 819 
 562 399 718 693 346 678 838 
 655 567 605 765 307 346 197 
 887 679 651 628 83 859 115 
 222 994 635 21 118 313 393 
 166 123 46 343 30 115 932 
 967 758 216 55 971 264 300 
 679 947 604 678 340 890 392 
 322 174 512 469 274 377 294 
 378 479 922 987 841 453 933 
 480 668 385 978 389 949 740 
 651 194 135 76 590 574 704 
 175 923 183 851 407 69 654 
 223 820 424 968 442 428 310 
 187 955 699 489 655 290 666 
 472 336 168 185 155 677 237 
 77 540 162 885 752 715 110 
 434 827 576 436 25 787 966 
 593 476 518 92 362 298 301 
 643 387 128 927 647 967 694 
 313 701 635 578 495 721 9 
 492 761 796 694 662 270 655 
 794 18 769 907 738 625 278 
 108 431 927 595 162 669 760 
 342 493 531 304 243 963 757 
 741 194 851 427 829 218 86 
 359 935 631 795 217 611 413 
 223 139 448 442 351 867 162 
 973 653 356 944 528 924 987 
 38 918 452 362 191 550 267 
 743 464 194 578 698 836 88 
 331 977 476 262 963 235 619 
 491 572 926 818 186 727 8 
 16 382 539 152 431 180 752 
 171 575 146 66 374 228 123 
 103 702 758 488 127 360 780 
 918 478 562 688 881 906 110 
 976 884 901 586 730 6 626 
 857 52 459 751 375 351 312 
 959 518 682 796 796 300 45 
 654 199 513 956 339 192 897 
 87 45 483 781 748 2 696 
 450 484 481 465 718 197 244 
 178 30 693 814 186 858 953 
 596 331 51 617 692 19 289 
 700 614 369 343 666 621 582 
 315 973 603 241 126 22 863 
 489 368 194 920 63 361 353 
 934 139 696 130 37 524 451 
 809 608 516 867 203 424 345 
 13 847 762 708 335 988 881 
 967 849 738 184 584 295 866 
 461 512 528 965 158 667 816 
 565 453 957 933 605 924 537 
 972 922 39 760 114 238 827 
 51 785 161 850 610 712 902 
 684 96 466 534 972 236 89 
 807 488 537 555 874 542 288 
 25 567 670 386 118 809 324 
 327 790 561 618 493 698 123 
 120 282 982 203 883 288 633 
 550 845 948 239 808 594 508 
 32 704 590 243 262 205 552 
 591 601 847 271 61 586 182 
 750 137 282 3 657 95 856 
 672 972 648 404 529 368 734 
 175 7 661 
 262 687 664 15 160 740 840 
 16 64 731 749 464 354 749 
 46 207 7 903 193 558 306 
 704 991 657 585 101 48 189 
 988 891 325 81 399 209 394 
 287 375 564 743 487 478 143 
 27 79 598 392 816 556 815 
 644 813 975 170 294 181 313 
 729 129 482 12 404 155 330 
 991 277 606 797 543 134 701 
 532 365 423 251 153 884 562 
 331 733 735 730 134 782 725 
 783 560 989 131 634 914 473 
 205 288 62 469 501 874 668 
 42 207 919 287 469 562 413 
 255 630 543 548 780 917 263 
 375 559 749 142 617 841 965 
 209 307 432 619 424 712 180 
 72 932 692 438 25 367 584 
 627 698 894 183 139 227 8 
 470 357 136 795 62 887 393 
 227 144 638 310 385 212 441 
 89 221 890 710 576 348 853 
 809 673 631 523 193 476 225 
 158 209 207 894 239 846 573 
 268 791 637 891 804 677 162 
 104 477 734 488 10 740 272 
 20 840 788 236 928 411 807 
 735 856 475 91 984 246 332 
 643 679 734 221 595 250 345 
 915 824 598 482 610 43 711 
 666 775 948 680 412 598 502 
 874 488 695 223 989 192 479 
 540 927 124 159 286 846 605 
 23 358 351 100 169 297 901 
 608 901 620 441 90 576 479 
 780 824 699 481 253 203 940 
 103 195 642 919 595 545 498 
 211 214 941 516 269 958 927 
 773 84 894 345 716 233 184 
 907 189 564 483 235 128 871 
 693 87 105 132 262 499 581 
 341 722 16 41 38 181 931 
 155 893 699 33 789 893 575 
 763 613 205 991 781 413 924 
 778 86 363 257 313 239 9 
 212 110 956 554 934 664 508 
 745 457 761 392 376 711 629 
 109 587 20 195 361 579 602 
 970 191 994 336 2 907 970 
 114 799 29 747 391 414 854 
 272 773 836 107 80 780 427 
 204 974 421 772 123 160 224 
 436 349 991 784 559 722 483 
 744 156 652 788 810 741 769 
 472 907 533 857 79 40 936 
 591 144 814 708 783 138 365 
 664 427 283 226 105 541 696 
 295 175 108 448 355 601 272 
 361 128 549 156 583 497 189 
 701 792 104 330 494 281 401 
 26 689 462 231 281 598 52 
 10 833 595 943 254 441 79 
 242 106 287 95 866 733 301 
 340 569 393 460 427 323 676 
 667 202 82 874 630 251 474 
 125 807 130 812 823 613 167 
 611 734 727 50 768 501 991 
 217 646 401 590 699 933 90 
 20 610 823 349 36 858 995 
 68 592 868 333 29 706 513 
 458 411 566 
 823 285 150 608 590 715 467 
 385 111 982 323 681 296 963 
 117 131 970 772 595 499 295 
 717 613 416 12 671 808 882 
 619 671 547 866 133 180 31 
 172 25 322 37 733 783 553 
 268 884 115 732 729 186 995 
 123 70 633 263 496 102 126 
 763 217 205 214 310 450 738 
 818 503 448 553 178 837 846 
 898 891 547 439 188 952 365 
 864 448 633 13 995 237 686 
 740 130 158 874 970 170 845 
 96 139 44 518 86 183 410 
 76 900 192 93 844 307 858 
 889 147 845 940 533 288 584 
 425 140 513 954 389 438 902 
 708 87 363 232 358 579 252 
 688 926 956 17 767 352 252 
 426 857 789 404 855 624 267 
 658 166 65 207 165 247 889 
 637 794 785 486 196 876 27 
 286 42 325 426 7 186 215 
 926 211 992 328 451 954 272 
 481 384 908 666 326 273 557 
 262 779 404 7 447 531 93 
 22 337 400 99 502 234 761 
 703 37 74 654 424 640 250 
 957 96 646 750 226 764 6 
 698 904 614 338 405 883 866 
 921 72 329 762 189 421 331 
 914 793 696 191 3 368 158 
 507 504 397 72 593 610 478 
 342 78 612 504 763 809 269 
 945 884 627 57 799 176 138 
 815 628 631 877 208 718 930 
 912 28 16 830 149 253 939 
 608 150 952 490 527 13 551 
 632 932 679 335 713 3 540 
 802 923 399 832 756 11 974 
 855 886 183 881 370 269 335 
 610 956 999 906 219 227 171 
 217 611 151 301 502 95 308 
 460 707 962 151 396 219 356 
 738 642 505 820 848 787 505 
 541 471 299 403 610 144 935 
 49 777 648 866 692 256 612 
 751 875 275 479 75 23 552 
 131 464 263 873 408 848 543 
 895 816 384 887 574 110 177 
 796 301 538 957 465 594 157 
 885 515 256 125 261 623 543 
 128 164 21 159 152 333 745 
 284 547 231 821 520 255 316 
 871 620 799 508 892 517 496 
 55 202 726 955 397 478 225 
 488 518 266 413 647 960 20 
 294 494 267 999 135 313 966 
 530 608 733 928 186 831 43 
 454 257 376 684 464 883 205 
 161 353 404 140 39 450 204 
 371 653 782 909 524 277 163 
 474 944 92 550 127 965 890 
 195 904 567 800 727 27 200 
 141 45 781 807 118 490 150 
 569 721 618 948 883 680 735 
 767 314 390 85 33 441 419 
 726 332 688 207 726 513 164 
 952 53 68 595 907 64 584 
 516 860 328 532 440 783 981 
 426 923 954 170 12 953 328 
 800 885 632 
 54 22 592 769 699 368 612 
 166 66 947 274 763 399 953 
 324 524 107 169 165 42 543 
 436 680 140 154 527 482 855 
 659 404 886 430 445 55 156 
 792 990 833 681 629 934 471 
 502 798 335 615 912 766 801 
 871 394 253 395 278 396 694 
 184 495 353 493 255 770 308 
 795 497 153 768 165 240 234 
 850 48 36 241 407 621 741 
 514 677 692 272 842 594 313 
 33 508 375 721 333 314 763 
 236 60 329 766 359 33 266 
 132 960 217 154 357 433 773 
 121 142 512 480 123 290 421 
 374 505 639 288 763 452 64 
 565 111 543 110 42 323 985 
 989 266 100 829 287 769 226 
 274 859 998 535 832 123 343 
 488 778 841 584 581 836 895 
 369 193 217 792 82 24 758 
 58 696 667 43 656 100 668 
 591 234 616 642 745 355 937 
 100 806 262 346 237 981 296 
 255 357 828 763 108 465 465 
 767 32 191 784 305 878 484 
 743 25 493 929 322 236 581 
 449 119 495 184 3 562 502 
 113 576 175 735 16 852 560 
 138 881 333 332 77 759 724 
 68 737 324 238 188 998 445 
 225 342 823 335 631 814 573 
 349 932 636 980 828 888 197 
 120 428 139 825 413 423 619 
 123 457 975 423 770 810 666 
 1 954 127 540 894 522 17 
 680 84 483 765 854 264 885 
 936 267 629 289 57 491 283 
 38 12 600 685 541 756 440 
 545 139 246 359 381 482 310 
 266 191 982 106 774 705 880 
 592 260 366 180 801 334 559 
 395 570 718 267 96 854 330 
 266 923 702 354 497 439 955 
 453 827 147 393 854 60 931 
 411 835 229 228 758 407 525 
 178 272 988 46 322 493 595 
 995 214 356 431 99 308 206 
 428 447 485 418 355 322 262 
 265 50 669 824 980 973 463 
 384 79 111 951 318 76 87 
 762 582 840 587 363 625 966 
 773 62 904 989 816 947 109 
 842 368 994 2 301 269 106 
 438 357 894 290 139 482 396 
 843 361 439 78 452 320 507 
 830 420 879 628 125 805 320 
 723 412 541 696 469 86 435 
 247 150 206 916 332 886 124 
 659 150 312 30 554 850 311 
 232 395 383 504 276 205 779 
 781 80 47 563 887 858 693 
 181 33 227 918 46 948 230 
 330 315 638 88 595 776 793 
 221 658 577 213 487 15 252 
 485 781 677 443 130 588 116 
 346 682 464 556 285 766 105 
 945 311 870 990 803 50 949 
 266 427 313 261 689 421 655 
 392 529 736 574 755 481 718 
 543 411 962 
 876 476 116 823 505 511 165 
 158 166 193 46 572 178 449 
 421 34 322 922 931 130 562 
 747 825 15 590 166 961 183 
 200 232 87 338 263 2 612 
 736 836 379 758 651 228 172 
 713 41 52 977 148 824 520 
 467 435 448 953 534 288 354 
 914 11 401 977 145 749 887 
 748 822 603 475 745 69 498 
 33 977 387 969 226 205 946 
 113 491 964 797 443 519 290 
 226 247 52 616 115 261 16 
 390 571 118 803 512 96 360 
 657 67 876 724 509 582 740 
 167 583 849 69 658 73 606 
 305 514 37 514 398 903 887 
 698 673 469 633 693 413 148 
 322 382 541 520 454 198 154 
 232 507 811 149 54 433 731 
 316 195 783 262 965 49 30 
 718 476 533 590 624 676 354 
 954 136 526 431 733 398 845 
 267 577 610 254 446 539 600 
 856 783 768 588 807 557 237 
 36 536 511 113 480 156 258 
 692 706 444 573 28 173 761 
 110 516 959 72 186 619 215 
 448 879 148 477 868 978 763 
 596 350 431 83 392 618 604 
 88 582 286 445 751 688 210 
 413 855 774 883 345 950 363 
 591 28 283 437 464 290 143 
 562 569 126 939 978 906 754 
 232 153 347 897 328 553 706 
 14 56 370 972 331 778 577 
 118 849 812 193 73 946 690 
 140 718 992 828 103 343 651 
 696 864 961 245 325 969 699 
 894 164 898 944 206 695 144 
 572 718 22 271 376 885 910 
 928 798 259 536 467 851 616 
 307 172 719 146 617 429 853 
 176 34 382 723 730 498 327 
 217 972 483 297 921 366 691 
 448 491 733 11 642 814 992 
 237 236 653 42 107 736 991 
 602 95 753 213 372 526 226 
 538 245 651 65 660 889 269 
 943 468 236 304 981 54 226 
 685 997 313 32 248 774 142 
 703 861 53 297 716 474 427 
 521 440 2 763 799 912 55 
 776 401 12 861 17 267 456 
 726 948 42 980 225 19 720 
 435 210 616 21 814 624 274 
 612 279 673 557 786 237 622 
 547 541 906 21 868 256 485 
 866 118 680 784 701 406 653 
 162 962 90 601 194 411 276 
 683 912 21 910 681 555 29 
 149 398 706 345 256 329 268 
 510 725 193 933 157 904 674 
 455 925 619 545 724 718 419 
 62 701 714 776 742 12 404 
 531 622 441 758 725 975 576 
 396 395 804 509 130 939 173 
 68 334 157 217 562 365 362 
 525 635 582 342 278 282 936 
 45 968 219 389 831 93 1 
 955 315 588 590 959 364 679 
 237 600 382 
 74 385 28 719 653 139 477 
 389 625 414 906 788 497 668 
 701 828 352 420 87 635 588 
 234 366 856 997 276 17 155 
 505 765 985 830 234 628 832 
 324 630 618 295 123 333 902 
 1 275 40 216 585 771 342 
 288 411 56 141 308 309 332 
 114 251 51 48 602 340 69 
 338 677 630 674 301 101 134 
 729 36 825 186 516 684 66 
 992 507 267 538 510 233 636 
 159 488 288 632 612 378 805 
 523 434 307 444 172 881 238 
 442 339 625 919 108 271 966 
 675 523 23 502 996 267 220 
 764 326 456 672 819 45 456 
 690 314 306 983 348 233 18 
 117 571 247 85 519 948 297 
 446 104 718 307 24 197 355 
 654 555 315 974 69 297 481 
 428 135 347 309 883 268 234 
 392 651 304 383 745 750 936 
 122 322 769 288 283 572 775 
 856 209 371 106 361 5 977 
 617 116 998 204 152 965 699 
 223 795 210 683 497 688 558 
 324 559 903 955 549 762 266 
 603 700 177 516 309 759 213 
 595 304 547 230 445 97 254 
 88 292 468 341 989 290 28 
 652 329 771 675 857 744 196 
 840 119 785 31 555 372 302 
 755 586 217 850 198 233 549 
 394 730 356 512 790 352 340 
 376 744 904 138 462 418 107 
 711 701 60 310 279 136 60 
 248 297 904 141 54 528 912 
 443 882 438 545 204 24 693 
 933 230 428 653 380 40 684 
 573 983 554 730 490 208 683 
 830 185 454 526 461 516 538 
 300 179 893 955 416 513 814 
 9 509 783 597 764 127 976 
 784 794 308 656 356 106 257 
 30 445 435 668 618 620 412 
 149 37 276 450 804 643 435 
 547 920 545 561 277 572 742 
 10 269 931 812 412 761 93 
 283 199 501 848 761 542 302 
 184 747 642 199 858 474 641 
 215 484 166 593 135 141 492 
 720 156 235 311 798 265 351 
 111 56 58 587 540 734 928 
 607 265 127 199 47 33 226 
 25 149 627 284 577 357 444 
 960 183 756 528 97 319 288 
 177 816 815 598 643 774 396 
 861 613 585 860 614 248 543 
 153 720 268 36 114 709 175 
 483 217 551 917 886 12 480 
 119 646 373 331 3 841 608 
 142 766 230 655 868 196 761 
 624 445 236 511 817 780 684 
 729 241 795 160 752 446 609 
 1 877 654 983 159 86 862 
 686 358 567 275 488 434 158 
 580 440 427 29 564 171 654 
 285 89 683 25 575 734 623 
 212 746 745 420 320 892 763 
 506 65 209 963 711 395 916 
 305 868 261 
 186776 184280 194531 191924 181363 179219 183927 
 193686 185808 189947 190702 192872 191747 173696 
 187078 175886 192992 186710 187067 192755 184500 
 185564 178181 187425 189607 181173 184169 178055 
 183081 173485