 500 30 0 
 757 611 420 620 786 698 509 
 893 523 808 647 641 814 897 
 871 812 729 483 647 549 897 
 557 704 614 803 889 648 690 
 708 890 620 816 864 687 567 
 877 689 582 879 449 579 500 
 633 898 731 634 677 751 921 
 663 582 777 590 923 774 872 
 778 788 937 1088 920 580 522 
 879 487 938 1021 558 715 1003 
 467 730 835 762 647 585 458 
 700 699 818 857 451 464 758 
 753 798 871 621 610 592 854 
 697 676 583 956 960 510 839 
 537 533 515 798 1008 545 606 
 799 808 865 806 855 583 397 
 1011 887 799 870 845 769 874 
 776 800 744 722 741 837 533 
 814 963 840 635 902 804 619 
 759 649 467 624 788 723 513 
 827 816 955 853 705 781 604 
 819 553 786 881 1042 583 649 
 554 813 911 576 731 639 615 
 930 790 961 946 583 795 818 
 602 793 917 598 741 598 823 
 849 782 804 773 528 912 608 
 883 962 753 854 849 746 640 
 883 959 902 629 564 813 866 
 858 623 636 525 643 726 557 
 442 872 722 893 565 716 879 
 575 786 842 910 577 909 1011 
 748 981 736 820 799 541 594 
 970 843 641 997 696 492 717 
 768 760 817 708 598 910 860 
 670 914 722 770 876 502 1043 
 705 706 571 936 989 937 488 
 507 573 706 761 897 782 755 
 833 785 730 751 458 867 904 
 712 890 935 554 926 519 761 
 1049 740 604 766 877 714 665 
 684 527 795 566 806 594 761 
 389 633 522 770 750 703 488 
 810 837 795 928 580 716 788 
 693 613 857 603 775 714 686 
 988 811 673 785 584 786 810 
 871 750 512 634 520 858 896 
 714 531 508 536 814 600 623 
 826 921 595 552 648 1022 708 
 734 942 888 904 692 975 944 
 814 743 648 884 880 984 584 
 573 955 896 714 670 777 754 
 813 820 536 937 600 623 815 
 909 737 972 543 623 1069 918 
 686 781 796 859 680 560 906 
 485 683 844 503 619 1005 898 
 750 925 956 520 856 746 733 
 944 930 768 582 651 821 664 
 743 569 502 889 879 696 503 
 876 588 746 930 496 841 730 
 821 751 993 692 672 1073 528 
 639 936 575 849 814 838 505 
 1000 729 612 873 690 816 926 
 823 528 1013 907 537 773 759 
 700 659 651 966 888 937 933 
 532 803 585 624 885 614 680 
 781 760 918 684 909 601 553 
 938 510 526 961 751 663 566 
 645 534 699 980 639 830 443 
 752 811 624 666 493 799 780 
 425 841 842 964 871 839 780 
 461 768 679 409 795 751 503 
 720 605 929 
 210 784 239 978 335 615 942 
 576 491 766 16 420 659 139 
 159 417 58 803 544 460 810 
 947 517 801 522 350 701 281 
 315 777 877 445 537 143 269 
 386 761 485 755 506 911 653 
 928 653 132 907 83 740 314 
 666 257 458 39 164 970 424 
 35 771 82 767 634 402 805 
 93 815 523 815 67 951 607 
 822 956 793 967 232 806 630 
 613 252 990 909 217 2 125 
 924 260 530 461 821 183 501 
 577 206 825 949 519 726 419 
 149 503 184 836 840 536 778 
 571 499 719 610 80 945 39 
 717 960 915 703 47 140 868 
 854 634 305 5 231 943 302 
 413 84 637 112 574 996 508 
 124 456 597 424 345 559 56 
 671 604 92 270 833 952 467 
 326 226 644 769 828 608 178 
 211 73 293 792 183 660 68 
 969 124 212 579 665 664 698 
 981 954 277 376 949 41 34 
 509 505 800 787 956 420 474 
 664 47 105 393 927 342 80 
 959 425 327 531 838 396 709 
 126 512 102 377 920 917 940 
 65 884 24 926 91 742 897 
 107 679 125 809 171 687 173 
 327 760 568 897 796 116 374 
 227 120 417 568 180 659 754 
 913 866 699 941 634 756 513 
 870 791 934 650 850 408 909 
 222 944 364 82 603 815 709 
 943 766 647 598 42 766 545 
 534 844 729 790 561 433 387 
 632 650 149 171 315 899 699 
 788 241 184 181 155 360 438 
 490 701 460 15 722 502 827 
 10 322 513 101 941 64 51 
 256 18 159 550 861 579 256 
 830 356 141 340 822 464 869 
 651 520 370 245 811 814 558 
 860 810 499 40 825 330 648 
 669 950 88 352 777 493 266 
 75 275 939 36 955 506 758 
 385 48 270 456 105 396 343 
 97 615 757 238 982 855 726 
 854 771 555 708 864 849 234 
 761 928 400 204 867 251 915 
 57 482 317 198 746 547 604 
 761 398 727 759 49 693 827 
 892 171 810 14 180 784 403 
 84 31 518 128 341 862 668 
 341 149 429 979 959 673 829 
 886 96 182 746 960 690 162 
 977 831 758 871 408 884 234 
 667 579 543 508 881 778 197 
 1 557 915 897 499 161 944 
 268 918 802 889 220 257 370 
 632 357 750 980 6 218 744 
 290 705 633 223 86 722 402 
 420 58 512 950 389 40 766 
 967 424 696 965 436 951 469 
 530 577 279 310 69 80 648 
 934 502 657 741 499 664 290 
 713 142 234 527 149 823 66 
 737 364 590 745 198 618 561 
 156 572 912 281 359 77 129 
 755 290 848 
 994 871 697 110 828 466 732 
 623 176 108 779 224 159 937 
 608 573 606 408 58 886 203 
 117 676 588 963 406 938 48 
 232 472 558 279 3 576 774 
 975 237 712 551 920 461 119 
 205 843 64 943 33 372 636 
 861 561 839 59 43 718 220 
 567 253 633 793 466 782 403 
 44 963 536 494 165 192 773 
 94 133 950 784 239 410 241 
 938 734 101 740 22 223 537 
 448 268 970 332 29 862 532 
 130 401 788 615 942 235 103 
 32 801 837 504 764 806 333 
 878 258 227 451 801 135 623 
 48 290 892 508 163 503 616 
 147 723 208 765 778 524 146 
 482 599 945 798 678 745 5 
 241 295 75 905 809 214 503 
 213 429 387 860 528 74 64 
 183 845 780 103 715 563 899 
 410 737 547 529 790 533 367 
 844 134 70 983 944 616 667 
 267 386 10 262 431 805 444 
 626 218 645 114 508 661 916 
 911 211 604 247 891 750 638 
 928 353 90 308 98 216 56 
 747 287 455 672 89 889 128 
 432 465 393 215 795 159 443 
 299 401 163 511 250 634 134 
 429 50 235 885 352 251 436 
 880 815 854 263 497 259 267 
 537 117 461 229 685 668 514 
 415 133 72 77 755 528 895 
 947 358 882 817 325 69 350 
 601 592 526 404 35 956 622 
 691 817 406 309 69 398 182 
 556 205 543 200 482 1 908 
 555 265 991 322 627 436 137 
 389 982 549 537 480 993 784 
 883 798 880 512 316 820 56 
 797 134 52 300 531 616 281 
 338 121 583 227 587 726 872 
 362 36 252 249 123 312 201 
 370 980 682 593 119 263 580 
 94 90 465 783 747 258 575 
 697 923 518 300 64 300 424 
 429 752 914 529 625 680 301 
 888 898 468 618 474 477 107 
 555 721 832 518 118 477 8 
 22 134 258 927 954 683 23 
 472 66 250 194 915 327 20 
 227 406 615 344 551 362 930 
 808 682 801 429 532 657 744 
 25 681 380 89 451 503 615 
 749 289 572 914 819 586 700 
 158 227 994 582 278 458 144 
 637 631 307 416 123 264 705 
 199 885 951 775 363 526 681 
 36 534 589 95 447 622 534 
 489 823 877 642 404 215 833 
 549 899 987 891 467 878 293 
 280 562 773 166 914 469 291 
 846 196 46 235 169 287 697 
 131 735 503 161 787 954 517 
 563 379 262 627 988 352 891 
 33 851 333 185 274 774 201 
 847 157 173 189 107 125 745 
 177 961 279 91 979 165 887 
 388 287 302 330 752 429 592 
 256 841 574 
 984 993 69 932 990 85 518 
 52 332 297 613 980 320 917 
 7 781 107 94 835 719 127 
 428 32 446 483 458 921 953 
 270 841 933 245 76 52 200 
 971 716 801 436 502 197 253 
 205 666 84 204 863 365 991 
 867 720 327 550 182 93 233 
 263 832 117 711 894 597 503 
 788 358 201 517 338 211 679 
 814 7 403 962 324 766 303 
 91 226 690 917 518 35 603 
 971 605 378 54 331 393 885 
 822 674 213 905 837 551 521 
 92 745 163 911 52 230 436 
 374 147 231 185 82 887 29 
 414 752 867 475 693 90 648 
 62 368 176 497 1000 353 776 
 601 999 221 107 492 800 564 
 320 736 813 634 300 346 303 
 547 312 752 92 464 592 802 
 927 628 661 7 154 741 690 
 720 315 515 239 471 626 466 
 607 318 166 711 898 256 603 
 860 794 320 884 972 853 907 
 336 205 543 382 838 528 277 
 438 896 506 537 660 433 48 
 793 509 509 301 222 130 405 
 275 573 189 191 130 696 502 
 168 652 714 784 425 764 964 
 487 682 146 834 110 905 640 
 565 842 376 681 726 353 954 
 894 400 520 900 928 674 990 
 915 917 631 356 473 851 534 
 697 535 189 464 191 753 376 
 93 231 701 109 709 829 530 
 212 799 755 239 173 907 343 
 162 950 697 996 549 147 310 
 73 248 137 122 604 282 217 
 666 596 245 652 749 496 852 
 35 385 979 869 979 404 117 
 86 987 298 720 993 694 537 
 887 615 902 925 342 766 918 
 221 345 26 38 818 70 404 
 477 203 410 830 760 98 845 
 194 157 332 717 493 102 674 
 266 623 350 258 526 375 789 
 989 115 889 139 975 410 871 
 302 113 247 608 659 950 125 
 155 87 135 779 201 531 79 
 715 901 512 389 95 341 112 
 629 122 303 264 798 911 842 
 351 929 861 361 344 598 253 
 591 383 191 209 18 197 33 
 628 178 651 773 921 727 664 
 883 349 28 547 513 67 77 
 543 431 908 977 642 795 715 
 783 420 338 713 682 831 293 
 805 125 803 415 505 5 143 
 480 253 129 158 611 900 458 
 295 247 97 658 531 752 615 
 702 940 987 331 171 778 412 
 514 34 797 256 10 619 234 
 153 18 386 6 661 280 476 
 587 813 422 232 69 798 59 
 910 51 946 507 321 14 556 
 718 995 587 221 577 693 144 
 785 727 923 577 208 806 689 
 472 182 681 880 461 514 545 
 542 347 303 986 745 151 212 
 622 962 166 179 764 241 933 
 948 550 532 
 808 215 814 367 840 20 470 
 338 685 611 785 429 982 58 
 701 940 987 65 22 515 799 
 767 193 112 774 11 237 99 
 666 562 113 15 262 51 469 
 325 719 884 178 117 557 914 
 568 419 573 35 820 106 148 
 324 422 780 419 146 483 853 
 53 833 16 971 249 814 673 
 270 352 500 772 847 598 808 
 57 169 305 926 118 890 346 
 359 556 8 62 953 859 380 
 891 437 22 392 291 367 166 
 767 675 8 671 177 464 867 
 453 259 86 657 500 232 519 
 484 634 858 566 494 598 46 
 265 760 349 827 16 745 600 
 992 312 965 94 376 550 465 
 811 48 285 927 118 562 477 
 542 699 400 329 759 501 546 
 487 383 665 908 134 183 859 
 144 817 190 505 815 317 913 
 322 895 244 824 524 786 111 
 856 255 500 989 896 573 363 
 934 852 215 924 55 59 438 
 178 115 601 398 333 6 979 
 291 843 505 670 320 626 275 
 510 507 353 542 463 2 329 
 61 166 772 167 839 341 383 
 703 901 336 629 495 962 323 
 926 601 215 336 4 190 220 
 858 136 386 389 962 256 836 
 483 260 69 746 54 584 741 
 222 922 130 262 34 113 49 
 982 629 498 295 282 131 68 
 502 956 558 806 965 467 967 
 250 404 994 450 444 158 889 
 421 550 703 427 758 65 362 
 988 47 467 348 432 707 387 
 629 883 853 574 572 493 476 
 751 719 658 137 744 149 906 
 237 475 237 469 770 55 90 
 36 368 291 509 344 380 659 
 401 252 448 830 604 329 901 
 500 354 149 833 543 945 394 
 336 913 757 280 59 463 977 
 466 419 296 98 273 541 856 
 52 227 883 378 696 137 933 
 633 668 331 156 998 977 564 
 411 47 939 550 820 555 571 
 827 446 368 28 648 735 153 
 631 106 51 928 334 181 610 
 463 435 889 299 910 206 19 
 475 980 121 36 819 894 860 
 340 748 88 255 60 748 687 
 203 430 62 498 375 998 803 
 676 100 629 130 978 207 497 
 344 844 465 862 920 742 17 
 195 721 92 804 628 26 455 
 490 755 142 522 256 646 184 
 355 572 446 61 874 797 876 
 451 443 86 452 461 923 630 
 215 300 573 377 402 213 185 
 572 160 69 985 507 416 932 
 283 803 702 932 741 710 674 
 681 372 505 338 861 531 928 
 808 99 244 820 612 399 911 
 2 280 679 22 291 558 500 
 228 323 578 783 217 930 422 
 44 823 132 937 111 553 241 
 847 553 904 907 582 832 901 
 556 398 209 
 190 707 183 399 825 562 95 
 385 658 737 274 949 108 360 
 511 534 993 662 756 694 641 
 421 114 997 380 218 54 365 
 672 989 101 466 761 629 260 
 476 356 152 154 298 970 101 
 31 511 580 211 553 860 331 
 677 611 296 469 628 964 641 
 230 834 536 458 28 743 128 
 882 664 919 394 376 910 462 
 769 793 548 784 178 213 98 
 539 12 452 605 872 317 980 
 867 614 868 607 718 54 835 
 999 121 75 768 145 164 745 
 263 154 927 827 82 396 464 
 474 3 855 661 568 463 24 
 272 960 347 561 277 532 412 
 62 492 419 255 235 103 641 
 421 151 908 364 740 225 615 
 751 653 844 246 873 58 828 
 108 923 667 190 10 668 45 
 57 978 237 593 382 193 563 
 598 8 967 31 134 308 839 
 48 497 367 23 139 155 386 
 343 472 462 654 586 396 496 
 79 189 813 410 2 786 681 
 526 615 844 366 230 981 775 
 240 836 463 983 83 469 946 
 502 63 372 940 194 76 760 
 444 308 946 397 331 328 458 
 780 62 589 57 201 88 997 
 27 712 946 665 961 103 210 
 660 848 89 692 244 993 272 
 475 623 743 296 669 99 701 
 307 722 940 220 680 795 884 
 653 259 875 588 994 635 54 
 612 988 622 883 572 964 53 
 923 745 108 166 863 446 617 
 677 395 552 190 202 844 991 
 265 209 51 933 228 220 950 
 9 36 857 51 361 353 730 
 260 648 610 784 553 109 213 
 15 488 399 89 8 45 866 
 876 242 729 835 548 421 36 
 610 406 715 339 108 704 495 
 271 30 183 875 627 969 511 
 739 852 440 286 659 246 443 
 335 889 634 545 856 930 617 
 583 803 173 623 322 748 25 
 504 422 103 400 412 277 542 
 153 714 142 413 638 221 219 
 471 50 169 225 388 719 771 
 397 161 723 260 267 782 281 
 204 854 517 78 654 710 584 
 450 528 828 199 307 759 623 
 612 464 884 997 311 555 872 
 545 224 92 193 838 224 116 
 850 839 326 360 299 756 306 
 146 438 884 587 790 268 253 
 17 426 443 629 187 931 657 
 862 54 422 341 195 673 397 
 226 821 180 326 90 243 290 
 755 324 422 946 684 782 312 
 569 292 873 192 101 781 958 
 62 538 780 716 742 813 13 
 375 655 586 61 791 905 29 
 145 662 344 546 842 751 314 
 134 493 55 586 2 627 709 
 51 882 453 472 748 546 254 
 133 638 403 566 213 93 360 
 466 168 186 476 245 685 925 
 519 492 412 
 202 37 252 369 451 444 428 
 201 383 33 242 825 734 410 
 855 500 852 41 970 73 366 
 181 261 229 832 88 481 22 
 530 721 842 731 462 919 58 
 44 642 474 359 437 277 89 
 524 905 988 651 584 73 298 
 574 528 145 553 481 125 206 
 851 138 54 51 855 375 756 
 260 4 749 119 912 47 681 
 115 793 356 290 322 40 702 
 36 704 699 655 323 586 831 
 886 315 468 691 556 65 44 
 50 516 25 897 374 46 894 
 755 709 10 748 353 309 388 
 509 541 302 220 117 513 52 
 211 239 973 809 821 683 264 
 868 97 942 178 348 890 536 
 426 347 946 891 469 755 867 
 832 529 81 910 554 733 203 
 111 767 33 931 326 442 332 
 200 503 210 913 513 164 544 
 65 713 503 787 999 970 298 
 979 342 737 339 183 827 565 
 528 863 561 999 166 873 552 
 727 665 221 717 333 530 999 
 616 530 52 279 193 890 573 
 906 768 466 837 727 405 393 
 600 65 926 576 692 583 570 
 225 561 108 856 426 195 495 
 65 46 192 475 605 879 361 
 724 929 365 307 878 684 884 
 300 174 732 434 52 293 75 
 524 153 255 952 555 464 232 
 527 138 492 657 192 156 696 
 845 840 415 996 391 290 835 
 66 703 660 865 565 528 113 
 475 782 699 481 176 271 57 
 546 940 963 483 109 568 668 
 730 793 919 242 334 776 588 
 468 423 404 972 432 396 175 
 407 282 398 684 950 799 204 
 617 659 406 637 537 307 603 
 423 948 477 211 139 445 871 
 951 717 135 668 56 668 278 
 960 143 525 134 103 170 560 
 463 729 565 439 219 695 294 
 506 525 793 615 396 578 55 
 841 243 604 988 629 90 434 
 593 186 838 337 423 926 211 
 777 674 557 420 344 893 770 
 893 519 594 744 880 222 47 
 687 529 640 551 191 570 141 
 454 310 566 924 817 282 351 
 117 961 429 125 304 894 75 
 861 872 267 253 69 12 29 
 99 608 219 387 195 735 197 
 37 892 49 506 732 177 504 
 811 694 606 20 266 917 756 
 420 714 204 892 392 470 417 
 846 255 227 33 543 705 525 
 646 971 476 114 249 184 776 
 96 728 638 121 408 702 264 
 831 615 845 467 335 968 564 
 785 927 443 352 765 292 420 
 460 332 124 491 632 768 3 
 983 979 379 14 122 89 789 
 648 682 610 430 936 805 808 
 275 895 290 134 601 314 975 
 592 218 36 878 63 26 216 
 119 130 328 346 195 147 326 
 659 974 670 
 951 334 474 82 818 885 195 
 309 651 907 471 826 724 568 
 129 97 870 662 850 650 26 
 734 54 362 13 89 872 497 
 479 848 157 73 594 978 512 
 374 979 633 723 598 451 963 
 728 983 146 105 619 571 768 
 594 384 157 802 133 291 601 
 478 832 395 669 368 44 822 
 872 648 700 860 102 538 602 
 203 897 755 440 845 7 163 
 742 267 230 488 113 791 880 
 132 733 4 791 996 264 647 
 590 288 951 234 85 496 869 
 77 706 957 80 867 872 331 
 33 333 657 144 766 545 194 
 222 210 880 171 863 791 946 
 851 61 553 306 854 911 602 
 73 774 211 405 220 986 238 
 523 829 233 172 919 969 285 
 528 562 806 631 922 197 187 
 46 684 267 821 215 627 418 
 245 108 213 37 131 908 319 
 11 72 638 452 324 775 365 
 421 897 561 906 59 217 50 
 381 925 707 815 577 585 447 
 140 522 564 667 904 127 475 
 391 543 967 38 943 755 646 
 511 507 113 164 677 712 877 
 290 321 452 853 563 557 388 
 62 964 864 862 832 620 970 
 821 450 281 584 504 166 176 
 270 242 579 889 167 567 61 
 198 767 731 484 635 970 458 
 742 203 604 135 21 230 424 
 437 241 100 861 255 548 296 
 195 81 896 197 145 499 120 
 73 173 328 17 548 432 34 
 679 198 967 523 822 372 233 
 700 287 761 705 966 55 532 
 707 362 662 493 575 297 580 
 439 175 554 756 261 655 623 
 494 804 873 326 557 596 110 
 408 149 813 605 84 714 67 
 755 481 73 458 438 781 983 
 785 289 729 179 518 398 336 
 53 876 815 611 115 231 211 
 255 407 339 505 737 586 552 
 566 606 655 486 390 109 279 
 168 132 777 200 210 514 584 
 765 562 472 21 916 936 156 
 693 921 836 789 859 85 460 
 327 69 182 283 654 835 494 
 712 803 682 539 156 399 93 
 33 633 427 6 825 906 811 
 104 440 583 254 364 832 605 
 639 357 943 423 824 900 329 
 983 859 890 342 803 721 433 
 523 359 694 489 465 46 579 
 308 192 864 985 865 986 250 
 990 825 879 497 249 354 60 
 980 317 358 602 300 863 211 
 576 637 176 761 160 529 2 
 350 210 265 826 970 882 955 
 17 601 482 802 82 211 744 
 448 260 708 549 779 965 741 
 155 163 802 255 603 223 344 
 467 881 555 689 4 9 2 
 328 870 487 211 156 927 47 
 389 92 754 984 137 70 523 
 18 292 463 278 553 170 962 
 262 793 161 
 633 822 840 371 117 401 105 
 257 853 59 782 871 32 475 
 603 292 347 159 274 454 233 
 758 338 119 581 835 479 202 
 393 255 80 180 828 427 299 
 818 797 208 1000 926 474 750 
 120 385 807 431 27 151 551 
 529 236 261 988 389 414 684 
 695 980 795 579 293 578 128 
 294 16 585 402 784 233 942 
 463 497 798 330 804 479 488 
 760 770 430 176 601 767 400 
 799 641 110 771 715 911 942 
 597 320 592 331 184 357 536 
 407 597 313 605 990 49 41 
 812 715 555 379 216 470 721 
 71 814 19 685 818 362 89 
 523 626 999 239 64 586 672 
 647 353 315 921 983 329 454 
 53 876 792 259 918 149 523 
 400 334 104 976 851 777 415 
 446 118 342 744 678 253 777 
 960 227 889 50 997 667 194 
 12 149 723 686 853 378 757 
 508 536 514 736 695 739 840 
 203 972 729 332 681 530 999 
 731 331 723 952 415 80 950 
 672 332 581 370 783 872 341 
 35 429 319 335 989 184 865 
 826 865 766 109 538 730 78 
 258 903 734 461 738 937 4 
 161 868 822 482 567 333 143 
 292 845 159 646 212 454 485 
 280 669 553 139 330 197 608 
 912 244 725 937 560 64 706 
 711 180 778 833 910 697 164 
 348 553 248 297 711 275 970 
 845 617 151 922 166 355 265 
 384 598 435 936 673 643 629 
 514 255 164 38 982 738 260 
 88 639 388 260 404 229 285 
 42 683 483 611 660 571 297 
 942 698 698 344 295 119 475 
 279 383 181 651 256 471 339 
 314 57 355 616 187 723 845 
 773 658 980 147 740 640 117 
 568 249 152 683 891 941 879 
 982 985 429 973 644 763 900 
 142 475 984 541 39 504 8 
 207 81 170 854 38 575 205 
 339 877 551 456 906 750 826 
 654 71 549 691 540 374 736 
 970 591 565 198 454 651 681 
 858 940 444 865 983 98 693 
 541 440 73 161 860 767 686 
 180 336 273 280 337 587 3 
 927 10 101 527 729 769 268 
 69 315 434 867 426 897 780 
 662 489 102 99 450 268 762 
 815 672 80 927 906 219 211 
 890 644 38 911 290 855 615 
 732 738 538 385 863 221 405 
 189 589 782 433 630 397 797 
 437 775 856 705 224 69 81 
 689 417 795 93 488 808 753 
 473 252 403 548 486 869 344 
 924 525 277 550 712 898 388 
 642 498 435 960 386 50 213 
 655 227 307 395 996 898 184 
 493 827 308 860 17 357 687 
 876 973 218 189 157 128 890 
 253 380 883 
 961 431 258 995 902 258 460 
 91 50 448 908 772 409 700 
 385 196 882 945 982 695 221 
 602 990 280 105 553 619 30 
 540 64 249 583 671 841 629 
 525 543 838 68 218 788 528 
 654 21 558 576 511 194 316 
 534 241 251 301 749 395 777 
 3 3 575 24 779 474 254 
 245 141 232 668 65 107 542 
 587 298 451 426 825 78 917 
 981 857 223 484 444 18 557 
 356 127 474 734 607 892 320 
 958 999 369 748 559 987 747 
 87 550 890 953 609 779 313 
 119 967 239 261 235 297 995 
 423 58 964 76 450 673 28 
 9 533 587 183 272 129 805 
 195 491 441 778 933 742 261 
 55 838 317 869 670 654 856 
 206 363 885 430 630 617 221 
 634 255 186 201 824 621 776 
 684 302 167 470 938 218 264 
 806 983 992 891 537 625 776 
 536 856 422 177 440 789 21 
 960 58 304 198 878 979 938 
 785 452 632 164 911 672 491 
 525 970 125 63 94 277 547 
 828 718 971 300 184 540 609 
 41 420 103 755 456 346 159 
 799 351 671 66 451 373 780 
 6 447 437 708 762 627 106 
 510 154 351 177 120 318 452 
 704 607 138 45 882 976 532 
 13 304 54 7 959 887 450 
 178 752 275 971 575 837 175 
 571 604 428 498 357 356 772 
 848 423 762 363 86 588 315 
 59 259 14 1 371 327 966 
 687 111 980 739 208 888 591 
 332 694 961 125 366 715 6 
 149 116 777 69 818 698 106 
 809 444 831 286 474 787 205 
 608 519 324 554 824 951 951 
 804 102 938 495 911 507 890 
 582 455 856 105 347 756 587 
 105 701 743 109 542 828 960 
 588 684 212 597 313 23 145 
 747 361 670 481 213 668 95 
 836 677 407 497 740 269 722 
 884 124 395 505 169 474 664 
 395 497 724 592 4 503 637 
 775 315 868 4 160 259 957 
 72 372 113 199 509 356 338 
 382 845 80 714 616 256 611 
 500 349 473 636 525 419 598 
 29 871 83 757 161 142 381 
 934 561 29 300 125 227 350 
 969 316 830 795 409 43 464 
 327 453 959 971 859 997 626 
 675 994 4 656 729 76 769 
 861 253 563 307 640 246 199 
 147 864 561 690 774 336 666 
 522 473 532 301 994 963 960 
 891 119 960 685 334 163 755 
 315 371 524 473 366 82 209 
 734 336 663 386 977 105 998 
 77 94 857 656 120 198 641 
 80 850 289 429 852 903 351 
 66 3 863 129 504 859 206 
 67 510 288 649 166 447 412 
 685 302 792 
 466 928 288 142 512 668 242 
 826 823 663 760 813 180 620 
 10 241 916 791 694 53 250 
 826 454 126 816 850 218 373 
 390 513 828 461 429 522 366 
 433 403 799 755 64 628 602 
 583 231 965 157 344 42 840 
 346 130 611 54 945 35 710 
 680 717 923 490 340 69 593 
 240 496 76 213 713 719 464 
 386 529 199 770 312 549 678 
 26 954 661 615 560 996 498 
 473 370 242 278 738 553 889 
 150 998 106 830 617 274 741 
 600 637 238 863 47 918 6 
 440 145 373 319 220 8 882 
 690 402 37 10 698 230 466 
 510 613 830 907 449 788 391 
 339 671 979 534 173 910 727 
 517 681 591 130 515 698 289 
 737 282 865 81 279 239 572 
 186 305 668 900 910 73 421 
 650 691 359 245 343 612 899 
 406 461 677 643 962 961 964 
 724 372 165 551 306 309 454 
 761 208 608 339 44 863 381 
 1000 574 886 366 133 924 741 
 771 171 471 858 245 640 288 
 128 284 822 580 475 482 688 
 464 556 180 199 252 604 212 
 951 807 90 848 182 726 197 
 407 790 635 960 625 342 407 
 289 572 765 376 16 126 234 
 577 679 21 219 540 470 560 
 484 776 667 924 371 211 700 
 565 661 414 685 155 163 594 
 727 480 410 638 926 842 5 
 245 593 373 891 450 168 334 
 664 732 720 128 260 847 206 
 783 741 431 556 885 150 581 
 333 383 213 8 674 327 421 
 506 347 680 176 712 605 4 
 753 518 383 397 501 502 202 
 420 208 871 259 693 318 389 
 978 872 624 461 503 573 243 
 292 658 175 455 484 895 341 
 741 799 948 8 46 999 530 
 656 626 291 197 453 271 617 
 780 567 238 979 278 676 788 
 948 859 69 206 912 989 815 
 322 869 291 18 509 274 44 
 395 256 396 963 658 817 747 
 511 27 890 910 488 876 284 
 307 153 468 146 996 831 686 
 702 466 133 592 860 547 325 
 70 472 115 167 493 367 412 
 801 880 728 493 338 28 537 
 700 943 333 585 755 521 965 
 930 683 229 568 442 371 777 
 401 406 767 791 257 197 273 
 347 180 861 736 468 277 360 
 667 325 595 180 300 777 50 
 453 613 224 673 635 683 164 
 636 20 948 297 154 791 905 
 624 276 669 212 538 587 16 
 257 765 358 432 844 576 181 
 514 382 158 769 544 447 861 
 880 22 258 819 601 441 27 
 526 548 648 161 64 223 752 
 300 379 160 73 149 258 645 
 706 576 884 493 572 674 631 
 172 929 266 
 648 425 115 33 453 952 60 
 649 982 830 801 559 887 593 
 957 720 503 363 71 485 893 
 754 891 158 263 320 42 800 
 275 107 25 358 26 164 433 
 992 623 272 875 366 107 569 
 641 555 245 586 141 330 692 
 980 11 393 381 771 46 864 
 115 704 715 208 242 589 663 
 915 425 506 993 711 731 82 
 767 938 332 812 58 125 291 
 267 576 192 420 44 693 897 
 274 651 873 940 599 4 808 
 706 756 266 788 177 895 178 
 611 126 479 301 264 565 9 
 928 898 909 320 635 646 420 
 382 675 413 845 197 279 189 
 612 27 829 105 461 113 491 
 224 288 475 389 62 765 413 
 785 5 727 946 68 577 835 
 396 626 382 28 194 472 730 
 445 844 714 226 310 936 643 
 885 3 682 247 211 440 661 
 434 155 516 148 791 279 112 
 871 936 8 494 191 577 697 
 314 464 123 165 497 985 945 
 327 444 780 620 157 683 670 
 223 100 265 869 626 194 859 
 837 743 254 616 969 253 63 
 304 913 456 615 244 416 101 
 574 929 459 62 485 700 473 
 27 729 980 53 970 356 370 
 204 60 282 866 470 463 977 
 879 647 59 182 503 843 934 
 343 67 571 893 4 493 642 
 625 36 439 382 141 369 200 
 183 745 90 573 993 384 949 
 505 881 714 609 284 233 641 
 532 997 867 83 898 239 296 
 540 304 301 286 593 499 765 
 563 332 644 5 180 203 832 
 737 484 31 56 31 437 421 
 726 889 975 607 314 744 411 
 144 15 424 719 865 50 824 
 679 94 507 990 760 680 619 
 421 308 400 684 861 381 753 
 966 366 114 146 783 796 881 
 118 688 66 970 524 472 798 
 120 245 849 128 182 657 804 
 938 406 352 853 598 64 329 
 166 227 844 12 229 485 656 
 385 349 783 112 813 845 873 
 881 32 763 977 771 839 806 
 635 226 977 550 641 155 300 
 939 977 319 382 680 89 721 
 131 502 723 183 801 640 136 
 515 188 778 206 782 643 193 
 321 865 823 289 363 83 919 
 248 107 585 261 429 662 17 
 886 272 913 549 211 633 546 
 120 458 984 817 394 220 671 
 697 387 501 249 166 281 694 
 393 918 561 282 355 320 727 
 754 443 814 406 33 567 905 
 551 374 501 8 426 357 124 
 832 277 741 740 802 479 151 
 532 824 587 731 15 270 77 
 731 366 240 301 852 828 951 
 39 255 140 482 407 524 715 
 222 437 129 917 630 844 62 
 1000 873 914 609 290 583 575 
 231 547 281 
 581 633 730 802 252 410 161 
 490 74 314 912 36 253 884 
 451 732 489 343 866 867 1000 
 47 892 86 388 449 650 706 
 725 41 876 104 867 756 7 
 688 674 300 354 135 209 207 
 683 471 913 694 844 603 830 
 734 820 711 567 881 423 977 
 365 26 317 435 205 330 156 
 251 30 805 405 17 889 483 
 742 717 979 800 668 364 900 
 979 527 561 941 671 811 307 
 595 995 866 442 454 785 483 
 752 872 513 801 130 774 347 
 707 420 136 399 462 198 992 
 660 429 569 181 82 700 391 
 908 993 983 236 51 142 453 
 433 494 576 380 83 37 559 
 955 205 571 655 650 739 647 
 575 914 593 161 220 172 382 
 412 364 754 773 661 636 591 
 829 360 857 216 566 469 487 
 423 362 700 218 563 300 270 
 400 314 556 39 323 225 46 
 236 616 753 77 169 968 650 
 443 432 9 308 925 168 692 
 682 512 131 933 141 735 317 
 29 65 135 718 959 194 664 
 686 204 324 60 43 150 141 
 437 788 823 540 33 987 152 
 150 268 509 752 876 841 376 
 803 709 320 33 614 397 950 
 906 35 363 832 582 97 867 
 965 173 993 952 454 758 944 
 143 230 239 503 316 418 405 
 461 853 175 333 383 417 982 
 446 309 990 417 364 572 77 
 570 14 435 6 447 362 782 
 146 560 485 59 908 620 333 
 977 351 838 570 722 631 500 
 736 132 199 25 846 307 77 
 495 156 915 703 831 118 665 
 924 324 882 791 634 466 139 
 521 779 610 556 347 679 506 
 636 527 792 926 931 136 871 
 265 440 279 850 810 256 40 
 258 847 790 787 70 234 310 
 460 905 94 271 394 500 199 
 732 327 907 837 225 885 648 
 159 261 187 131 726 660 753 
 300 273 106 857 870 290 847 
 818 387 411 829 164 95 338 
 426 829 774 285 525 261 452 
 294 115 587 9 493 447 709 
 553 176 163 738 148 691 289 
 217 546 576 791 93 548 213 
 158 911 987 304 66 226 106 
 50 136 196 914 479 536 745 
 713 817 743 831 361 359 219 
 562 378 698 693 829 711 329 
 352 965 793 593 628 646 478 
 838 345 841 959 112 603 812 
 773 806 946 488 97 379 247 
 545 661 459 630 568 237 52 
 742 112 901 149 177 337 322 
 863 332 944 344 533 406 412 
 367 837 808 262 620 828 184 
 728 992 555 126 314 899 172 
 579 420 470 106 236 879 764 
 147 603 898 366 159 975 854 
 544 422 777 456 320 795 166 
 25 928 913 
 619 160 31 777 84 466 708 
 170 474 567 621 805 512 348 
 595 877 956 887 654 513 334 
 287 848 47 210 351 74 840 
 933 54 584 102 233 800 806 
 373 969 498 599 332 411 704 
 426 683 977 439 875 866 182 
 561 178 13 720 91 437 393 
 145 184 919 957 669 700 589 
 409 4 449 173 495 93 609 
 661 284 943 616 420 405 343 
 702 123 153 519 727 425 107 
 821 515 914 956 15 364 637 
 722 311 252 823 827 827 154 
 787 655 449 632 934 624 308 
 870 404 227 698 860 813 220 
 57 745 916 139 861 743 685 
 440 99 619 508 303 26 93 
 46 628 590 284 265 189 28 
 566 802 394 436 282 905 765 
 898 566 527 289 643 224 899 
 741 600 358 879 757 973 155 
 310 996 358 615 897 756 565 
 758 254 97 662 580 296 680 
 478 989 717 691 640 575 961 
 562 814 91 653 440 943 344 
 199 99 597 502 385 689 923 
 307 433 130 249 512 899 434 
 487 241 561 708 971 446 661 
 109 922 644 228 445 256 827 
 723 358 561 622 231 330 155 
 508 270 94 873 593 54 416 
 360 35 376 850 247 821 156 
 516 209 822 292 643 354 399 
 320 91 883 927 613 205 965 
 511 205 825 752 500 532 819 
 737 295 807 21 236 831 821 
 119 991 457 987 817 410 373 
 960 581 79 632 341 396 598 
 672 395 55 742 267 769 402 
 946 127 772 295 41 944 621 
 793 740 722 169 379 69 988 
 372 67 476 673 210 34 313 
 534 275 465 153 661 868 570 
 777 779 149 156 755 820 550 
 548 459 929 72 323 656 551 
 621 588 675 887 511 698 769 
 12 154 940 113 233 521 840 
 828 742 561 776 799 639 215 
 854 650 563 226 497 662 348 
 847 181 689 475 337 300 536 
 793 950 350 337 766 631 897 
 838 26 823 114 56 84 337 
 287 841 70 255 778 256 357 
 655 117 930 929 516 909 997 
 905 276 961 757 819 415 407 
 682 94 514 563 919 608 343 
 551 724 639 485 848 6 464 
 903 182 419 521 422 746 384 
 335 60 797 966 798 895 844 
 976 636 746 229 230 708 635 
 952 630 76 351 158 175 374 
 861 260 238 614 205 763 445 
 624 678 846 910 630 810 803 
 899 436 914 581 139 925 897 
 920 395 801 394 442 779 997 
 1000 689 675 577 49 217 785 
 783 553 498 324 785 1000 939 
 774 815 740 936 20 347 781 
 396 565 997 2 24 747 189 
 150 999 12 36 857 335 480 
 320 896 8 
 200 100 989 33 203 444 68 
 207 7 521 475 645 313 610 
 743 105 574 796 6 597 309 
 166 528 184 819 792 68 800 
 228 693 515 745 641 860 967 
 297 983 58 754 123 481 85 
 982 584 915 857 777 420 862 
 971 572 134 562 583 719 222 
 222 801 958 995 553 101 514 
 668 574 760 520 890 489 867 
 193 55 677 706 415 922 648 
 505 890 341 661 337 405 877 
 672 837 572 87 319 1000 738 
 810 5 970 532 377 766 735 
 863 692 466 661 322 963 841 
 289 268 35 562 753 819 532 
 812 575 697 40 265 346 39 
 188 45 724 190 107 594 508 
 170 527 825 281 325 23 648 
 483 269 631 63 137 685 275 
 392 585 564 945 690 604 912 
 353 116 846 496 757 641 246 
 51 496 552 241 596 672 664 
 135 346 947 693 994 730 203 
 734 490 691 506 795 771 925 
 964 975 673 1 446 529 320 
 654 618 953 237 401 791 725 
 716 169 955 33 896 782 504 
 945 573 360 487 622 453 190 
 496 881 396 893 492 491 269 
 957 232 424 72 186 187 599 
 538 735 786 490 259 586 343 
 758 637 600 174 434 145 383 
 43 495 834 966 292 756 566 
 29 331 62 744 955 600 945 
 959 27 776 34 156 126 15 
 376 750 735 470 198 525 417 
 485 185 728 449 631 730 839 
 450 920 139 168 852 639 353 
 387 53 876 693 84 379 520 
 786 267 830 223 366 621 304 
 254 321 201 961 868 607 50 
 308 763 773 847 955 379 510 
 643 916 634 98 653 952 901 
 955 872 704 149 223 680 214 
 130 900 553 940 977 631 704 
 375 37 867 462 137 382 378 
 167 905 108 269 215 35 426 
 875 631 167 491 707 530 962 
 750 250 675 527 200 338 314 
 92 813 9 938 148 143 517 
 28 911 490 368 977 372 61 
 272 658 754 721 795 880 696 
 134 613 283 611 770 609 626 
 433 873 497 919 703 996 334 
 280 416 81 333 901 871 982 
 408 157 307 396 528 998 184 
 813 579 825 349 134 329 674 
 905 251 118 152 171 797 648 
 936 982 884 861 273 730 493 
 316 480 985 41 464 986 310 
 787 803 347 862 591 713 825 
 579 467 896 263 828 591 896 
 194 167 596 518 254 633 662 
 384 326 451 457 80 22 485 
 516 810 912 95 344 19 832 
 892 303 63 640 493 317 577 
 163 862 784 903 939 186 406 
 221 240 624 642 767 550 659 
 30 539 262 402 312 92 784 
 252 389 552 365 873 325 28 
 199 73 380 
 92 37 517 180 404 200 415 
 35 397 119 418 496 480 226 
 9 548 452 488 729 459 960 
 153 790 288 232 411 902 858 
 848 366 183 95 849 798 802 
 724 501 195 380 570 68 826 
 512 952 533 497 38 20 108 
 773 722 582 437 668 61 82 
 580 218 339 459 835 636 801 
 576 176 445 988 720 604 76 
 794 773 252 922 130 634 5 
 980 698 964 177 509 900 666 
 84 984 296 19 37 584 576 
 515 69 441 317 678 625 227 
 844 65 192 161 713 451 348 
 678 295 758 48 922 821 341 
 557 335 816 285 531 318 912 
 395 802 560 196 305 775 614 
 236 536 205 711 170 781 49 
 405 840 315 515 454 224 364 
 654 507 582 855 830 979 750 
 840 20 125 668 178 691 47 
 120 701 712 922 477 192 307 
 481 262 949 335 461 992 359 
 836 395 469 620 351 552 574 
 186 806 650 477 163 326 725 
 206 312 280 663 227 631 944 
 765 770 428 619 674 911 545 
 979 620 400 245 308 660 773 
 53 276 808 268 526 676 643 
 342 606 529 679 812 253 298 
 112 662 454 143 480 561 309 
 909 210 406 369 980 871 410 
 686 157 962 681 17 99 964 
 18 738 393 270 113 648 85 
 107 886 897 463 881 601 52 
 517 803 874 804 242 560 603 
 348 178 304 244 67 61 564 
 233 991 102 803 285 664 59 
 628 894 899 219 367 246 883 
 113 242 948 200 883 405 382 
 391 296 444 781 468 253 247 
 774 746 854 747 197 278 333 
 118 720 191 236 365 748 22 
 994 454 818 597 879 252 102 
 265 823 126 405 759 513 438 
 557 840 885 891 754 596 127 
 342 908 311 446 260 313 342 
 939 912 772 577 313 293 410 
 94 241 518 32 744 299 903 
 375 876 484 600 275 472 666 
 364 46 697 89 733 663 347 
 938 589 169 191 872 21 789 
 947 619 214 712 477 208 665 
 666 190 38 447 371 382 25 
 303 238 123 421 195 931 105 
 706 553 21 768 74 330 576 
 481 427 157 424 878 189 945 
 58 756 938 868 195 513 377 
 263 586 893 873 941 87 523 
 117 847 32 84 100 754 807 
 319 957 107 165 467 221 639 
 261 704 608 149 665 985 281 
 624 76 754 722 630 860 769 
 218 226 190 382 490 185 158 
 410 382 838 877 33 531 14 
 985 382 252 572 684 891 301 
 890 628 893 540 908 29 313 
 19 924 681 114 942 885 642 
 613 116 704 925 299 816 328 
 47 372 44 246 428 667 50 
 75 804 957 
 763 169 156 953 243 16 502 
 879 51 690 880 240 380 198 
 340 417 643 141 669 246 890 
 525 932 857 817 464 70 736 
 526 52 766 319 794 385 873 
 379 838 565 742 34 442 176 
 473 666 92 694 908 888 560 
 327 301 421 12 287 645 368 
 240 966 62 750 48 728 210 
 218 266 339 283 828 694 883 
 494 491 120 492 54 658 254 
 524 234 179 122 30 614 503 
 47 254 26 145 11 216 205 
 845 209 343 39 20 123 766 
 1 468 402 152 461 17 317 
 689 629 223 571 552 5 338 
 961 955 583 843 314 617 714 
 252 433 845 482 365 751 688 
 886 918 150 571 524 675 778 
 575 452 510 338 748 87 576 
 129 963 334 238 245 669 994 
 611 821 584 846 648 346 421 
 686 398 644 571 183 232 665 
 521 995 569 22 901 931 921 
 862 287 963 911 778 957 436 
 341 214 213 348 877 264 684 
 286 351 431 609 793 240 311 
 121 89 338 598 624 208 710 
 558 900 930 634 800 858 371 
 394 981 821 952 7 949 258 
 192 459 795 692 465 272 902 
 81 891 931 96 481 797 276 
 412 985 65 170 266 124 976 
 552 443 644 140 170 195 91 
 322 654 832 877 788 915 255 
 473 8 379 121 835 715 487 
 32 347 995 142 644 412 582 
 229 715 212 94 477 916 533 
 145 360 330 88 250 825 321 
 845 209 14 170 370 339 767 
 679 346 346 900 373 200 866 
 392 204 879 961 911 160 516 
 340 800 349 46 208 594 988 
 451 167 656 711 570 711 500 
 294 584 610 894 776 715 815 
 137 65 536 627 841 238 997 
 976 447 313 781 497 40 244 
 407 498 409 919 605 538 875 
 835 397 662 862 66 794 772 
 806 220 752 196 608 739 706 
 222 899 33 75 355 47 574 
 926 382 6 179 702 599 389 
 637 989 323 337 363 70 77 
 562 311 1 506 376 588 361 
 47 767 715 774 627 101 645 
 291 636 429 31 496 307 171 
 497 958 206 790 806 828 513 
 492 41 731 316 273 147 988 
 755 373 526 685 968 976 769 
 893 313 806 506 525 769 987 
 229 282 847 829 919 132 128 
 148 544 433 61 842 684 463 
 693 643 80 91 192 155 60 
 964 745 641 134 230 17 968 
 816 56 123 623 399 629 307 
 637 235 818 357 439 429 364 
 719 325 412 511 558 64 301 
 895 825 139 445 911 40 76 
 960 274 739 433 616 100 641 
 219 997 432 559 75 239 776 
 460 847 723 966 734 163 417 
 294 984 903 
 458 71 86 173 850 869 630 
 871 625 224 974 106 785 738 
 452 861 631 835 434 752 865 
 469 423 836 612 670 852 710 
 499 89 386 738 191 540 438 
 625 441 351 938 827 656 673 
 483 252 971 753 260 382 133 
 303 29 402 355 457 643 309 
 271 621 846 676 995 418 61 
 888 524 309 146 759 996 268 
 269 721 573 691 753 29 966 
 330 185 590 24 83 704 50 
 485 773 563 916 797 586 223 
 598 543 897 185 880 938 866 
 434 199 362 4 807 303 585 
 137 610 886 562 588 994 501 
 742 976 83 616 405 80 341 
 512 740 46 285 140 393 612 
 814 756 136 788 557 625 923 
 272 383 534 50 185 532 399 
 160 48 568 875 489 797 53 
 611 269 211 482 928 574 336 
 529 790 97 518 187 227 742 
 899 268 381 903 24 175 654 
 90 27 335 272 231 861 667 
 448 848 683 231 141 371 701 
 137 278 994 273 250 932 277 
 500 353 52 836 110 815 867 
 366 75 541 343 976 408 565 
 265 318 883 698 164 859 249 
 264 437 777 183 803 808 616 
 760 546 238 630 617 544 896 
 186 581 477 74 681 177 185 
 720 668 87 260 266 736 139 
 182 479 19 968 66 787 159 
 760 928 815 280 949 167 44 
 157 90 335 936 17 25 800 
 660 286 251 460 723 350 145 
 261 755 938 517 286 289 279 
 791 274 374 955 400 768 804 
 746 313 969 742 697 777 255 
 90 471 937 53 568 927 384 
 598 423 895 677 367 340 917 
 143 60 234 278 526 563 976 
 750 544 530 485 999 107 1 
 620 930 6 104 719 454 365 
 775 101 419 296 711 940 862 
 99 411 453 738 244 430 929 
 346 230 99 423 361 495 999 
 83 174 372 111 253 536 200 
 937 695 717 142 300 461 955 
 644 558 65 267 76 721 349 
 768 745 973 968 499 974 83 
 981 515 494 375 494 399 163 
 643 883 340 255 851 562 541 
 884 157 902 957 252 12 104 
 46 823 889 718 983 976 376 
 686 207 919 443 200 940 948 
 969 662 954 624 669 573 700 
 700 358 144 356 990 905 809 
 995 343 593 335 127 877 538 
 766 895 665 208 90 399 240 
 602 761 972 898 742 435 111 
 380 60 746 50 230 617 241 
 52 180 906 391 404 845 700 
 480 590 21 253 599 857 243 
 685 469 924 130 554 936 252 
 623 534 173 63 911 184 420 
 893 710 902 93 740 655 477 
 982 896 783 614 769 204 592 
 417 679 523 6 670 320 621 
 636 248 358 
 491 964 832 748 921 176 907 
 201 573 171 362 684 916 470 
 205 511 183 420 727 180 496 
 477 144 528 159 955 373 881 
 946 518 903 481 472 1000 469 
 936 21 455 587 826 971 814 
 568 742 68 698 936 266 122 
 349 614 591 610 349 576 792 
 796 721 647 833 884 393 229 
 426 53 211 925 792 923 581 
 153 856 37 238 662 434 604 
 658 783 359 335 169 429 931 
 450 663 585 248 306 641 999 
 368 801 588 739 601 930 478 
 96 814 571 865 956 745 101 
 443 973 442 925 759 122 30 
 520 809 737 568 304 891 844 
 728 401 682 811 119 827 56 
 672 542 565 848 221 8 133 
 476 685 238 490 902 941 653 
 814 192 56 879 748 436 989 
 614 989 594 754 961 98 749 
 812 996 705 228 997 376 800 
 770 421 360 2 597 220 975 
 372 182 885 930 279 397 722 
 562 323 314 279 157 168 347 
 208 961 484 377 682 816 171 
 857 18 593 9 395 999 524 
 721 428 241 956 524 556 774 
 883 784 671 520 398 694 180 
 280 725 265 743 137 409 719 
 38 908 442 417 710 231 808 
 410 508 68 438 290 722 923 
 237 256 463 687 326 481 789 
 577 997 611 633 615 894 392 
 693 731 809 35 373 163 180 
 555 108 163 925 755 60 692 
 12 397 551 707 770 954 976 
 354 284 443 848 823 630 364 
 978 486 144 581 662 910 24 
 200 422 999 77 154 154 607 
 743 938 171 511 367 723 1 
 528 99 305 102 613 830 965 
 727 143 624 848 918 507 234 
 857 593 396 280 127 391 311 
 621 469 504 83 424 320 130 
 348 600 330 411 820 824 141 
 17 488 170 798 91 460 901 
 263 558 942 598 858 518 99 
 856 726 195 180 44 212 599 
 142 950 942 392 140 781 508 
 738 813 208 758 298 581 561 
 849 387 956 43 881 937 633 
 715 754 254 268 928 519 71 
 30 857 15 894 369 667 75 
 46 167 959 1000 656 699 341 
 596 457 370 931 243 615 80 
 924 47 495 602 968 632 400 
 110 31 329 269 932 710 503 
 166 540 509 367 883 892 694 
 238 157 472 670 400 636 288 
 488 565 792 7 310 943 841 
 985 23 733 341 99 759 820 
 365 607 297 450 206 998 309 
 770 96 660 218 575 784 850 
 466 985 150 342 880 320 22 
 179 26 523 982 800 750 55 
 476 968 830 961 174 119 756 
 858 126 816 187 541 44 927 
 275 585 865 818 898 471 12 
 421 731 699 887 833 792 346 
 631 709 231 
 984 62 720 94 22 376 180 
 965 646 287 98 160 7 719 
 796 817 534 745 623 959 818 
 640 61 409 654 62 172 920 
 813 131 488 56 663 66 81 
 453 885 588 685 245 190 369 
 907 66 871 586 484 771 373 
 320 778 231 291 546 446 257 
 985 464 426 546 858 995 331 
 258 388 313 580 172 965 825 
 571 964 322 67 876 874 71 
 205 87 579 510 36 291 659 
 224 17 871 829 788 567 556 
 166 723 134 772 381 143 106 
 473 644 286 272 493 395 563 
 397 365 144 687 375 885 120 
 41 128 433 84 795 669 513 
 420 8 931 322 172 790 165 
 764 409 136 837 279 83 641 
 816 916 88 119 392 462 28 
 333 760 501 249 519 841 206 
 864 483 823 195 301 348 59 
 979 244 909 335 602 839 264 
 147 783 834 196 674 256 268 
 656 867 822 37 931 425 672 
 336 182 977 943 792 72 431 
 854 722 968 79 744 190 608 
 60 999 373 110 763 33 65 
 425 69 273 439 525 191 62 
 45 775 905 549 419 960 656 
 639 180 722 915 610 369 644 
 368 169 714 645 925 779 691 
 714 894 804 536 335 321 606 
 313 767 283 597 747 163 600 
 165 52 236 245 620 772 594 
 798 391 980 680 854 765 272 
 926 449 182 451 36 835 673 
 671 774 687 776 42 644 79 
 805 199 767 79 432 761 315 
 896 943 368 454 301 540 961 
 301 479 310 287 353 17 791 
 284 260 131 944 182 198 359 
 719 593 342 300 859 352 561 
 614 374 51 259 618 160 360 
 912 818 818 697 650 278 841 
 937 440 716 607 566 491 413 
 185 909 832 391 714 304 732 
 218 666 448 594 340 430 403 
 982 362 854 35 343 141 329 
 85 95 760 129 292 538 803 
 974 881 823 329 227 51 738 
 82 226 558 910 656 392 853 
 451 97 153 503 690 937 106 
 507 732 693 824 227 692 527 
 508 786 768 397 651 556 738 
 776 631 634 54 53 527 946 
 892 454 238 297 859 126 743 
 552 977 934 260 711 133 906 
 169 436 185 195 43 441 624 
 858 279 361 939 506 292 41 
 987 402 72 38 918 5 132 
 866 778 298 511 422 891 962 
 155 246 908 5 873 536 774 
 163 525 642 372 643 842 574 
 587 285 763 783 818 625 966 
 376 149 484 265 705 544 958 
 650 265 166 412 664 2 488 
 989 99 791 580 383 780 830 
 883 912 275 453 528 132 164 
 430 129 617 889 250 431 851 
 95 622 334 81 536 441 764 
 996 619 529 
 377 187 117 977 714 592 661 
 107 333 455 323 692 300 916 
 879 212 346 210 705 618 838 
 619 339 482 323 43 352 54 
 563 675 419 437 151 398 80 
 77 440 309 755 634 970 539 
 682 268 894 759 787 650 195 
 637 621 721 361 852 984 739 
 62 925 235 111 901 264 425 
 924 458 55 787 53 246 839 
 140 699 882 753 623 830 222 
 565 729 393 246 529 30 776 
 217 93 972 514 409 438 897 
 206 801 524 29 855 19 525 
 919 72 773 573 465 950 694 
 699 67 304 420 325 881 215 
 139 991 899 437 772 510 48 
 215 524 463 697 834 744 606 
 887 382 625 808 36 581 187 
 615 802 91 869 305 350 59 
 312 743 146 949 280 454 845 
 873 388 216 219 378 173 48 
 181 234 896 375 382 786 372 
 609 578 470 506 158 558 722 
 943 970 920 207 179 380 389 
 787 222 591 668 460 344 714 
 990 131 430 175 698 624 115 
 246 163 705 196 263 864 834 
 505 946 334 35 756 494 568 
 300 451 43 578 817 286 937 
 208 550 376 453 361 729 901 
 694 787 194 712 723 445 604 
 337 43 95 280 648 202 530 
 45 988 78 39 938 554 861 
 336 415 631 732 24 239 140 
 968 596 486 804 157 326 114 
 455 791 101 75 876 620 887 
 625 551 238 41 666 624 90 
 420 625 832 977 624 853 489 
 849 253 63 517 347 990 377 
 426 51 380 62 32 986 107 
 302 427 67 431 430 591 151 
 29 865 487 600 913 377 851 
 88 362 995 165 328 447 69 
 73 695 32 665 128 192 589 
 623 587 931 863 828 984 927 
 872 461 527 820 147 505 473 
 10 131 953 332 673 501 529 
 265 143 37 51 66 132 314 
 744 36 405 8 662 721 962 
 104 23 306 840 162 463 111 
 142 318 276 246 728 341 787 
 988 996 259 39 7 905 800 
 704 207 864 851 132 424 378 
 574 17 721 504 527 382 993 
 151 436 924 15 332 724 456 
 614 25 149 590 682 874 809 
 700 606 923 696 4 128 118 
 460 639 331 197 103 969 795 
 532 324 993 718 604 943 308 
 367 390 46 223 154 574 812 
 513 502 139 898 746 422 143 
 796 670 454 667 453 503 405 
 425 290 78 911 270 254 71 
 456 341 347 519 215 333 459 
 39 280 518 466 222 456 709 
 996 71 351 677 286 96 727 
 770 405 485 830 251 712 576 
 653 495 502 122 790 981 887 
 741 368 496 941 265 250 97 
 126 819 545 219 840 629 361 
 572 763 416 
 413 304 389 10 631 501 593 
 975 598 767 356 312 610 465 
 221 830 249 232 193 621 87 
 256 225 153 152 922 430 266 
 261 508 710 47 199 399 509 
 324 902 703 268 459 9 733 
 528 634 340 979 650 922 274 
 212 418 652 423 106 771 817 
 420 788 725 352 626 334 717 
 542 229 967 828 268 45 552 
 722 955 606 753 529 441 242 
 571 593 593 547 357 614 260 
 963 160 956 73 879 873 790 
 221 408 369 257 267 799 471 
 979 810 531 144 51 905 797 
 44 367 675 958 992 576 163 
 861 138 742 942 482 329 315 
 234 281 16 344 962 863 262 
 217 495 198 159 322 278 441 
 976 534 956 910 69 316 641 
 358 626 544 159 462 580 794 
 554 291 229 801 284 600 841 
 677 791 319 364 831 10 401 
 64 713 288 621 479 28 427 
 497 77 910 3 924 26 89 
 623 520 258 793 79 544 341 
 477 719 198 989 339 820 641 
 732 513 572 535 1 271 120 
 761 254 37 224 31 403 414 
 482 743 912 378 265 194 228 
 956 559 1 617 520 475 657 
 420 75 218 67 749 487 149 
 491 107 149 645 387 532 713 
 849 743 863 892 228 904 706 
 996 79 28 171 67 161 188 
 872 58 1000 787 876 964 511 
 375 39 930 221 538 533 994 
 561 333 482 319 160 713 362 
 135 146 101 163 174 263 327 
 478 406 645 474 858 795 182 
 547 887 815 587 412 91 362 
 476 173 447 184 691 502 207 
 536 147 781 819 968 339 872 
 272 258 226 545 862 980 130 
 300 728 546 189 122 997 164 
 928 867 97 951 42 349 106 
 893 450 335 675 156 547 244 
 171 174 201 288 427 238 121 
 828 354 829 98 409 569 848 
 861 614 837 346 605 962 879 
 744 94 473 782 25 616 414 
 327 82 376 780 441 339 251 
 261 884 450 74 311 467 259 
 83 153 637 276 549 353 288 
 194 586 763 432 670 714 569 
 529 749 787 93 698 635 555 
 831 670 541 601 7 138 416 
 190 50 32 68 287 421 53 
 592 815 354 548 36 895 941 
 449 305 29 725 190 265 693 
 795 797 478 514 988 681 892 
 954 815 549 998 317 21 433 
 321 732 171 177 434 194 785 
 68 464 915 400 492 337 70 
 109 154 501 420 16 31 229 
 430 299 83 234 376 811 878 
 709 975 425 303 577 499 437 
 696 322 965 574 614 333 160 
 956 289 333 151 186 599 417 
 113 860 441 78 919 269 267 
 901 57 661 124 708 964 916 
 130 430 869 
 858 306 122 618 570 738 996 
 196 425 271 510 558 35 21 
 700 581 200 538 98 341 88 
 713 261 247 404 848 268 60 
 72 113 430 640 842 32 648 
 383 539 544 836 489 1000 502 
 963 252 728 627 302 918 746 
 699 8 31 638 150 948 320 
 848 617 541 711 156 540 697 
 741 405 601 525 933 243 154 
 199 93 408 215 437 474 257 
 250 977 885 52 467 177 303 
 254 90 320 14 642 864 94 
 413 424 483 80 692 99 678 
 96 220 593 469 995 121 681 
 809 20 438 838 200 435 298 
 973 90 853 444 728 827 538 
 887 504 188 73 101 517 32 
 155 141 317 558 514 405 725 
 483 96 118 227 853 216 801 
 839 112 421 333 670 681 627 
 718 540 747 489 628 460 357 
 804 921 65 824 66 328 290 
 937 579 86 464 899 408 146 
 990 314 640 731 621 400 406 
 526 141 55 276 132 323 714 
 326 749 141 308 727 527 390 
 821 684 549 18 216 738 376 
 320 510 329 934 987 97 557 
 836 231 264 663 773 460 429 
 920 368 468 679 697 890 947 
 912 395 785 731 463 378 532 
 877 427 857 363 495 428 291 
 34 537 737 342 4 101 920 
 192 561 769 650 327 152 518 
 611 514 283 886 138 312 301 
 552 276 548 61 779 305 838 
 343 412 475 456 358 568 706 
 557 795 191 441 25 204 750 
 806 144 654 243 493 488 752 
 39 193 22 125 6 39 90 
 743 477 450 305 124 183 566 
 246 642 544 413 336 281 382 
 611 921 909 458 314 436 16 
 99 629 756 481 789 918 788 
 583 163 381 395 84 258 167 
 995 953 73 394 350 750 537 
 898 463 742 704 301 905 475 
 486 62 842 359 460 876 790 
 14 592 552 683 908 89 881 
 119 946 786 391 988 824 104 
 441 719 905 387 599 604 202 
 183 399 33 528 728 337 652 
 779 928 337 789 487 208 39 
 963 149 231 736 952 251 493 
 995 780 936 686 971 570 925 
 543 663 605 124 298 346 856 
 818 458 827 568 117 790 437 
 682 396 773 188 995 256 565 
 628 76 45 419 250 514 232 
 986 799 79 217 524 863 354 
 254 913 365 423 459 715 157 
 406 419 21 383 965 60 191 
 743 796 694 915 325 404 738 
 141 132 679 402 324 757 221 
 548 922 681 693 774 885 465 
 46 617 611 582 864 710 56 
 399 93 929 439 382 726 135 
 634 842 879 560 841 714 411 
 805 708 998 6 280 97 461 
 340 846 524 973 300 357 634 
 63 748 758 
 780 263 555 809 100 420 329 
 227 992 515 479 872 473 771 
 493 848 371 457 632 131 554 
 250 360 372 64 698 258 336 
 273 191 50 539 467 836 335 
 566 294 102 492 130 415 697 
 138 626 132 16 590 844 463 
 319 99 415 331 728 232 234 
 656 535 24 800 390 494 108 
 772 683 928 680 494 213 78 
 752 443 86 291 824 367 914 
 792 710 154 130 623 672 338 
 774 512 549 518 980 164 429 
 358 619 901 136 387 846 970 
 335 642 657 164 60 512 109 
 218 770 765 524 844 44 40 
 899 121 343 630 834 385 551 
 289 565 514 338 210 967 508 
 767 287 131 643 76 723 427 
 343 409 120 509 485 704 317 
 736 851 898 47 522 422 136 
 449 231 764 126 123 697 369 
 343 148 978 810 744 888 867 
 410 406 807 466 767 47 99 
 532 348 618 879 864 430 685 
 695 440 150 570 12 830 536 
 737 36 586 991 68 860 501 
 7 924 45 372 288 863 791 
 254 989 494 184 884 616 999 
 899 827 60 8 176 315 943 
 662 127 493 686 801 788 895 
 967 168 90 758 932 347 592 
 120 844 477 163 575 961 453 
 393 420 113 368 720 849 693 
 41 730 965 532 228 266 926 
 901 309 347 976 894 492 941 
 743 584 629 103 806 430 544 
 539 821 873 277 180 988 518 
 973 976 995 378 377 269 197 
 122 43 421 208 37 671 193 
 637 462 687 647 55 363 801 
 132 46 647 857 127 689 480 
 430 978 589 455 862 194 863 
 402 487 449 971 244 685 248 
 883 583 173 246 374 839 667 
 263 830 374 544 437 680 951 
 240 727 177 3 255 500 213 
 173 274 725 895 150 957 438 
 703 743 687 227 175 731 983 
 170 604 744 838 204 277 353 
 881 291 468 276 245 267 359 
 836 977 360 774 399 785 51 
 834 941 553 308 266 949 620 
 430 309 71 383 605 734 985 
 104 248 978 971 486 638 627 
 881 455 499 914 771 700 687 
 103 950 165 242 32 800 851 
 178 987 510 850 824 579 830 
 299 166 92 83 403 993 519 
 532 909 702 828 803 183 534 
 827 767 943 121 792 889 212 
 964 378 614 381 842 114 625 
 170 667 659 701 76 447 694 
 181 165 169 91 277 350 916 
 663 637 541 78 848 184 339 
 438 49 832 759 239 598 439 
 13 370 583 742 939 110 220 
 478 633 15 780 368 318 94 
 190 613 891 918 948 220 368 
 730 875 319 632 230 843 948 
 365 685 726 36 499 508 90 
 630 14 664 
 310 193 307 413 511 123 56 
 217 152 349 490 861 419 482 
 1 377 338 635 213 529 828 
 420 88 276 97 29 9 510 
 179 608 747 899 514 973 546 
 394 734 871 601 43 618 228 
 451 336 269 599 344 805 511 
 461 891 575 46 985 550 349 
 191 744 53 842 691 245 754 
 277 254 650 981 991 521 891 
 137 202 298 626 32 681 145 
 833 724 620 434 596 282 120 
 64 698 799 64 720 144 791 
 942 313 428 914 88 260 225 
 285 138 864 711 418 919 978 
 856 831 975 615 931 806 559 
 521 241 722 356 602 328 452 
 477 4 122 801 763 493 61 
 604 978 331 561 618 820 979 
 180 154 778 281 397 561 970 
 471 723 446 951 726 227 354 
 755 69 266 621 700 204 744 
 465 698 135 369 464 956 875 
 763 948 694 3 162 90 723 
 599 130 117 465 425 289 300 
 714 607 90 275 692 95 153 
 682 973 15 706 888 113 759 
 360 397 854 301 262 658 926 
 526 839 465 522 469 103 740 
 702 413 797 287 361 30 767 
 388 593 466 876 970 128 741 
 407 981 121 182 289 572 400 
 159 499 245 893 62 877 16 
 71 425 530 318 360 292 896 
 288 300 627 361 783 320 725 
 715 158 589 454 647 841 810 
 67 732 117 146 3 241 853 
 179 114 28 279 90 613 797 
 619 934 373 322 982 227 940 
 377 658 947 800 127 110 676 
 834 859 908 476 374 818 495 
 468 528 728 273 416 107 595 
 750 426 248 920 290 57 888 
 594 547 270 282 486 629 824 
 76 959 722 996 634 947 806 
 158 911 458 595 174 198 833 
 642 603 151 363 956 521 82 
 386 860 410 829 248 420 77 
 270 529 658 976 695 4 153 
 287 677 677 734 106 246 812 
 641 824 549 364 512 326 816 
 971 690 406 12 315 272 343 
 805 605 540 192 127 513 583 
 940 651 677 59 180 555 523 
 541 79 868 129 49 178 958 
 527 546 72 356 539 8 8 
 396 460 48 953 414 304 337 
 750 381 614 660 458 927 107 
 130 826 4 821 259 277 488 
 673 34 748 872 701 57 609 
 485 508 157 777 276 277 889 
 80 714 770 44 249 632 409 
 259 19 731 45 12 42 296 
 378 727 411 201 259 309 245 
 42 659 237 608 835 869 490 
 591 923 156 846 773 912 442 
 621 776 785 642 394 319 423 
 188 922 237 775 867 202 867 
 97 487 849 135 62 883 389 
 559 796 863 319 619 985 356 
 613 822 208 545 523 10 118 
 223 426 798 
 52 86 267 873 90 431 588 
 539 720 742 359 849 60 717 
 234 84 610 49 683 694 414 
 66 535 228 955 390 239 761 
 145 3 898 104 424 78 793 
 79 728 542 900 837 532 191 
 575 802 538 208 604 625 811 
 540 191 934 467 880 68 966 
 959 537 521 427 289 923 699 
 629 965 746 666 40 249 681 
 35 71 687 787 265 76 2 
 36 210 524 785 927 411 124 
 238 326 316 526 22 99 849 
 234 974 937 133 973 90 530 
 622 66 285 423 305 835 792 
 569 156 109 330 586 182 638 
 443 658 710 336 129 99 494 
 299 327 203 966 300 233 325 
 847 480 672 815 126 62 541 
 281 597 159 679 57 9 166 
 708 873 453 32 618 198 417 
 538 147 527 234 725 514 66 
 417 802 400 70 907 469 965 
 376 442 292 487 702 752 588 
 332 324 80 871 624 314 682 
 280 524 26 660 58 300 643 
 514 451 215 151 937 813 653 
 92 487 470 987 469 258 612 
 509 766 418 106 191 762 424 
 209 172 28 867 167 443 175 
 63 512 509 342 956 335 447 
 707 831 227 703 944 411 521 
 672 135 365 470 990 490 195 
 977 153 778 290 754 986 536 
 889 917 734 996 977 948 924 
 225 833 208 217 69 363 301 
 102 578 616 336 646 734 748 
 673 154 290 258 369 801 796 
 726 675 768 525 740 266 517 
 322 555 702 843 59 296 413 
 684 822 829 883 11 416 454 
 137 756 640 423 391 66 980 
 968 498 943 97 43 268 296 
 315 595 694 600 840 444 5 
 561 245 843 967 770 332 788 
 181 820 213 389 894 235 784 
 902 151 324 83 28 484 771 
 672 514 653 953 931 975 121 
 480 719 22 915 750 350 920 
 167 11 290 529 763 835 726 
 996 13 841 644 496 305 370 
 517 792 495 237 601 979 78 
 892 797 48 210 571 214 231 
 847 387 646 783 515 701 630 
 139 788 127 813 36 415 952 
 180 709 564 715 834 721 138 
 678 982 5 382 103 735 629 
 603 283 61 207 808 518 38 
 873 956 290 144 204 10 840 
 34 845 693 703 976 847 2 
 175 58 466 999 188 228 657 
 231 420 508 111 915 711 853 
 120 704 729 597 510 482 449 
 337 266 308 958 580 942 717 
 150 97 708 49 174 310 17 
 405 17 237 263 184 210 41 
 838 737 335 429 168 957 979 
 796 358 989 770 800 437 618 
 769 347 192 336 269 391 357 
 730 673 414 479 123 100 528 
 951 624 449 128 729 871 164 
 182 47 424 
 532 810 496 421 837 141 327 
 539 402 328 875 70 29 793 
 353 894 935 129 908 435 366 
 334 40 297 881 801 889 627 
 356 519 183 18 420 680 653 
 858 618 521 502 729 520 522 
 615 719 549 255 290 283 367 
 79 167 595 893 206 651 537 
 626 955 766 527 529 937 798 
 777 820 149 133 196 74 884 
 866 202 163 258 451 291 172 
 978 486 466 844 593 305 69 
 219 481 399 810 341 654 456 
 65 986 411 844 798 442 362 
 191 771 315 725 517 568 371 
 335 536 769 932 17 293 139 
 915 630 714 295 335 814 398 
 402 753 131 702 482 719 5 
 539 841 72 630 661 127 447 
 556 349 329 561 418 437 883 
 549 677 792 54 365 87 970 
 458 921 342 558 194 198 785 
 825 691 176 800 361 722 565 
 897 20 552 261 442 219 46 
 451 642 299 32 197 813 863 
 859 355 259 224 718 345 520 
 751 731 780 185 96 882 262 
 427 823 385 81 580 167 77 
 702 230 318 639 67 775 682 
 432 742 66 114 794 580 378 
 45 676 199 124 883 307 443 
 66 900 224 336 535 628 830 
 389 958 572 944 704 321 495 
 388 272 986 562 434 734 859 
 416 923 344 309 880 210 996 
 411 584 419 972 565 733 93 
 141 323 50 489 791 16 660 
 599 125 130 702 166 2 378 
 490 672 951 936 138 438 719 
 620 58 409 167 724 54 619 
 453 985 971 841 183 776 86 
 314 433 601 662 4 276 393 
 83 971 497 224 667 984 89 
 290 680 891 153 510 19 800 
 903 424 687 283 512 30 405 
 796 118 197 771 152 530 33 
 228 93 157 863 813 628 70 
 195 941 955 298 464 938 657 
 631 579 387 193 551 654 673 
 451 684 109 940 30 592 138 
 631 445 834 265 419 476 992 
 75 333 320 871 132 39 378 
 651 555 303 474 208 900 129 
 603 140 343 701 219 970 494 
 360 823 639 472 923 992 706 
 649 646 807 389 118 347 825 
 590 274 570 787 213 442 968 
 205 779 176 326 254 927 506 
 722 43 744 927 96 430 50 
 319 703 184 808 240 195 183 
 717 864 286 278 290 565 254 
 159 199 790 316 769 547 744 
 9 346 857 639 185 506 224 
 19 693 853 769 886 522 7 
 646 726 771 908 263 503 847 
 943 36 814 994 982 281 46 
 532 216 13 643 20 590 793 
 559 34 250 161 311 111 67 
 196 629 197 803 259 964 654 
 566 235 709 526 139 266 533 
 271 720 355 210 832 720 290 
 81 381 908 
 591 97 245 810 611 981 885 
 487 419 325 272 277 295 977 
 307 181 833 474 10 316 726 
 400 213 45 238 67 624 978 
 27 899 228 426 259 406 57 
 777 238 445 504 43 751 765 
 554 726 170 726 75 753 177 
 109 556 512 695 194 363 605 
 433 185 115 887 247 640 579 
 786 262 653 439 409 778 446 
 32 405 655 61 420 804 445 
 802 414 26 76 406 148 361 
 597 696 378 560 899 914 778 
 629 206 481 328 66 287 559 
 390 480 504 968 949 150 586 
 574 670 760 678 965 659 184 
 793 478 265 389 856 788 26 
 510 55 929 812 749 304 765 
 788 91 173 395 176 199 295 
 324 846 671 155 752 671 202 
 807 912 795 459 280 221 420 
 414 504 286 723 31 234 147 
 451 919 246 5 382 662 986 
 914 18 831 799 65 964 262 
 191 754 753 330 535 739 686 
 219 945 81 389 914 878 941 
 532 443 997 810 188 635 270 
 648 879 321 710 723 711 998 
 808 144 190 500 215 132 41 
 704 942 941 844 879 652 293 
 676 658 385 369 630 41 825 
 942 250 521 994 7 999 53 
 319 678 5 917 114 376 990 
 633 204 383 162 244 109 718 
 356 297 186 102 48 78 273 
 659 840 99 421 582 123 257 
 33 865 37 354 943 724 453 
 932 886 818 9 957 285 90 
 466 694 26 134 263 71 785 
 78 306 894 326 763 868 95 
 641 322 329 419 147 638 707 
 160 164 516 335 211 59 621 
 778 904 346 390 874 158 151 
 959 948 11 611 805 745 258 
 168 335 528 487 333 75 881 
 174 633 911 599 919 256 567 
 195 50 177 873 935 490 659 
 666 497 867 619 590 444 667 
 583 418 390 842 263 666 284 
 9 265 233 294 284 89 667 
 417 55 482 636 840 569 856 
 367 769 99 489 622 249 879 
 798 133 663 569 5 837 833 
 214 612 209 18 302 894 274 
 342 100 725 595 514 664 723 
 572 574 248 16 759 680 163 
 18 747 536 377 433 556 629 
 219 406 535 626 534 54 126 
 184 287 898 696 834 869 284 
 246 122 889 617 702 967 695 
 881 871 483 321 888 545 30 
 600 34 298 781 330 232 999 
 584 322 733 673 886 322 879 
 547 537 129 582 877 121 548 
 726 674 617 574 284 466 339 
 191 658 71 133 686 491 663 
 672 126 925 270 788 922 633 
 345 646 280 892 658 20 310 
 43 143 734 736 65 689 853 
 444 360 469 824 364 648 701 
 811 593 995 124 734 503 308 
 171 350 573 
 43 734 326 473 682 878 579 
 206 628 100 370 220 570 194 
 498 691 317 442 626 639 27 
 292 456 642 274 624 46 637 
 965 79 341 573 90 905 206 
 725 447 142 310 895 368 741 
 781 514 401 958 410 58 667 
 649 80 330 257 555 566 282 
 432 435 569 912 865 153 634 
 112 437 785 912 532 77 866 
 500 890 134 226 366 640 175 
 301 474 112 763 217 402 955 
 420 682 59 15 574 71 143 
 688 734 569 597 440 126 239 
 482 206 915 323 774 759 336 
 577 638 64 890 789 773 86 
 259 978 690 12 587 186 655 
 242 946 905 719 533 918 824 
 325 931 429 298 69 427 225 
 496 179 430 990 61 293 224 
 308 312 185 269 421 933 150 
 971 518 131 340 651 334 483 
 666 527 288 197 716 322 296 
 930 472 459 495 994 101 423 
 414 803 602 537 108 542 623 
 307 280 481 639 281 662 60 
 824 362 825 820 232 958 100 
 753 391 406 913 200 373 701 
 133 136 882 386 2 101 487 
 931 658 166 959 673 708 655 
 428 366 385 373 852 551 115 
 261 777 321 834 571 9 405 
 838 644 561 835 4 98 898 
 23 217 187 281 6 783 192 
 328 272 186 726 135 626 49 
 487 663 986 669 854 540 626 
 659 820 720 296 401 197 247 
 516 195 769 255 702 827 924 
 667 642 761 413 899 758 192 
 295 254 973 933 833 763 795 
 93 349 178 87 430 147 173 
 255 305 731 517 839 946 893 
 87 847 208 112 739 159 26 
 404 336 220 352 433 697 223 
 773 164 149 2 997 596 690 
 898 226 288 47 978 791 215 
 804 413 953 229 26 474 736 
 720 170 853 769 758 798 34 
 289 612 953 240 225 15 856 
 150 596 147 493 225 281 764 
 520 825 169 856 956 287 136 
 89 738 495 700 116 815 764 
 566 154 478 240 3 473 462 
 560 937 170 410 217 178 185 
 115 982 819 111 262 212 593 
 727 932 787 568 34 613 645 
 154 834 180 676 986 753 64 
 165 30 288 8 231 942 38 
 836 466 568 366 964 519 214 
 648 977 915 750 603 877 682 
 775 943 76 22 460 580 343 
 813 747 570 508 803 515 799 
 254 509 31 739 654 56 196 
 211 95 701 68 15 98 606 
 936 892 743 485 279 248 278 
 312 818 226 800 374 563 333 
 489 201 600 617 514 161 148 
 943 951 741 800 640 213 368 
 668 636 857 244 751 171 665 
 378 215 166 404 565 34 43 
 161 305 297 395 720 767 343 
 283 209 861 
 693 645 8 327 187 811 830 
 800 990 185 678 919 868 952 
 892 362 248 393 134 419 685 
 240 216 293 37 820 944 36 
 567 511 182 327 522 850 137 
 55 5 215 945 789 466 187 
 321 78 261 377 88 341 424 
 16 180 643 188 655 333 465 
 559 758 866 602 632 645 383 
 489 644 121 681 454 670 577 
 367 335 448 652 505 528 748 
 529 725 499 249 67 213 62 
 262 67 530 695 96 380 222 
 951 811 732 877 713 594 799 
 713 178 975 955 320 182 49 
 908 214 903 216 653 994 692 
 450 435 474 626 235 418 237 
 829 30 403 12 397 607 220 
 911 649 524 246 801 476 246 
 413 371 50 227 66 698 193 
 857 399 432 56 443 255 162 
 416 971 52 694 692 507 333 
 731 610 899 726 78 615 578 
 142 544 956 653 342 41 99 
 472 254 699 519 704 815 918 
 398 796 216 743 568 407 250 
 631 84 54 458 140 855 105 
 497 850 212 52 950 576 586 
 667 374 658 1000 191 689 994 
 290 91 420 53 808 837 789 
 711 346 317 155 46 782 191 
 617 495 293 248 254 347 480 
 3 918 486 390 600 238 734 
 171 713 834 86 344 428 830 
 477 813 47 767 58 838 783 
 151 660 536 359 666 315 370 
 889 580 336 972 869 847 133 
 56 69 901 892 931 356 705 
 280 578 962 366 550 684 593 
 189 42 28 724 951 536 75 
 684 782 153 663 426 996 698 
 910 316 16 403 328 528 660 
 637 415 826 104 72 480 477 
 516 439 671 635 647 877 956 
 596 275 619 103 288 156 289 
 876 565 189 192 31 695 97 
 681 78 203 282 120 665 354 
 380 526 666 597 630 729 228 
 485 286 115 557 232 169 501 
 68 674 533 266 1 81 479 
 460 814 814 708 615 2 461 
 936 374 999 20 903 201 576 
 19 535 652 557 911 265 270 
 825 462 156 886 626 570 672 
 125 462 358 659 788 413 170 
 550 348 691 438 957 543 410 
 432 360 386 314 278 684 551 
 600 906 65 348 647 728 385 
 893 408 160 422 706 739 780 
 385 112 27 178 345 289 795 
 878 81 419 939 350 456 168 
 736 677 239 651 742 844 181 
 926 198 309 179 987 256 317 
 110 808 136 876 479 946 760 
 13 900 109 320 294 213 673 
 760 991 678 597 897 899 688 
 824 343 863 662 3 856 253 
 791 48 57 600 384 265 620 
 941 472 984 764 469 736 210 
 172 805 192 394 634 258 603 
 519 143 389 294 53 275 18 
 571 916 747 
 984 879 299 835 257 677 402 
 217 110 753 802 94 98 229 
 558 541 603 259 478 689 279 
 518 278 177 204 649 971 387 
 286 524 729 897 463 499 917 
 893 992 973 582 78 593 420 
 322 320 370 233 313 749 952 
 285 772 869 334 800 948 830 
 473 50 858 429 633 458 466 
 456 488 874 118 745 733 271 
 891 178 670 201 646 752 679 
 230 437 242 652 615 237 22 
 927 608 167 528 859 424 337 
 737 181 789 254 865 397 932 
 837 413 24 891 450 623 923 
 759 223 912 175 644 616 525 
 879 224 945 276 251 654 768 
 517 634 172 449 553 41 19 
 646 228 901 466 587 594 706 
 401 875 875 778 926 380 294 
 628 986 339 998 810 489 383 
 735 953 899 382 943 374 789 
 346 860 709 903 225 474 713 
 971 528 729 2 691 277 455 
 730 167 630 371 565 552 821 
 117 764 721 384 175 601 390 
 138 772 959 243 828 850 441 
 46 377 353 687 808 699 768 
 824 662 33 12 810 649 829 
 591 667 191 775 466 829 400 
 196 883 987 656 196 565 878 
 367 574 995 877 770 676 514 
 681 40 557 104 308 308 318 
 320 429 173 945 379 836 767 
 177 989 933 175 946 661 823 
 312 907 11 154 697 145 206 
 418 715 266 197 926 131 134 
 105 510 332 502 212 760 706 
 361 133 666 694 570 454 309 
 557 644 980 278 527 961 388 
 651 168 212 605 847 840 485 
 465 958 482 878 651 479 295 
 751 648 821 921 342 998 204 
 175 156 757 563 299 639 55 
 742 180 235 569 305 116 633 
 822 940 585 235 280 617 125 
 884 294 414 773 961 180 466 
 353 31 326 882 423 700 386 
 537 248 238 80 225 544 412 
 786 588 582 70 699 393 479 
 148 657 583 27 593 98 971 
 356 830 720 89 474 686 445 
 428 512 5 421 214 724 319 
 221 30 834 434 863 581 701 
 907 818 358 298 122 508 841 
 788 92 871 494 958 12 4 
 921 925 977 427 187 226 61 
 301 114 912 179 391 77 354 
 206 752 434 82 105 973 908 
 904 315 800 213 481 886 93 
 783 43 964 432 267 746 456 
 551 725 436 661 828 597 932 
 226 711 279 961 432 996 837 
 500 505 162 106 180 384 399 
 829 273 55 756 327 554 637 
 924 733 143 21 75 300 30 
 861 392 560 839 747 275 466 
 758 311 197 85 595 360 434 
 167 19 248 223 120 805 863 
 595 837 292 944 832 769 263 
 750 998 391 449 676 979 506 
 553 215 924 
 65259 60538 62622 61082 59960 60860 61766 
 64188 61629 62327 61675 62994 66108 64600 
 60623 61430 63448 66107 62230 60241 59027 
 61122 63208 60808 60636 60683 60945 59658 
 60355 64967
