 500 30 0 
 618 1001 927 608 564 973 529 
 828 729 451 639 562 667 621 
 687 637 772 471 515 576 629 
 763 578 718 811 927 670 512 
 754 916 942 968 525 721 553 
 549 572 1020 955 999 776 909 
 823 721 631 665 631 428 520 
 592 754 486 876 805 749 966 
 953 688 726 755 795 913 471 
 594 1025 637 553 984 708 1012 
 805 585 702 852 904 702 1031 
 585 947 602 802 553 578 953 
 584 661 688 667 798 784 948 
 935 733 718 689 915 624 991 
 510 1064 595 736 489 743 981 
 699 504 746 712 531 675 790 
 474 810 631 627 575 658 740 
 724 1049 932 734 733 850 732 
 651 899 787 799 1050 850 754 
 699 665 516 1027 790 610 469 
 882 896 750 602 611 872 772 
 724 542 891 687 592 718 522 
 657 918 620 556 624 808 805 
 623 885 948 854 657 516 565 
 518 785 809 548 573 903 746 
 841 997 682 963 930 800 863 
 692 951 823 822 731 612 643 
 762 811 818 621 961 531 777 
 735 593 945 822 800 845 1011 
 934 654 813 529 799 909 641 
 605 615 827 624 429 539 681 
 536 926 929 664 758 483 800 
 756 884 630 901 932 602 729 
 555 620 708 631 732 545 806 
 597 507 934 684 707 753 549 
 714 773 539 758 954 656 534 
 624 660 944 687 507 840 561 
 682 655 659 661 844 558 859 
 873 770 586 622 950 785 750 
 1012 968 614 930 966 989 597 
 572 578 617 510 948 599 962 
 678 846 951 951 577 1045 380 
 502 757 682 651 950 870 499 
 564 901 840 941 899 563 848 
 845 561 933 463 864 540 531 
 709 541 1000 685 551 767 678 
 1008 590 672 772 554 529 399 
 695 647 644 801 554 839 896 
 569 966 708 765 593 481 792 
 653 846 748 461 777 826 649 
 748 490 793 765 896 670 646 
 898 850 566 665 465 917 731 
 983 846 934 615 668 599 666 
 760 873 651 572 926 766 516 
 741 916 1025 864 816 605 1023 
 549 976 530 598 997 608 467 
 583 490 775 596 653 597 696 
 747 915 631 949 554 733 819 
 916 942 859 494 824 706 988 
 917 638 1057 903 802 662 700 
 535 858 922 730 706 870 714 
 860 751 723 953 550 840 962 
 788 526 655 829 885 1010 481 
 1004 526 723 711 620 982 961 
 569 559 560 634 809 786 989 
 969 723 954 680 623 499 921 
 766 993 958 561 1027 695 766 
 954 772 897 653 1002 534 884 
 690 486 908 922 817 566 773 
 798 502 689 714 647 519 855 
 728 950 962 824 548 603 711 
 554 554 556 
 73 577 273 948 689 250 371 
 474 2 691 604 27 432 618 
 57 934 639 814 199 138 584 
 301 392 907 373 150 778 545 
 678 894 735 572 90 907 247 
 698 29 266 605 436 276 616 
 923 788 745 531 678 55 710 
 678 977 738 804 527 67 757 
 993 329 481 866 482 216 193 
 717 966 760 563 689 631 435 
 103 246 823 591 271 83 678 
 716 459 141 101 102 462 974 
 858 839 356 92 65 441 80 
 998 343 390 887 527 814 808 
 246 840 583 360 76 439 771 
 327 183 402 391 182 176 665 
 691 341 117 871 410 229 946 
 823 335 935 167 381 307 201 
 760 3 49 660 432 49 429 
 959 762 841 480 937 148 367 
 125 488 940 156 665 356 519 
 197 812 242 326 525 850 354 
 56 663 416 984 22 970 158 
 860 904 418 98 632 898 706 
 454 467 230 652 647 442 56 
 268 581 506 892 928 177 438 
 248 64 498 715 633 236 629 
 324 375 914 936 814 559 796 
 44 868 948 348 966 600 908 
 135 109 709 860 18 233 784 
 572 783 231 928 424 198 7 
 129 435 932 826 661 787 844 
 12 637 941 776 877 634 943 
 437 127 950 544 905 423 433 
 719 478 324 884 542 460 696 
 608 901 280 105 949 109 631 
 879 145 491 200 323 838 705 
 156 124 754 876 6 121 533 
 839 27 653 845 730 152 558 
 905 666 94 211 159 151 22 
 665 158 489 116 580 18 447 
 478 414 99 924 945 305 533 
 771 144 204 302 452 307 320 
 193 485 296 479 877 690 333 
 409 812 984 193 94 372 748 
 453 410 72 647 534 828 268 
 14 663 629 363 379 369 936 
 840 613 298 862 742 376 366 
 239 928 236 568 536 352 630 
 223 104 912 945 377 840 578 
 114 584 253 360 807 38 454 
 650 253 258 486 435 203 224 
 713 843 522 338 991 427 809 
 865 138 810 658 601 15 265 
 782 671 958 896 833 436 913 
 23 246 6 134 589 441 211 
 789 9 982 589 992 97 308 
 84 30 141 560 798 838 770 
 364 943 219 320 612 257 612 
 403 820 489 336 842 924 15 
 708 921 950 524 389 647 125 
 569 204 655 613 67 420 702 
 523 153 324 137 771 689 109 
 364 363 869 570 794 587 273 
 659 336 312 489 904 177 125 
 85 902 375 385 388 379 453 
 351 345 833 215 839 992 132 
 599 936 407 755 854 914 916 
 57 14 445 139 553 658 995 
 292 371 666 502 374 480 848 
 698 942 703 748 928 101 709 
 648 303 284 
 791 322 714 25 695 181 722 
 319 216 558 898 334 529 895 
 205 32 515 254 416 231 883 
 659 343 870 46 812 248 342 
 865 208 353 741 515 333 387 
 294 608 905 427 668 182 243 
 252 628 942 1000 590 828 362 
 53 932 87 408 567 17 790 
 506 163 249 438 651 663 542 
 356 978 669 569 560 710 219 
 12 68 246 364 305 987 909 
 932 605 474 463 798 146 504 
 958 733 528 525 99 948 361 
 347 29 790 534 23 539 388 
 68 294 58 483 110 135 917 
 74 122 669 391 212 659 505 
 218 169 650 329 741 484 563 
 410 63 788 280 927 958 228 
 944 919 478 402 262 95 11 
 760 465 157 628 3 30 288 
 725 366 272 968 323 935 531 
 609 501 549 459 223 792 862 
 432 320 543 786 197 428 67 
 566 485 85 1000 978 5 398 
 268 874 87 821 478 253 307 
 584 858 415 910 378 127 358 
 432 18 900 127 271 799 190 
 207 901 374 731 360 105 814 
 531 2 233 634 180 653 379 
 604 594 967 581 586 592 946 
 170 634 505 978 810 756 461 
 97 285 532 77 867 775 396 
 349 745 756 660 180 863 70 
 617 628 628 26 797 553 700 
 486 412 52 879 657 898 133 
 639 336 678 234 68 924 207 
 755 79 653 504 25 769 796 
 53 593 761 547 770 868 104 
 573 457 212 116 830 247 382 
 654 513 587 578 973 867 230 
 900 119 666 408 848 323 780 
 521 783 726 618 858 492 65 
 113 567 540 936 436 694 193 
 281 764 484 486 496 378 171 
 176 85 906 605 593 882 256 
 79 516 245 287 943 335 467 
 877 996 667 7 560 151 277 
 764 687 980 962 120 393 257 
 653 109 158 19 176 406 302 
 435 675 6 933 756 991 360 
 180 777 618 389 958 745 216 
 58 328 177 630 781 965 685 
 286 803 860 679 929 52 19 
 91 56 608 319 96 425 458 
 202 335 114 649 812 473 486 
 678 277 210 74 786 504 511 
 607 195 639 464 541 594 30 
 70 516 901 89 939 442 997 
 869 476 811 455 831 768 260 
 499 486 989 253 302 746 391 
 482 232 289 991 440 533 877 
 637 872 227 111 494 69 17 
 66 707 957 274 207 367 25 
 300 316 671 877 691 851 494 
 918 244 308 112 518 299 763 
 435 977 571 39 44 29 73 
 423 991 932 543 372 435 833 
 81 6 377 412 545 184 715 
 21 179 667 133 169 576 636 
 325 568 595 421 401 595 406 
 52 724 838 665 469 40 673 
 175 696 683 
 142 457 282 250 306 295 228 
 702 516 83 110 792 687 619 
 434 37 319 361 104 426 821 
 917 572 239 658 710 330 171 
 13 394 221 211 725 379 234 
 9 733 974 504 22 27 457 
 235 800 534 12 365 922 835 
 773 68 486 407 768 521 43 
 225 309 501 815 663 232 164 
 299 796 222 639 424 868 484 
 27 429 56 224 979 997 1000 
 644 662 939 716 406 912 838 
 489 176 313 186 43 504 128 
 451 255 736 237 122 109 531 
 457 166 111 820 382 265 413 
 6 158 200 828 258 53 176 
 99 772 885 408 731 373 397 
 306 457 503 929 697 341 738 
 648 682 487 481 759 954 855 
 219 113 468 977 827 699 663 
 682 311 225 848 494 16 651 
 869 949 374 716 404 882 377 
 344 983 233 391 636 641 594 
 721 730 950 338 779 795 332 
 933 647 947 155 451 346 435 
 229 951 985 985 173 880 283 
 712 73 37 438 855 183 627 
 630 170 417 631 761 738 56 
 330 308 501 282 303 292 126 
 419 173 691 899 485 125 392 
 8 408 19 453 855 31 252 
 95 124 607 676 408 249 856 
 405 820 959 154 982 933 103 
 566 185 287 803 409 650 691 
 400 74 440 420 24 477 478 
 19 345 55 391 459 696 617 
 523 228 370 632 259 976 288 
 562 974 103 664 256 746 562 
 731 52 297 9 147 882 929 
 350 681 422 665 438 415 585 
 156 43 994 243 464 378 61 
 7 147 549 430 881 834 744 
 281 88 690 980 774 20 58 
 326 916 854 694 933 578 98 
 69 413 793 349 557 526 323 
 262 483 699 42 606 556 420 
 272 151 83 875 850 622 97 
 38 908 192 493 105 747 758 
 377 321 588 32 472 505 239 
 971 673 756 99 426 788 47 
 136 181 815 244 47 388 464 
 526 459 242 583 167 524 962 
 691 131 639 794 225 67 838 
 962 276 217 472 667 424 982 
 153 231 276 365 592 773 554 
 5 403 888 872 281 995 228 
 69 200 127 161 355 203 161 
 683 790 122 730 671 408 445 
 13 709 266 620 199 613 762 
 77 458 84 15 393 100 851 
 894 740 843 684 850 136 868 
 828 180 905 304 39 696 911 
 614 614 644 30 878 800 31 
 21 58 20 54 160 277 643 
 205 261 777 989 103 57 650 
 842 221 912 12 52 785 374 
 165 71 872 721 722 992 56 
 435 579 934 552 169 205 108 
 880 677 859 337 740 867 491 
 990 228 933 562 221 857 95 
 471 594 775 530 32 578 85 
 9 631 214 
 565 605 659 230 35 985 222 
 509 888 404 505 880 772 866 
 642 518 222 626 217 775 731 
 421 37 188 143 612 225 490 
 943 166 566 430 618 35 622 
 167 226 788 110 831 719 974 
 554 647 830 851 509 213 724 
 103 55 278 125 563 381 315 
 874 572 559 558 822 216 164 
 537 815 6 542 283 708 66 
 981 425 931 35 68 534 209 
 581 557 690 62 725 246 564 
 157 593 824 431 871 987 883 
 894 706 656 412 639 212 885 
 985 544 138 245 594 621 774 
 250 144 101 44 217 826 775 
 484 796 220 127 21 981 798 
 968 726 912 773 969 651 310 
 172 280 553 520 712 672 474 
 146 54 417 719 835 605 499 
 545 86 539 802 998 242 673 
 289 212 906 614 335 255 491 
 836 849 18 241 492 52 270 
 544 586 585 518 459 649 863 
 391 95 76 706 224 684 730 
 549 765 473 31 728 299 405 
 1 913 962 349 409 188 470 
 913 998 219 20 445 665 724 
 605 879 10 445 404 277 909 
 56 199 676 148 70 632 217 
 516 717 688 224 31 297 40 
 430 628 772 47 654 192 557 
 378 957 267 425 447 199 186 
 397 296 254 952 15 128 358 
 356 559 670 217 80 120 325 
 275 423 590 599 997 588 975 
 789 266 531 282 144 67 512 
 385 524 378 569 157 58 145 
 852 869 970 497 864 790 874 
 769 941 161 760 565 546 336 
 513 562 954 767 880 946 278 
 354 270 380 249 354 389 81 
 966 142 602 623 986 267 829 
 725 761 444 457 954 345 960 
 852 110 880 591 269 190 582 
 706 273 528 883 476 933 218 
 54 749 736 603 298 512 64 
 142 762 218 809 843 550 945 
 788 172 269 157 526 23 785 
 618 116 960 360 481 991 548 
 367 562 763 757 71 506 727 
 409 901 404 268 945 779 320 
 86 354 849 462 228 301 952 
 824 15 119 268 891 220 41 
 975 372 898 940 709 267 546 
 884 403 760 897 898 919 928 
 727 822 742 534 213 626 688 
 601 56 544 900 553 392 847 
 986 392 207 80 540 19 930 
 43 227 918 825 111 187 401 
 622 334 983 637 408 349 779 
 644 276 500 907 483 240 418 
 110 600 567 590 170 315 852 
 581 270 118 327 127 122 661 
 760 431 823 748 815 686 766 
 595 199 119 585 562 901 144 
 835 435 204 925 617 813 454 
 901 237 826 691 297 575 29 
 170 632 474 774 40 388 207 
 177 458 89 123 609 980 811 
 585 560 87 733 608 763 597 
 153 947 631 
 109 963 483 71 412 995 357 
 936 841 862 778 818 967 76 
 962 423 377 80 24 929 783 
 354 467 734 139 307 10 282 
 449 205 125 88 122 664 316 
 936 160 532 856 615 30 362 
 107 98 607 378 48 352 699 
 362 83 546 865 227 415 307 
 663 307 704 480 554 969 439 
 574 158 525 23 518 533 547 
 737 202 800 772 485 820 943 
 955 83 882 392 40 796 660 
 400 462 644 329 109 876 771 
 589 87 118 672 75 722 769 
 309 889 821 929 464 193 984 
 435 279 241 647 489 785 63 
 192 153 772 214 22 340 99 
 975 996 559 635 352 216 411 
 409 701 853 717 222 865 231 
 885 997 675 252 95 970 57 
 79 516 67 301 980 141 35 
 898 818 228 755 12 380 299 
 368 187 30 89 962 158 431 
 928 225 702 963 408 327 330 
 582 433 222 940 592 283 872 
 830 634 613 953 838 565 511 
 853 802 925 208 689 20 839 
 711 138 740 408 595 127 936 
 369 41 176 732 556 992 43 
 306 920 126 178 776 180 345 
 78 140 725 124 361 64 831 
 335 662 757 109 854 778 568 
 577 309 152 775 794 344 525 
 979 296 21 320 547 793 166 
 151 324 641 279 769 186 452 
 252 279 109 675 128 1 508 
 527 181 450 194 497 831 403 
 707 733 430 857 365 994 703 
 125 263 90 538 295 18 418 
 994 106 265 888 934 102 378 
 800 434 832 130 469 836 521 
 922 335 855 97 892 906 195 
 218 939 448 551 340 797 683 
 699 307 762 677 767 747 714 
 563 691 591 136 390 269 628 
 455 536 516 89 256 565 480 
 866 2 185 317 313 950 460 
 852 27 703 133 352 683 588 
 964 280 994 771 229 594 2 
 5 933 586 509 756 710 5 
 511 452 267 200 685 684 970 
 798 717 164 740 454 899 44 
 150 521 415 584 589 613 32 
 957 92 803 854 970 525 736 
 474 351 969 565 414 966 287 
 447 180 796 510 118 663 14 
 466 446 476 555 672 783 990 
 966 474 549 924 1000 50 191 
 700 607 799 239 404 465 976 
 783 148 774 83 590 620 936 
 811 612 719 220 494 547 997 
 254 858 962 930 542 843 736 
 615 372 917 485 820 84 458 
 16 826 602 83 256 634 516 
 645 324 160 682 803 865 645 
 398 910 878 279 595 20 969 
 712 712 990 759 465 985 735 
 894 757 697 45 923 614 938 
 98 674 983 120 807 121 62 
 816 869 244 768 524 179 262 
 785 548 927 428 155 771 285 
 369 946 495 
 1000 481 320 334 411 447 590 
 697 749 437 877 177 9 782 
 471 868 849 205 377 398 302 
 156 861 751 33 356 265 305 
 398 255 873 70 358 23 45 
 707 473 780 386 6 989 800 
 186 105 921 43 947 572 736 
 917 559 412 118 951 497 893 
 788 480 315 792 611 200 247 
 781 450 151 803 424 760 515 
 52 43 689 35 118 910 128 
 343 929 177 280 403 364 854 
 539 671 797 567 23 80 376 
 306 507 461 180 750 69 745 
 123 916 33 875 282 887 945 
 967 307 962 215 986 434 139 
 851 704 406 835 13 277 515 
 643 794 758 481 509 207 461 
 663 768 998 6 869 977 963 
 557 884 129 541 899 951 987 
 373 213 430 354 344 411 493 
 293 365 897 281 434 613 359 
 462 659 437 256 105 906 173 
 149 865 222 990 352 548 107 
 181 760 746 307 634 431 996 
 998 271 597 467 827 953 58 
 840 532 913 821 343 674 999 
 839 258 910 986 175 966 930 
 162 292 608 363 26 725 118 
 600 30 449 557 455 673 957 
 966 324 443 224 119 433 580 
 327 251 227 764 834 753 266 
 54 635 61 671 296 274 281 
 651 227 755 57 371 970 242 
 721 85 204 667 591 338 874 
 259 623 913 728 846 739 191 
 372 568 639 976 143 634 230 
 139 814 594 894 233 784 593 
 979 20 933 722 975 224 282 
 224 205 707 286 429 272 187 
 84 433 158 956 607 769 308 
 478 15 291 352 392 214 19 
 192 582 761 535 406 771 934 
 666 384 416 474 139 169 936 
 864 931 98 753 672 625 358 
 811 22 565 335 189 581 279 
 572 844 63 181 263 379 302 
 430 280 209 599 322 732 485 
 804 477 411 586 790 135 548 
 778 901 45 448 404 775 22 
 873 501 978 53 529 968 697 
 649 379 582 848 141 578 507 
 88 800 842 158 520 853 50 
 575 626 41 647 941 633 334 
 39 207 796 601 490 318 28 
 853 129 364 596 390 155 592 
 453 85 75 436 399 687 492 
 677 255 132 240 184 699 583 
 370 596 422 915 233 52 156 
 936 634 984 477 472 2 760 
 777 76 88 249 399 461 509 
 659 606 660 335 792 400 265 
 394 285 481 868 39 910 275 
 996 704 130 927 827 632 587 
 59 717 580 708 559 708 321 
 209 957 22 645 896 851 106 
 838 929 266 220 427 646 677 
 166 851 954 656 874 313 459 
 789 472 693 423 432 485 25 
 584 870 62 880 32 248 767 
 750 995 816 342 951 22 88 
 750 513 555 
 133 149 889 545 718 324 191 
 718 727 10 904 764 171 151 
 295 428 942 241 435 22 686 
 785 582 627 557 786 435 449 
 319 391 93 964 235 657 879 
 244 531 675 32 106 332 206 
 2 162 613 412 775 336 543 
 53 770 226 73 179 934 594 
 896 94 698 328 872 997 103 
 649 438 931 198 817 393 806 
 957 489 196 535 67 73 476 
 747 952 532 818 707 551 902 
 663 837 94 55 266 16 563 
 292 580 675 974 513 270 147 
 566 777 55 918 421 322 55 
 98 131 697 706 420 275 296 
 213 810 88 49 402 968 381 
 225 404 779 199 645 730 846 
 707 54 563 648 351 844 421 
 922 841 116 413 937 33 513 
 934 248 688 339 714 443 805 
 874 226 27 76 985 885 237 
 421 203 298 721 726 823 525 
 178 568 714 619 818 129 280 
 383 492 30 675 248 831 167 
 895 912 13 544 563 685 23 
 259 736 53 646 927 990 716 
 289 254 35 365 650 113 827 
 234 927 997 815 611 370 794 
 77 656 551 183 323 703 936 
 487 811 861 283 737 76 628 
 966 59 6 104 328 548 500 
 898 375 228 831 768 281 652 
 79 587 347 572 825 159 347 
 473 878 824 957 3 985 984 
 616 351 126 635 558 506 995 
 39 398 824 80 780 602 103 
 118 183 999 799 25 870 600 
 29 533 371 168 36 106 545 
 292 267 734 976 685 669 134 
 401 182 139 677 247 377 97 
 537 435 978 739 56 894 985 
 637 197 325 472 941 258 206 
 752 370 445 748 788 176 379 
 212 634 826 477 93 997 407 
 212 986 396 344 221 128 88 
 319 989 238 927 168 499 422 
 12 732 569 423 923 465 392 
 848 461 434 750 525 928 384 
 353 185 635 710 40 127 901 
 109 845 729 379 140 701 5 
 67 350 427 635 363 705 240 
 310 752 113 339 101 32 161 
 424 433 582 236 555 221 593 
 23 272 535 124 128 178 648 
 539 146 255 213 658 175 373 
 578 373 44 256 540 863 67 
 271 68 84 124 649 146 861 
 473 2 351 534 971 302 992 
 81 936 882 596 585 393 157 
 260 510 901 249 173 827 583 
 881 775 897 111 994 683 369 
 204 953 327 116 981 208 497 
 827 826 960 508 805 102 982 
 125 772 352 653 76 215 278 
 167 108 373 264 283 833 581 
 293 213 116 344 161 72 328 
 180 913 276 417 935 204 824 
 242 416 617 558 395 989 72 
 969 204 915 90 991 213 594 
 680 910 753 124 157 456 910 
 97 634 182 
 189 972 381 670 945 563 672 
 444 578 281 810 586 799 755 
 785 535 413 541 315 16 322 
 242 767 418 263 589 510 843 
 681 883 912 739 175 197 64 
 213 752 510 607 813 356 320 
 737 866 639 831 602 296 693 
 34 263 364 409 470 412 207 
 548 753 888 854 581 358 931 
 175 468 573 603 323 279 48 
 568 204 337 6 718 325 989 
 304 980 405 958 893 975 210 
 452 133 80 884 710 247 397 
 96 139 883 202 825 942 607 
 901 7 108 314 461 95 735 
 826 568 181 992 734 559 452 
 39 931 986 161 802 951 650 
 267 311 719 331 235 881 449 
 422 611 692 657 664 632 57 
 380 604 943 456 589 368 849 
 633 82 554 78 760 982 329 
 883 348 581 348 219 366 66 
 555 830 481 985 167 588 502 
 27 554 927 85 252 197 412 
 627 350 694 265 198 476 134 
 595 865 894 836 630 48 847 
 812 971 579 808 660 264 610 
 282 356 323 77 110 499 213 
 456 572 786 910 528 486 689 
 260 817 443 275 59 555 66 
 835 555 704 972 330 341 342 
 175 968 515 549 372 94 130 
 343 617 461 168 738 916 865 
 53 431 156 154 492 921 679 
 136 270 716 986 381 98 419 
 116 768 815 271 490 364 453 
 416 152 829 527 150 972 894 
 65 804 491 738 737 761 536 
 993 975 14 48 991 700 694 
 855 795 596 137 840 940 90 
 135 318 467 8 101 686 656 
 243 569 224 519 769 132 210 
 127 530 397 891 301 855 904 
 584 525 869 984 960 964 743 
 338 103 471 143 693 549 387 
 234 866 205 553 519 592 133 
 783 38 276 616 166 744 443 
 732 976 330 775 484 237 737 
 843 606 202 60 110 570 168 
 388 89 623 269 781 745 109 
 373 801 435 778 935 921 323 
 189 568 666 155 356 639 729 
 812 350 341 471 445 416 619 
 427 78 768 720 218 227 459 
 985 887 378 735 623 514 235 
 327 951 362 434 810 460 562 
 781 378 181 740 806 950 630 
 985 120 262 591 316 705 698 
 695 769 164 65 438 921 707 
 282 685 58 814 893 70 897 
 143 294 851 903 722 199 520 
 875 389 218 544 701 722 105 
 224 327 527 455 4 153 178 
 234 797 307 981 654 288 577 
 222 211 566 421 988 322 861 
 440 600 234 305 543 961 261 
 170 717 493 617 420 652 920 
 839 513 690 239 541 726 133 
 825 156 344 423 194 498 668 
 888 111 813 26 367 961 684 
 215 438 530 581 709 639 129 
 861 811 306 
 260 587 659 444 234 579 384 
 543 630 260 108 156 155 289 
 411 681 730 16 225 82 340 
 604 660 153 408 618 240 517 
 780 845 527 435 68 66 533 
 455 275 27 964 809 628 605 
 21 616 447 672 321 704 596 
 186 755 730 657 994 78 639 
 516 676 261 677 287 434 494 
 774 399 45 869 971 394 814 
 386 259 355 463 331 83 408 
 216 423 756 838 139 23 968 
 593 711 405 906 773 68 610 
 120 947 971 601 186 381 227 
 516 984 616 187 602 117 188 
 811 5 813 293 113 773 999 
 118 700 855 122 442 394 611 
 857 475 666 775 359 975 657 
 535 361 982 253 738 461 348 
 875 827 966 574 792 52 805 
 582 498 386 647 406 788 649 
 265 262 932 390 988 454 813 
 126 880 579 939 713 577 474 
 626 374 348 758 228 238 448 
 264 415 200 501 139 899 847 
 582 277 796 989 213 796 532 
 934 386 919 21 445 612 351 
 49 583 243 434 554 449 796 
 398 313 346 330 853 159 752 
 619 820 789 468 970 843 979 
 573 758 476 186 5 965 76 
 435 325 763 644 540 89 360 
 276 646 99 468 44 48 856 
 739 466 368 661 321 938 727 
 824 876 824 530 975 132 887 
 439 553 299 743 134 77 981 
 193 211 902 750 258 909 107 
 469 160 65 504 397 840 859 
 759 509 955 825 220 188 245 
 808 419 79 371 851 330 22 
 807 599 822 890 725 415 263 
 902 171 56 370 648 435 620 
 522 614 16 544 526 297 329 
 444 760 923 664 573 243 319 
 194 533 586 124 229 13 864 
 625 122 591 139 360 879 663 
 664 595 476 451 173 64 337 
 38 321 771 668 264 43 919 
 251 754 661 780 307 381 63 
 727 503 425 619 996 24 660 
 228 260 87 8 412 343 811 
 843 450 9 523 893 849 532 
 802 980 167 913 13 983 306 
 365 118 76 770 5 502 50 
 382 322 453 93 24 634 570 
 773 687 669 728 406 145 610 
 526 758 997 620 252 608 257 
 161 727 219 921 492 723 617 
 978 263 867 808 98 899 891 
 147 519 570 407 38 673 91 
 899 459 9 315 978 520 534 
 51 227 181 404 119 775 430 
 131 248 675 253 224 165 77 
 484 822 998 40 165 971 284 
 752 818 666 570 221 715 59 
 700 208 163 804 121 390 514 
 494 530 79 681 208 232 445 
 783 540 199 452 333 27 869 
 294 203 362 584 829 761 377 
 578 277 598 879 469 222 912 
 103 262 93 976 680 500 165 
 971 768 790 
 960 559 222 749 849 708 761 
 966 197 174 476 638 932 988 
 399 27 107 850 476 382 798 
 319 70 954 376 718 842 492 
 635 236 842 936 143 950 61 
 487 730 200 256 490 283 237 
 59 438 198 482 203 109 439 
 2 659 327 783 407 226 653 
 504 212 123 330 856 45 111 
 199 527 412 346 749 97 730 
 623 618 546 873 421 639 300 
 396 375 687 689 363 268 552 
 98 600 507 487 659 643 932 
 429 805 134 598 84 409 879 
 933 927 789 457 319 732 128 
 809 835 187 749 585 145 371 
 730 31 334 129 733 491 960 
 96 483 819 940 799 64 942 
 745 837 238 842 637 541 950 
 173 216 497 631 94 604 152 
 361 2 393 512 120 422 227 
 490 522 71 746 631 535 794 
 317 806 451 5 333 611 685 
 106 771 471 796 839 65 481 
 110 559 761 432 561 838 112 
 669 877 199 736 426 832 501 
 673 382 367 643 261 180 157 
 100 333 142 342 265 678 652 
 152 47 500 764 78 821 370 
 585 539 381 174 380 936 346 
 992 859 871 876 964 452 452 
 291 932 7 214 330 287 302 
 25 159 968 918 376 628 30 
 170 965 46 527 228 97 624 
 867 691 226 632 81 996 919 
 924 188 384 180 381 292 432 
 422 808 157 707 238 947 743 
 923 134 742 50 731 429 189 
 519 570 338 727 823 556 825 
 840 356 940 328 310 561 931 
 169 406 563 263 422 973 548 
 21 406 573 604 221 697 21 
 830 455 277 216 203 945 206 
 249 321 973 271 307 433 388 
 987 98 411 358 258 112 162 
 597 460 505 183 276 175 534 
 182 650 641 499 291 558 77 
 647 162 282 949 150 521 384 
 555 688 959 397 159 287 713 
 135 671 795 608 424 786 181 
 892 552 883 342 838 179 615 
 605 464 768 13 323 246 101 
 887 94 233 971 357 887 543 
 845 644 277 92 943 856 534 
 846 329 23 249 923 904 554 
 827 500 905 569 709 30 21 
 29 331 565 50 645 611 607 
 127 813 593 592 509 82 101 
 51 975 486 193 388 488 331 
 819 406 830 898 72 519 746 
 65 811 317 996 758 311 727 
 601 686 162 980 988 211 582 
 244 454 881 30 439 397 848 
 957 937 437 479 710 579 569 
 852 474 817 983 430 381 997 
 815 983 456 606 354 314 917 
 799 898 600 108 897 174 362 
 664 520 818 526 25 303 303 
 537 367 331 336 273 219 39 
 488 368 222 389 340 712 974 
 104 965 601 139 857 945 179 
 518 984 454 
 308 76 206 358 488 613 948 
 344 347 176 197 93 472 507 
 636 261 119 372 462 949 409 
 623 85 985 995 797 898 425 
 372 937 664 206 414 506 752 
 577 390 27 904 871 428 689 
 59 6 217 857 246 358 996 
 503 64 688 458 486 447 560 
 481 259 10 146 755 976 362 
 934 147 57 63 82 112 816 
 932 860 764 857 443 452 428 
 573 78 963 150 223 154 118 
 236 353 348 193 114 827 160 
 356 896 864 534 733 576 537 
 459 851 223 86 360 806 948 
 801 293 88 786 976 300 388 
 36 5 341 240 733 872 445 
 443 22 440 197 47 516 547 
 595 597 774 155 67 443 978 
 260 172 639 178 39 130 240 
 353 937 879 233 417 793 881 
 332 471 707 425 768 173 967 
 617 418 325 825 530 805 726 
 286 968 90 89 243 455 341 
 192 798 658 749 419 649 512 
 529 658 162 373 115 353 75 
 937 214 839 450 563 183 957 
 745 283 301 415 243 586 231 
 956 27 258 258 261 164 693 
 663 727 551 927 830 432 88 
 66 285 276 208 197 191 365 
 561 524 492 731 907 830 84 
 433 201 760 588 435 618 125 
 324 801 161 162 774 709 868 
 579 351 716 20 624 282 286 
 121 381 929 397 675 636 243 
 424 696 874 516 676 40 444 
 319 535 578 399 372 764 749 
 410 314 718 143 189 131 93 
 269 54 522 425 918 696 789 
 193 568 682 74 266 47 688 
 83 881 273 699 562 791 483 
 153 523 639 289 893 27 96 
 704 277 804 915 548 14 861 
 884 952 79 955 776 417 791 
 299 643 145 735 99 550 884 
 776 195 355 460 723 23 288 
 773 715 401 573 664 322 128 
 910 808 269 435 311 126 33 
 507 314 565 43 508 697 261 
 513 234 333 720 497 75 603 
 958 709 249 345 128 91 828 
 636 382 837 688 574 562 6 
 820 578 361 256 582 976 293 
 325 502 727 451 548 521 645 
 29 871 35 367 671 206 169 
 585 986 653 515 925 843 62 
 197 12 97 287 567 709 896 
 474 442 768 512 710 57 714 
 788 328 817 742 764 17 345 
 168 82 574 39 16 844 147 
 808 536 510 37 957 399 261 
 521 510 953 988 447 943 540 
 838 382 694 635 128 911 104 
 953 44 401 558 212 757 207 
 315 791 365 427 865 22 632 
 529 97 447 143 532 615 13 
 980 665 535 211 752 405 603 
 619 414 311 727 908 621 205 
 434 165 744 455 741 828 150 
 766 752 853 776 571 409 708 
 694 23 900 
 513 928 646 793 237 438 954 
 25 480 302 808 854 313 184 
 653 941 146 411 703 420 657 
 430 315 43 495 526 458 205 
 574 571 579 587 765 977 638 
 117 683 479 158 872 28 73 
 948 245 479 821 922 23 659 
 679 599 818 109 142 340 292 
 563 787 984 229 974 61 431 
 878 305 54 155 35 147 627 
 720 567 991 718 305 324 486 
 787 532 904 505 484 286 526 
 552 621 750 257 129 711 970 
 281 674 389 389 179 590 872 
 739 666 839 35 225 744 783 
 85 184 803 254 738 651 711 
 331 545 941 423 267 603 340 
 211 722 769 739 521 516 946 
 211 643 298 926 663 956 734 
 558 673 10 509 503 384 522 
 312 803 326 854 544 670 467 
 287 996 993 780 99 789 449 
 337 932 643 756 769 399 31 
 33 998 975 184 148 176 949 
 266 620 274 680 186 205 718 
 180 474 380 34 252 629 630 
 623 911 1 792 613 932 40 
 780 281 549 76 488 777 157 
 845 230 725 888 533 635 646 
 535 782 873 939 48 905 282 
 840 280 589 987 837 544 488 
 389 911 688 993 146 145 942 
 714 675 64 524 910 860 961 
 133 14 764 859 6 539 366 
 373 260 539 537 45 689 140 
 703 965 174 761 848 70 31 
 864 380 874 98 375 763 419 
 461 178 797 636 658 637 8 
 771 836 505 948 891 358 305 
 784 379 160 82 123 968 417 
 93 562 195 155 851 949 91 
 585 949 936 433 409 521 433 
 149 257 715 686 500 595 497 
 516 710 632 52 288 760 966 
 360 454 686 401 674 11 886 
 538 460 946 605 643 11 160 
 427 702 115 561 549 624 550 
 367 894 513 705 134 389 576 
 851 256 677 737 380 609 838 
 694 386 386 543 94 499 174 
 568 487 593 262 752 37 208 
 908 228 968 136 938 66 111 
 859 801 673 895 462 520 345 
 698 464 363 794 607 564 503 
 525 253 382 294 12 383 183 
 7 490 702 352 371 994 706 
 152 71 928 38 526 149 186 
 806 566 161 245 433 699 964 
 31 198 232 891 224 112 831 
 444 616 962 957 21 519 41 
 708 13 766 996 967 223 120 
 300 810 515 896 731 65 275 
 353 118 781 61 912 962 638 
 165 298 360 868 624 709 440 
 12 712 447 62 739 531 112 
 207 403 402 9 498 424 98 
 186 71 553 44 677 289 943 
 165 443 138 415 957 361 507 
 359 768 194 168 667 967 148 
 597 213 324 482 219 974 863 
 532 592 614 570 321 970 309 
 903 952 74 
 487 261 745 712 186 221 598 
 426 471 751 928 548 930 298 
 988 70 506 192 434 584 414 
 950 585 134 6 468 444 12 
 301 369 947 496 327 732 121 
 874 31 154 689 117 213 538 
 111 650 497 698 367 32 994 
 568 177 366 845 24 95 36 
 223 264 581 293 721 444 925 
 333 910 595 452 794 950 510 
 273 636 895 108 591 291 288 
 711 951 861 966 355 335 373 
 378 228 488 802 265 597 866 
 117 681 216 415 328 524 337 
 266 846 631 592 327 703 671 
 762 327 800 376 431 594 828 
 709 554 339 85 582 258 217 
 528 436 507 619 300 750 788 
 209 744 994 310 739 455 218 
 257 250 325 228 278 160 175 
 287 740 257 724 119 172 342 
 261 943 363 701 438 577 203 
 738 561 951 48 827 743 982 
 571 926 414 312 840 780 640 
 862 64 882 929 775 302 91 
 775 628 778 303 103 639 39 
 922 348 902 828 533 902 460 
 437 820 539 762 271 996 97 
 432 534 843 911 173 695 556 
 550 279 564 513 27 44 411 
 600 554 69 333 57 897 165 
 159 964 66 445 410 5 14 
 373 571 765 785 90 778 399 
 458 66 683 967 966 392 759 
 203 122 175 279 487 533 785 
 381 849 391 421 139 569 468 
 762 280 462 334 695 958 928 
 270 182 565 210 960 51 941 
 11 617 696 206 641 58 206 
 991 636 938 331 800 3 420 
 871 416 834 38 188 302 462 
 564 912 161 830 552 364 438 
 226 995 178 780 928 687 233 
 937 498 428 624 554 529 871 
 940 757 791 474 945 735 56 
 910 722 821 382 361 585 3 
 927 607 909 957 431 425 334 
 449 141 264 426 841 479 184 
 221 913 828 718 762 973 909 
 95 453 80 250 965 284 500 
 790 203 504 12 322 155 615 
 235 75 780 943 595 187 252 
 691 821 319 639 629 411 846 
 765 639 951 388 725 737 298 
 241 60 250 483 286 235 607 
 117 464 123 436 167 436 874 
 574 35 713 459 364 30 484 
 695 553 329 470 813 402 748 
 221 394 751 637 269 257 220 
 235 733 121 133 182 753 953 
 12 202 755 420 25 752 552 
 205 541 243 700 849 231 346 
 773 174 803 667 432 959 751 
 818 686 365 179 3 724 189 
 858 702 933 756 205 803 535 
 722 474 898 880 785 399 948 
 727 725 513 775 939 64 283 
 868 540 404 527 424 27 168 
 869 820 114 591 167 341 91 
 155 32 219 81 445 168 26 
 753 473 177 954 287 770 318 
 399 31 979 
 968 224 330 306 248 743 637 
 658 188 37 328 839 514 468 
 36 752 270 553 657 307 891 
 623 106 515 731 621 898 794 
 870 866 763 623 212 694 82 
 599 619 928 579 571 719 487 
 446 36 125 314 615 353 78 
 854 327 461 36 42 60 601 
 141 556 808 964 698 297 956 
 676 286 23 339 812 183 603 
 959 387 807 321 652 416 367 
 47 397 512 608 25 114 579 
 529 874 543 697 175 223 67 
 808 168 907 85 794 686 506 
 678 833 20 255 63 258 410 
 12 89 34 376 4 758 987 
 164 218 611 228 372 808 434 
 748 826 799 449 909 490 385 
 500 145 829 920 635 373 587 
 308 827 848 482 279 398 305 
 129 689 258 819 275 674 602 
 570 172 235 958 371 469 547 
 459 517 175 282 434 801 817 
 896 546 810 338 355 301 564 
 662 394 250 239 672 237 568 
 185 387 880 438 356 841 947 
 451 692 239 515 168 166 271 
 855 231 114 980 314 474 807 
 875 387 643 24 278 414 815 
 202 359 488 241 75 710 877 
 664 234 827 905 200 584 195 
 768 377 58 202 759 186 643 
 333 375 516 388 565 333 662 
 51 346 178 291 692 613 915 
 477 386 299 720 160 371 186 
 237 302 127 310 458 150 447 
 929 818 636 462 44 294 31 
 472 616 520 581 212 106 847 
 838 259 234 693 819 294 738 
 553 997 137 47 701 37 609 
 785 448 279 719 483 489 869 
 545 809 72 340 805 540 444 
 969 821 951 828 186 584 486 
 863 764 183 764 537 280 651 
 73 764 796 62 277 458 123 
 848 735 700 516 918 941 260 
 563 953 457 234 274 628 31 
 850 21 940 314 168 384 645 
 799 80 145 464 768 55 852 
 262 361 225 3 635 96 241 
 626 43 742 963 316 382 24 
 490 359 131 116 424 64 957 
 660 752 630 784 29 213 687 
 185 476 73 357 193 69 36 
 734 544 347 611 359 129 438 
 68 478 378 968 443 433 568 
 733 78 530 860 310 160 639 
 143 485 912 35 551 845 551 
 647 47 121 428 470 327 273 
 167 986 593 476 712 426 590 
 857 493 120 388 563 661 900 
 233 119 872 123 780 727 778 
 349 352 596 555 97 295 694 
 24 17 632 803 744 964 825 
 224 118 800 27 563 441 156 
 15 508 36 150 252 15 534 
 210 958 235 658 517 813 984 
 621 36 83 650 465 519 931 
 632 803 93 730 739 526 271 
 287 30 790 924 849 162 620 
 288 221 999 429 907 148 642 
 417 922 678 
 641 915 671 297 543 406 82 
 824 760 442 821 884 67 729 
 704 331 43 140 921 266 804 
 612 49 500 373 770 103 336 
 106 6 981 819 503 80 556 
 803 148 359 840 735 331 764 
 707 375 642 302 299 711 920 
 332 291 386 402 997 202 344 
 51 943 797 712 405 393 373 
 4 42 81 657 975 161 549 
 193 680 257 666 496 35 887 
 606 447 571 823 70 57 537 
 916 78 778 67 712 500 406 
 446 538 563 507 521 107 129 
 54 95 734 55 39 338 523 
 588 739 368 914 784 109 415 
 983 993 892 23 923 640 770 
 876 876 624 226 680 497 588 
 591 90 312 61 245 489 940 
 438 1000 679 951 760 942 390 
 987 533 437 875 705 141 812 
 892 757 554 738 570 440 204 
 129 303 891 554 25 487 115 
 351 68 694 842 345 269 565 
 903 657 951 860 131 100 150 
 406 595 491 16 632 444 708 
 970 775 530 758 706 411 319 
 568 312 80 811 943 11 919 
 656 673 765 150 347 148 494 
 980 289 981 465 58 103 650 
 281 10 927 311 249 9 884 
 745 126 309 68 51 613 133 
 1 180 444 418 822 637 905 
 16 321 275 716 693 557 225 
 790 6 980 163 567 236 838 
 818 392 82 77 18 205 347 
 116 213 656 965 587 270 381 
 656 700 237 369 37 634 710 
 873 150 791 967 405 18 818 
 509 177 260 802 6 711 464 
 989 372 638 14 662 46 664 
 794 315 662 951 537 874 258 
 101 211 471 60 101 17 767 
 824 245 453 513 264 64 476 
 361 898 781 221 804 228 2 
 78 291 325 126 890 768 667 
 697 477 849 500 76 667 87 
 869 648 396 949 963 47 801 
 33 245 596 786 981 374 675 
 471 315 948 289 283 345 379 
 26 655 298 766 972 868 584 
 81 463 822 738 314 945 904 
 258 105 578 836 187 132 716 
 72 117 796 497 463 80 60 
 298 580 90 782 843 79 865 
 142 616 77 495 676 765 754 
 592 738 536 598 533 753 568 
 535 550 772 18 188 377 73 
 311 341 37 723 782 667 477 
 737 859 515 501 76 508 914 
 686 202 680 600 818 654 311 
 276 606 964 775 395 74 717 
 507 967 593 439 748 769 657 
 801 605 447 914 385 311 676 
 775 551 482 466 182 133 702 
 624 190 741 108 483 461 809 
 455 38 15 152 538 681 286 
 373 401 843 484 791 278 568 
 729 497 474 96 630 487 944 
 29 229 493 823 682 558 847 
 344 203 306 144 666 449 933 
 660 877 115 
 431 676 661 179 903 124 891 
 117 243 782 882 440 777 437 
 718 106 533 857 533 990 305 
 989 82 932 270 146 654 436 
 997 761 637 563 155 395 881 
 825 600 401 481 232 927 346 
 568 196 771 120 277 179 717 
 281 350 355 423 583 35 606 
 704 774 467 471 142 912 346 
 458 349 435 445 117 569 621 
 667 951 477 5 827 980 1 
 657 669 238 93 446 522 179 
 209 444 27 441 648 237 651 
 546 912 665 411 279 282 179 
 769 286 177 185 15 596 509 
 894 453 1000 628 871 126 485 
 197 976 331 989 29 92 298 
 557 294 830 780 317 155 811 
 585 948 219 563 996 622 792 
 196 902 157 863 701 500 56 
 957 987 991 326 254 885 551 
 904 557 680 663 122 594 634 
 623 264 791 774 572 664 345 
 76 767 76 159 622 120 907 
 299 363 288 76 523 860 257 
 146 407 136 455 870 304 295 
 891 976 653 976 51 459 580 
 611 883 763 299 758 754 887 
 556 136 108 326 802 903 402 
 812 774 282 28 609 24 542 
 114 726 622 657 326 470 797 
 504 361 870 587 849 215 396 
 409 896 892 425 873 577 419 
 335 507 594 154 375 926 982 
 55 51 161 169 329 135 631 
 191 727 166 276 419 881 752 
 179 649 144 157 691 330 846 
 184 765 650 485 900 542 27 
 656 471 268 320 971 553 330 
 633 628 354 828 721 967 367 
 793 937 971 259 332 338 589 
 77 385 989 312 717 728 530 
 385 662 187 43 979 699 390 
 590 520 169 196 869 107 536 
 476 702 566 584 741 56 486 
 901 558 644 887 235 652 512 
 249 705 866 26 312 237 714 
 337 765 178 30 723 630 931 
 181 293 589 887 678 62 923 
 538 734 99 779 248 442 1000 
 22 153 339 627 346 186 820 
 113 642 521 548 317 75 230 
 387 348 36 81 95 410 395 
 744 148 594 551 998 310 631 
 465 994 174 470 554 557 286 
 847 323 257 300 936 558 313 
 335 480 80 693 342 500 427 
 138 969 971 876 267 366 25 
 378 634 692 310 658 965 484 
 517 994 920 717 468 395 910 
 324 806 661 695 645 873 370 
 304 5 608 602 294 59 585 
 650 512 650 252 211 863 560 
 272 267 271 403 309 663 458 
 80 569 275 497 515 203 967 
 186 38 25 106 624 97 274 
 706 253 238 803 523 591 162 
 570 203 614 50 740 167 457 
 107 415 600 596 47 14 243 
 426 801 240 835 818 688 551 
 175 107 411 802 835 158 904 
 801 407 976 
 829 444 922 253 218 722 492 
 587 237 802 886 732 675 220 
 3 233 415 732 274 830 68 
 84 730 498 810 822 661 667 
 379 772 408 35 955 273 816 
 125 113 475 411 621 111 374 
 553 243 11 154 826 814 427 
 896 636 440 499 575 187 437 
 462 977 503 642 134 388 660 
 424 380 89 212 318 398 342 
 356 648 283 668 745 249 791 
 33 945 889 983 347 225 606 
 60 456 690 156 376 768 330 
 925 401 712 795 695 784 861 
 87 896 33 684 719 274 680 
 156 717 78 439 392 159 305 
 530 870 688 962 751 16 182 
 247 862 102 990 98 565 752 
 711 991 920 956 992 131 826 
 644 691 539 534 477 910 33 
 68 551 997 504 356 952 786 
 186 28 559 104 894 306 352 
 442 955 464 373 566 282 74 
 911 200 38 113 687 960 541 
 613 439 572 396 244 383 715 
 285 53 945 463 399 36 636 
 623 105 931 992 295 262 396 
 918 17 431 144 429 23 379 
 847 524 712 735 830 483 902 
 190 225 776 601 271 286 370 
 6 697 373 887 477 551 497 
 966 37 532 344 356 983 125 
 329 615 493 817 506 419 161 
 705 327 752 445 415 490 633 
 974 984 558 450 584 152 561 
 737 824 194 372 81 35 485 
 748 830 881 414 670 276 449 
 599 956 189 20 859 162 23 
 393 278 903 482 651 230 141 
 42 780 581 575 625 160 889 
 461 617 306 585 200 644 927 
 936 973 84 916 111 516 434 
 496 196 622 775 817 197 89 
 795 408 250 451 401 292 238 
 615 311 943 83 274 951 746 
 504 285 279 529 924 192 416 
 30 247 731 536 831 614 139 
 584 438 634 822 902 588 573 
 440 488 694 428 34 804 659 
 50 93 930 594 658 273 838 
 430 274 46 511 806 881 295 
 666 990 295 914 267 552 959 
 104 376 32 85 596 894 443 
 590 406 432 61 956 573 35 
 275 671 126 674 31 635 327 
 850 677 859 898 541 976 89 
 753 272 407 50 622 347 308 
 803 16 147 642 446 997 306 
 860 795 906 681 557 143 259 
 690 603 853 435 240 883 7 
 147 435 283 898 2 678 594 
 996 984 495 16 335 635 176 
 276 691 758 322 105 381 357 
 917 392 954 240 575 844 297 
 539 730 384 123 570 868 672 
 755 612 269 354 398 23 283 
 251 881 925 77 209 997 97 
 929 500 963 28 726 539 119 
 630 568 480 767 181 231 483 
 752 455 679 399 52 71 766 
 806 526 257 191 142 1 662 
 113 184 475 
 878 822 620 310 329 260 711 
 704 443 158 271 815 675 824 
 828 110 242 492 751 238 940 
 984 952 933 896 20 312 615 
 999 716 58 519 118 554 467 
 84 507 840 963 980 81 152 
 939 193 940 60 789 461 292 
 948 513 887 385 443 669 611 
 371 353 114 699 854 951 103 
 960 823 924 302 542 578 417 
 769 426 935 678 770 709 200 
 51 772 741 723 775 197 472 
 880 600 488 296 266 23 700 
 893 757 353 471 373 155 748 
 960 532 702 648 175 267 853 
 113 13 994 752 918 138 398 
 809 947 882 985 664 775 279 
 700 621 717 950 660 771 554 
 193 543 33 931 231 262 40 
 820 413 704 836 848 179 346 
 194 412 591 88 278 226 841 
 314 121 223 99 511 700 371 
 775 290 568 427 414 999 993 
 392 404 68 895 158 829 143 
 106 132 45 116 504 686 250 
 675 312 460 914 707 171 136 
 348 624 688 706 816 734 356 
 172 157 11 332 836 799 806 
 570 285 413 505 345 460 419 
 15 657 59 580 303 248 976 
 901 235 807 339 73 681 224 
 762 513 231 952 228 400 756 
 265 519 767 531 980 993 501 
 919 384 345 836 885 237 788 
 460 787 183 191 401 100 92 
 591 971 65 636 825 265 919 
 171 899 389 226 927 479 853 
 357 338 243 383 719 279 154 
 97 620 900 528 116 225 364 
 767 975 93 393 53 850 599 
 708 506 273 756 741 426 860 
 854 216 542 169 219 701 163 
 153 754 542 735 266 245 607 
 567 954 615 727 459 214 597 
 456 52 630 621 144 194 233 
 63 158 984 127 510 643 316 
 554 716 430 279 91 544 374 
 257 903 145 156 434 726 7 
 200 729 743 358 25 84 182 
 137 873 68 800 289 990 614 
 380 115 481 728 113 506 724 
 58 591 425 893 904 831 294 
 653 753 602 887 632 665 914 
 710 450 46 186 205 510 853 
 967 936 877 291 459 492 152 
 954 214 835 319 593 923 101 
 213 179 139 261 41 314 324 
 721 22 604 343 119 157 770 
 740 319 359 527 686 637 532 
 927 86 515 74 491 720 849 
 559 919 8 92 829 834 179 
 742 33 384 821 715 897 665 
 141 103 640 487 586 185 180 
 922 172 616 506 67 395 959 
 46 851 528 282 324 233 877 
 357 997 709 30 489 483 88 
 132 54 403 520 453 80 933 
 597 581 249 653 348 906 457 
 887 190 331 880 628 96 494 
 927 103 137 212 834 358 126 
 573 150 17 724 714 362 212 
 858 687 56 
 908 669 460 704 683 672 632 
 104 371 177 21 309 764 845 
 42 240 151 167 338 434 310 
 26 647 197 865 756 831 544 
 842 455 442 632 43 670 841 
 718 860 76 590 325 423 844 
 242 952 391 959 555 966 100 
 489 162 44 639 531 894 230 
 29 815 466 710 111 333 423 
 232 588 504 986 131 466 992 
 515 248 649 869 114 792 132 
 160 450 511 118 442 538 298 
 120 153 680 673 117 701 949 
 413 681 303 758 944 629 708 
 807 831 468 940 944 897 659 
 406 405 788 531 880 638 108 
 213 63 667 266 449 650 406 
 78 575 383 949 717 746 258 
 142 912 328 522 561 146 827 
 154 372 815 900 239 530 341 
 588 638 64 813 930 259 629 
 534 779 801 967 53 621 229 
 93 661 649 577 1000 408 916 
 817 152 380 885 487 329 212 
 196 87 482 364 759 970 632 
 577 187 403 151 660 180 699 
 756 869 77 773 347 31 423 
 953 252 760 698 633 132 813 
 444 45 604 887 835 302 972 
 975 188 733 46 946 674 201 
 842 413 718 227 197 856 73 
 953 328 282 90 868 617 960 
 512 947 396 236 294 715 488 
 231 786 173 290 39 476 798 
 273 287 686 365 958 537 608 
 814 209 468 576 409 996 382 
 60 354 545 55 344 134 794 
 347 149 170 763 230 248 388 
 602 92 910 822 242 96 56 
 702 98 752 290 374 209 987 
 91 180 262 274 732 690 977 
 455 409 739 979 657 873 402 
 14 226 565 337 724 486 466 
 244 913 228 222 956 511 291 
 892 443 877 51 960 171 615 
 648 194 12 892 695 67 937 
 26 813 88 417 17 924 849 
 279 122 477 808 593 45 597 
 394 808 861 56 463 36 925 
 197 369 525 191 862 686 169 
 760 134 214 376 653 281 572 
 777 883 621 284 403 370 65 
 824 108 591 10 922 337 388 
 464 41 489 792 482 269 250 
 5 558 977 864 86 494 818 
 337 925 659 323 58 686 971 
 662 71 924 994 323 885 535 
 866 160 256 515 906 820 387 
 951 624 756 523 490 582 681 
 50 334 85 920 500 89 364 
 31 155 223 223 312 43 122 
 984 567 37 892 158 68 980 
 779 984 447 633 602 936 926 
 223 654 759 944 230 535 581 
 863 480 970 717 303 980 633 
 985 401 246 482 963 278 691 
 408 471 908 326 827 41 795 
 452 208 554 716 327 688 890 
 61 460 914 12 367 293 576 
 548 972 998 10 457 169 544 
 565 603 96 296 88 283 786 
 277 492 397 
 654 779 34 742 668 50 129 
 981 784 45 494 3 152 660 
 259 898 324 457 947 199 392 
 434 650 15 883 315 207 363 
 108 985 182 579 274 407 303 
 124 864 704 929 553 554 377 
 565 770 546 396 786 87 33 
 387 835 363 455 347 594 361 
 424 301 531 143 356 3 489 
 861 821 142 505 380 455 306 
 384 334 265 862 909 657 950 
 789 502 571 298 607 27 461 
 44 116 669 935 192 517 861 
 111 81 50 580 489 921 811 
 158 854 665 40 741 28 271 
 463 38 832 66 760 470 622 
 703 250 675 365 921 508 27 
 851 650 83 492 115 908 15 
 808 921 189 324 511 177 790 
 489 521 83 75 386 266 591 
 440 397 564 416 56 470 427 
 538 917 924 931 123 414 368 
 450 131 531 953 637 355 858 
 73 611 879 199 637 499 387 
 173 927 399 54 688 491 838 
 409 86 435 658 38 704 699 
 294 281 556 292 557 959 952 
 321 410 737 918 307 699 311 
 331 637 493 572 982 166 742 
 701 192 930 924 497 511 400 
 313 280 490 337 907 827 605 
 325 133 759 778 510 120 449 
 283 753 351 720 930 112 501 
 781 372 432 862 140 481 307 
 640 88 205 637 760 271 556 
 975 676 10 775 726 996 51 
 153 80 871 852 552 460 334 
 644 116 246 867 832 905 373 
 592 35 852 381 144 29 727 
 203 702 917 789 452 686 982 
 972 764 992 179 61 688 414 
 586 781 259 217 513 241 232 
 352 284 596 188 28 945 208 
 313 780 914 629 937 572 640 
 845 9 372 479 555 266 929 
 382 23 766 614 195 714 766 
 296 121 34 894 364 440 381 
 93 994 256 989 430 238 309 
 384 232 66 297 756 53 44 
 605 340 605 185 958 165 304 
 751 503 552 382 899 546 293 
 687 119 582 188 89 113 943 
 707 996 84 528 150 263 607 
 569 322 625 431 280 296 711 
 862 97 921 769 216 542 182 
 58 81 301 892 771 553 428 
 98 495 970 877 250 372 767 
 553 777 759 652 190 719 468 
 837 96 381 992 792 281 562 
 22 282 320 947 299 467 954 
 238 707 177 212 877 880 948 
 987 739 926 918 186 104 231 
 921 329 124 727 518 389 245 
 942 377 420 664 97 101 821 
 881 857 873 433 580 222 151 
 140 55 899 161 562 205 121 
 746 593 355 439 397 442 856 
 945 537 471 687 844 743 716 
 340 426 241 5 936 802 378 
 259 4 445 285 629 543 688 
 751 16 912 125 107 759 746 
 768 793 113 
 3 370 678 398 35 760 515 
 263 844 144 613 807 286 760 
 631 310 904 207 497 71 941 
 472 358 358 500 971 737 108 
 414 546 85 286 725 115 535 
 897 465 538 348 214 202 483 
 778 909 333 835 471 594 206 
 437 356 370 610 259 120 653 
 681 394 19 40 950 187 49 
 729 558 995 346 746 914 810 
 395 849 509 148 175 430 859 
 218 772 409 984 301 541 870 
 60 304 203 395 472 298 986 
 931 633 430 652 338 39 459 
 536 391 4 761 536 808 701 
 475 894 769 106 653 668 714 
 310 834 381 891 725 719 271 
 137 192 988 477 901 433 720 
 663 601 311 658 336 794 281 
 127 987 323 786 734 365 232 
 74 133 560 293 630 234 852 
 497 796 329 486 255 1 168 
 822 510 310 131 881 830 822 
 840 164 353 512 891 387 218 
 309 368 204 169 609 201 575 
 290 162 637 42 728 849 45 
 38 21 899 245 387 830 838 
 447 532 1000 628 263 314 982 
 153 357 177 445 189 446 373 
 373 88 954 874 440 728 580 
 918 832 452 331 847 299 422 
 491 724 909 123 771 174 145 
 553 508 426 799 581 614 293 
 12 114 978 478 612 40 271 
 113 73 226 766 97 569 94 
 900 635 544 178 651 267 235 
 420 527 95 887 262 633 325 
 669 395 301 702 823 380 372 
 7 399 680 817 211 411 87 
 300 307 139 950 16 80 574 
 384 564 558 575 905 388 848 
 980 258 325 179 664 882 307 
 101 605 51 739 98 452 216 
 39 353 968 584 221 923 485 
 420 262 895 564 23 543 22 
 139 746 577 249 534 348 441 
 804 64 20 839 449 448 103 
 55 229 236 776 170 987 918 
 827 969 202 761 824 702 55 
 513 687 531 266 342 799 871 
 74 719 647 772 895 429 240 
 890 972 567 977 233 296 655 
 641 528 289 494 234 153 48 
 629 938 489 802 783 272 408 
 475 647 609 293 435 365 872 
 511 797 759 663 3 156 233 
 488 352 77 661 850 916 698 
 289 524 548 476 963 226 558 
 334 860 747 687 481 655 639 
 956 635 361 280 481 966 30 
 95 738 218 616 60 893 458 
 342 362 684 687 21 489 99 
 383 841 377 862 187 826 918 
 584 995 15 344 987 778 955 
 968 978 738 962 570 976 941 
 170 349 271 512 834 595 504 
 992 235 297 381 313 88 462 
 136 322 815 131 946 147 581 
 103 298 698 755 335 931 96 
 483 39 76 534 16 387 303 
 118 712 117 297 540 603 348 
 443 689 273 
 81 972 499 628 569 557 406 
 418 209 122 257 961 389 436 
 672 265 910 255 309 867 279 
 204 342 66 254 302 364 85 
 187 196 816 170 450 907 510 
 122 256 834 127 334 719 170 
 48 133 906 988 676 419 511 
 208 233 257 432 894 125 655 
 488 775 920 841 893 721 110 
 764 777 333 106 47 985 664 
 76 346 74 11 462 191 502 
 787 266 107 395 256 380 851 
 326 158 758 750 754 293 463 
 551 850 33 403 551 959 657 
 840 980 154 31 902 212 705 
 692 620 879 634 898 179 159 
 569 894 243 137 745 483 479 
 369 675 680 746 791 586 548 
 406 467 579 71 224 321 237 
 392 829 669 428 118 906 301 
 61 88 334 617 193 11 889 
 731 849 758 337 198 334 79 
 553 960 93 619 944 960 909 
 320 569 134 9 67 32 429 
 587 904 968 689 615 525 997 
 799 651 206 108 841 567 270 
 332 975 264 418 627 820 276 
 997 488 454 213 931 916 539 
 86 847 800 411 143 755 181 
 866 200 778 309 234 783 167 
 725 267 897 244 271 338 923 
 642 745 490 38 67 391 813 
 371 985 105 16 620 620 301 
 49 46 926 722 714 24 351 
 65 659 117 599 524 937 681 
 71 915 440 221 782 483 449 
 427 916 117 644 256 41 168 
 173 372 979 46 214 938 153 
 263 775 904 147 471 552 334 
 757 624 834 598 775 136 177 
 528 118 608 771 491 33 314 
 69 962 51 472 905 404 451 
 500 522 914 261 203 419 423 
 6 312 602 873 682 570 608 
 329 85 381 886 899 715 154 
 350 886 841 437 879 971 912 
 810 542 854 661 703 564 222 
 625 743 372 308 401 20 777 
 326 965 706 194 696 361 587 
 645 311 957 718 212 341 164 
 663 609 754 839 77 467 161 
 472 878 678 335 334 579 188 
 522 971 674 949 509 678 639 
 423 829 129 730 279 730 243 
 95 507 886 691 976 541 936 
 369 826 655 374 612 826 870 
 947 99 134 545 398 61 235 
 502 158 518 474 953 623 856 
 970 52 46 525 875 676 395 
 118 543 929 899 53 945 212 
 75 746 531 198 908 881 633 
 484 113 878 543 564 466 661 
 579 334 118 635 578 971 66 
 540 379 823 275 467 877 470 
 645 460 282 600 922 938 320 
 388 753 191 28 101 76 566 
 549 703 79 370 49 640 122 
 268 474 790 358 807 959 109 
 774 237 906 141 933 245 484 
 572 409 419 939 681 10 557 
 534 924 374 438 390 231 567 
 621 549 373 
 283 187 692 700 874 399 694 
 820 981 321 902 356 675 545 
 160 81 106 357 474 757 127 
 60 400 233 327 973 778 203 
 722 15 935 862 90 759 910 
 405 790 403 465 837 287 17 
 320 740 775 583 718 829 116 
 785 197 809 241 99 602 740 
 631 284 841 117 22 631 863 
 28 798 984 689 816 739 996 
 880 400 387 21 960 965 289 
 367 293 953 920 206 189 467 
 943 323 612 981 286 955 586 
 212 100 870 484 381 38 799 
 469 823 504 833 810 572 587 
 500 504 607 730 154 286 877 
 996 756 250 644 513 931 469 
 316 597 664 134 471 117 915 
 447 330 213 76 337 56 861 
 122 624 547 958 718 46 522 
 297 55 129 689 202 972 524 
 924 687 908 638 1 939 565 
 20 88 848 966 199 339 96 
 549 726 589 506 160 722 644 
 181 412 795 238 182 895 749 
 765 465 862 498 403 889 789 
 686 116 528 442 125 461 829 
 544 150 232 1000 661 251 4 
 823 954 999 703 774 950 839 
 563 961 585 803 377 713 529 
 845 385 231 895 607 868 420 
 246 513 271 980 953 969 193 
 310 249 874 95 189 369 616 
 995 259 98 145 745 202 590 
 979 389 554 13 117 149 282 
 328 191 523 671 97 824 871 
 214 279 595 534 481 555 201 
 396 362 284 229 850 299 330 
 330 776 626 621 996 257 61 
 59 977 721 297 747 726 239 
 714 284 113 123 361 629 762 
 622 809 523 721 420 328 364 
 989 722 94 750 889 855 175 
 942 768 797 449 274 738 332 
 756 822 997 2 51 495 317 
 332 711 424 399 187 358 728 
 801 351 294 288 850 893 917 
 397 432 464 251 370 540 416 
 701 435 824 957 291 777 588 
 922 724 352 252 82 7 874 
 466 852 337 914 458 189 85 
 824 489 769 342 712 213 218 
 405 272 523 884 179 21 306 
 782 990 389 811 169 612 882 
 613 397 913 971 954 760 720 
 226 820 838 819 757 853 584 
 787 302 904 548 950 497 187 
 559 779 144 905 733 934 449 
 474 573 436 274 977 509 550 
 490 584 257 325 511 894 482 
 234 887 380 464 275 943 987 
 559 580 748 269 931 699 317 
 453 948 50 301 648 23 682 
 890 568 930 492 759 340 437 
 503 482 873 209 57 100 775 
 594 62 812 892 868 449 210 
 1 310 517 756 894 537 330 
 74 437 535 216 722 721 612 
 5 123 238 598 750 322 757 
 923 168 767 774 286 548 20 
 396 761 700 922 646 602 40 
 308 123 125 
 614 680 675 181 205 233 421 
 483 40 478 253 786 795 848 
 730 200 439 109 840 444 669 
 80 922 575 861 173 197 373 
 756 525 77 777 502 118 992 
 929 585 983 764 214 5 38 
 393 250 276 275 319 591 662 
 600 702 796 202 671 775 319 
 684 266 446 944 385 56 411 
 531 979 332 213 107 204 773 
 30 455 996 270 468 758 67 
 987 5 162 86 496 120 734 
 226 873 139 743 145 593 144 
 835 255 20 126 940 787 891 
 729 99 910 266 306 293 798 
 419 708 207 415 73 307 648 
 110 604 813 706 893 703 77 
 576 605 563 308 855 767 937 
 566 996 824 610 893 417 392 
 527 633 863 417 55 682 387 
 104 484 699 64 662 516 302 
 520 195 577 303 290 414 367 
 522 938 855 496 795 435 441 
 858 625 933 177 91 394 439 
 783 762 918 379 295 877 763 
 868 54 377 603 344 660 846 
 406 565 846 518 25 381 601 
 785 684 969 214 786 805 111 
 97 359 854 107 511 443 975 
 391 146 539 963 26 286 347 
 227 937 425 494 325 289 629 
 7 930 536 316 291 522 518 
 104 98 808 6 288 898 693 
 860 209 250 142 223 195 927 
 644 179 119 904 951 421 393 
 674 946 629 945 915 5 650 
 457 206 709 746 62 515 811 
 36 726 980 935 971 102 656 
 506 570 281 200 798 16 927 
 546 583 738 612 241 966 427 
 667 105 585 565 478 123 828 
 60 727 309 486 743 228 510 
 19 150 709 148 885 650 12 
 614 529 127 80 553 890 498 
 898 915 33 266 356 457 503 
 712 981 33 272 542 197 535 
 1000 961 376 791 730 854 629 
 767 589 110 908 666 821 385 
 401 524 442 595 371 353 370 
 241 491 172 87 651 333 865 
 617 319 720 569 786 416 364 
 832 268 747 528 104 498 653 
 258 948 73 102 867 308 300 
 55 296 379 618 354 312 466 
 929 997 742 178 318 190 766 
 268 772 198 455 272 480 773 
 686 536 918 345 420 522 797 
 870 908 72 27 260 935 984 
 65 651 211 105 884 496 488 
 468 945 701 33 575 917 985 
 218 920 791 780 69 686 487 
 609 828 319 619 185 718 768 
 677 419 394 792 574 390 269 
 108 73 250 155 400 711 370 
 367 450 678 514 291 519 41 
 896 174 498 37 460 985 200 
 577 823 568 365 875 101 616 
 132 426 265 789 112 343 957 
 936 38 715 462 74 638 7 
 721 388 446 717 689 346 237 
 970 275 467 199 360 768 794 
 918 437 768 
 849 731 549 486 762 703 576 
 903 790 381 931 914 145 971 
 119 526 60 780 420 471 688 
 414 412 255 923 516 463 979 
 580 964 978 941 414 718 750 
 467 102 89 914 505 517 61 
 216 476 797 760 263 50 395 
 233 630 65 224 94 220 262 
 71 750 335 394 870 358 75 
 732 933 156 182 369 177 189 
 229 236 525 647 73 37 932 
 101 647 466 89 454 475 433 
 435 124 817 681 705 669 304 
 924 761 508 872 613 640 509 
 413 328 345 779 427 230 990 
 106 352 997 608 715 47 545 
 374 954 194 118 719 137 820 
 328 688 210 274 224 340 839 
 240 720 70 642 891 456 352 
 884 906 912 929 110 82 268 
 872 497 198 182 555 486 676 
 799 470 316 181 307 420 477 
 100 160 847 327 780 940 295 
 891 175 305 396 311 98 370 
 197 196 410 434 228 968 869 
 865 543 665 456 438 463 397 
 812 618 677 972 215 570 746 
 963 660 827 764 919 10 939 
 903 189 165 212 185 836 590 
 591 564 663 555 674 786 275 
 415 201 234 365 352 317 4 
 138 235 272 421 827 775 524 
 459 398 715 166 216 429 297 
 246 128 901 295 43 761 366 
 786 48 804 269 81 233 471 
 524 10 356 552 44 119 824 
 713 712 518 766 438 561 28 
 466 136 960 647 800 327 199 
 309 70 153 718 120 789 957 
 535 398 423 318 961 490 279 
 544 468 244 763 685 33 545 
 651 596 415 27 367 917 261 
 702 98 391 939 63 927 230 
 839 77 288 910 592 653 865 
 376 548 455 454 975 50 562 
 297 784 686 543 634 133 529 
 744 300 737 364 143 187 537 
 264 102 384 703 935 211 528 
 397 896 783 632 164 710 906 
 377 978 901 208 451 221 889 
 930 226 553 478 20 211 227 
 550 682 13 980 183 850 648 
 740 233 568 622 460 304 836 
 772 658 886 267 135 458 765 
 199 151 353 639 151 836 737 
 166 879 18 707 955 527 807 
 848 175 147 134 662 970 228 
 507 514 607 507 845 826 836 
 529 178 160 19 663 838 765 
 186 617 233 564 970 457 619 
 721 425 685 464 501 352 712 
 540 779 477 1 245 976 230 
 909 315 484 569 413 544 131 
 278 375 928 194 401 70 7 
 290 665 770 884 502 667 357 
 938 444 227 841 1000 325 327 
 957 957 636 764 730 694 745 
 413 671 867 27 23 225 44 
 367 101 447 343 707 428 481 
 663 432 630 310 539 947 784 
 784 396 219 418 968 427 592 
 505 73 934 
 103 479 782 673 272 133 514 
 788 700 725 716 321 447 602 
 134 778 121 588 273 476 124 
 102 131 582 605 894 100 728 
 475 382 923 731 280 431 27 
 780 898 961 661 503 529 426 
 340 77 446 236 619 262 400 
 293 6 478 158 197 123 855 
 315 986 215 594 525 723 376 
 220 148 182 878 898 10 954 
 960 277 646 443 584 107 481 
 473 774 427 21 120 533 703 
 537 558 879 23 334 942 674 
 586 54 559 175 587 337 963 
 143 332 247 32 588 869 300 
 569 904 803 399 162 16 490 
 657 157 141 368 125 232 401 
 406 404 27 100 319 678 786 
 482 918 632 790 821 978 625 
 980 369 553 426 75 323 845 
 584 86 408 713 202 349 79 
 49 19 507 799 460 423 592 
 614 843 86 772 262 47 506 
 233 713 860 160 53 6 575 
 416 321 826 809 260 125 431 
 265 10 351 163 682 458 72 
 369 689 742 238 600 261 37 
 519 206 316 422 105 346 290 
 244 372 84 929 582 452 429 
 95 491 400 141 130 352 444 
 169 795 218 15 753 37 938 
 884 938 37 131 424 40 511 
 996 80 281 780 806 992 66 
 509 460 627 411 230 646 894 
 10 659 956 619 904 508 147 
 591 469 960 969 698 307 226 
 736 825 213 926 532 541 574 
 594 380 602 298 797 507 327 
 549 568 396 760 389 22 7 
 725 440 837 933 224 685 354 
 557 937 348 14 364 226 981 
 762 95 729 545 428 40 129 
 2 639 634 279 883 588 252 
 85 279 594 607 89 347 86 
 801 507 451 627 805 104 965 
 640 528 530 551 36 363 363 
 9 498 697 829 818 700 209 
 532 716 593 801 358 24 423 
 318 127 455 455 581 663 461 
 858 577 256 861 239 114 809 
 708 202 10 252 815 219 567 
 431 964 316 520 917 314 17 
 696 2 383 372 923 504 325 
 735 411 157 523 177 121 769 
 933 540 780 304 420 157 163 
 987 539 529 939 63 70 335 
 847 818 274 882 130 305 997 
 443 590 972 84 80 730 780 
 559 382 677 265 645 864 557 
 422 230 845 334 641 20 491 
 940 483 185 277 854 636 159 
 37 672 28 850 682 247 994 
 54 696 818 28 671 251 406 
 922 188 353 246 203 99 114 
 796 677 131 296 769 158 164 
 710 198 787 23 994 425 795 
 877 811 743 426 120 225 796 
 334 76 838 922 700 19 584 
 253 393 867 92 739 735 472 
 194 396 949 48 106 454 309 
 723 322 797 932 823 60 844 
 300 133 57 
 782 226 101 873 299 878 90 
 653 60 901 21 347 45 848 
 906 791 165 890 989 753 654 
 189 75 411 572 170 616 406 
 544 42 971 554 810 239 723 
 826 761 217 384 785 914 505 
 394 958 49 992 99 360 490 
 413 555 307 286 496 462 86 
 535 634 295 730 522 553 11 
 58 143 469 566 914 754 331 
 615 330 207 684 234 215 775 
 533 136 926 325 117 657 7 
 759 857 461 459 844 622 317 
 958 682 291 893 346 189 789 
 366 793 951 319 524 697 331 
 87 668 381 471 17 212 943 
 692 306 856 231 935 141 448 
 770 965 366 946 227 545 495 
 288 18 893 862 738 631 177 
 363 354 189 822 762 169 695 
 770 612 941 924 457 381 591 
 634 136 774 62 83 433 497 
 166 113 925 958 61 267 269 
 128 715 805 711 895 375 936 
 449 923 161 607 62 269 740 
 509 555 214 184 79 601 499 
 904 357 88 815 536 472 256 
 256 180 411 639 124 672 665 
 289 667 820 425 891 420 876 
 843 893 653 288 930 995 539 
 368 176 562 77 374 378 843 
 521 265 600 193 747 500 363 
 698 90 867 307 335 216 720 
 736 596 341 497 805 262 819 
 763 11 319 567 690 739 403 
 284 135 521 216 983 440 537 
 616 577 518 858 374 361 738 
 37 962 94 605 309 316 101 
 785 635 394 303 835 936 681 
 599 644 561 197 214 812 290 
 497 503 566 299 789 210 618 
 762 507 281 301 134 504 172 
 729 711 179 588 916 222 431 
 426 440 481 536 181 607 179 
 7 518 597 12 581 19 955 
 109 737 589 520 298 706 291 
 758 622 451 570 916 800 82 
 91 945 663 439 59 547 318 
 412 721 531 567 817 321 873 
 145 668 403 639 937 867 515 
 671 514 649 534 883 732 514 
 265 952 326 527 298 41 796 
 472 395 84 406 909 26 319 
 982 299 609 594 967 30 694 
 225 726 579 35 784 354 858 
 19 868 674 93 944 651 171 
 556 63 787 902 508 873 315 
 835 700 608 453 120 813 614 
 437 655 12 565 202 395 961 
 749 834 49 156 993 787 399 
 813 384 557 733 816 181 345 
 773 211 717 159 51 527 148 
 594 421 943 119 117 674 29 
 158 242 74 789 42 526 729 
 208 32 358 834 680 144 16 
 845 260 841 593 177 235 240 
 874 864 440 189 985 765 962 
 460 536 150 568 716 592 401 
 759 849 364 112 212 185 414 
 117 928 569 330 395 142 637 
 451 322 621 234 441 136 94 
 980 280 544 
 61 222 703 268 424 181 917 
 226 792 123 580 280 210 900 
 666 358 780 18 371 632 560 
 97 561 696 634 810 343 397 
 913 936 552 894 656 76 50 
 572 226 897 761 371 263 599 
 669 135 80 792 707 182 76 
 171 205 930 913 148 601 458 
 761 400 626 229 930 873 680 
 390 851 711 808 502 679 145 
 780 101 468 869 160 478 8 
 109 777 653 648 261 694 722 
 441 886 972 50 106 149 995 
 577 247 8 961 818 439 830 
 474 786 24 604 45 496 927 
 470 541 398 482 340 764 812 
 785 1000 199 568 688 808 649 
 583 302 56 257 514 506 261 
 875 9 898 993 272 280 644 
 354 972 772 544 794 867 413 
 828 532 899 209 926 186 343 
 388 38 881 25 448 131 138 
 181 166 954 647 942 466 934 
 473 457 968 387 412 395 425 
 752 247 387 564 679 741 831 
 69 502 406 248 925 180 634 
 836 479 603 426 799 790 375 
 190 401 671 170 630 550 122 
 781 194 256 391 134 24 149 
 555 508 120 552 896 332 257 
 295 53 873 370 2 250 109 
 40 639 2 929 243 301 846 
 686 839 31 446 586 282 148 
 886 194 866 464 146 858 525 
 237 402 757 661 135 235 949 
 490 786 547 569 117 28 10 
 777 629 106 961 251 28 179 
 931 939 431 543 798 428 304 
 605 993 577 979 639 506 506 
 554 678 527 544 561 101 896 
 55 41 23 614 686 37 695 
 654 319 910 307 699 510 790 
 256 759 252 647 180 576 817 
 138 693 642 764 423 797 112 
 402 87 970 802 559 818 407 
 742 496 626 293 846 340 748 
 151 461 581 450 824 145 307 
 761 220 734 339 595 449 913 
 170 772 932 1000 572 741 835 
 746 834 171 534 377 119 188 
 236 665 145 55 550 288 968 
 896 822 308 616 294 559 133 
 974 341 833 471 52 426 18 
 557 636 826 14 414 15 137 
 482 169 771 148 43 448 790 
 198 770 846 325 786 12 271 
 730 909 290 332 321 537 654 
 139 194 992 952 745 556 583 
 171 7 462 311 827 53 740 
 170 347 809 19 257 408 925 
 613 944 264 108 819 822 776 
 714 127 46 599 719 300 95 
 198 650 827 419 156 397 223 
 298 179 860 155 12 892 501 
 801 169 491 374 865 593 866 
 329 811 338 335 25 133 828 
 5 289 67 910 715 953 18 
 911 159 736 570 260 640 248 
 447 373 837 860 254 117 377 
 938 952 893 452 192 784 472 
 88 368 692 548 856 835 342 
 166 424 158 
 535 266 252 152 160 373 579 
 999 120 882 456 358 956 606 
 387 183 50 637 300 391 276 
 561 651 670 229 270 711 387 
 429 606 45 898 324 629 693 
 445 408 899 859 491 750 573 
 666 746 474 387 105 38 407 
 320 339 903 46 260 903 988 
 471 993 316 650 320 526 561 
 931 936 79 544 694 649 353 
 841 922 985 110 734 218 992 
 533 914 791 112 303 72 145 
 238 705 221 739 986 117 524 
 73 999 775 454 538 227 560 
 590 189 142 796 453 621 546 
 628 874 245 455 131 623 322 
 19 185 724 507 756 889 244 
 625 646 211 842 846 835 216 
 697 199 125 721 654 193 364 
 311 46 44 224 127 879 970 
 725 358 376 335 130 126 95 
 126 656 284 878 551 395 474 
 116 370 650 266 533 914 862 
 377 281 945 484 63 542 936 
 347 544 421 51 356 637 276 
 198 444 63 96 114 451 681 
 521 173 18 810 147 253 262 
 356 232 578 511 209 823 663 
 127 470 122 935 387 751 123 
 583 355 176 996 335 569 260 
 361 791 876 888 837 347 65 
 292 775 383 638 7 27 681 
 215 368 816 305 604 268 165 
 274 48 482 882 173 954 968 
 864 297 954 684 791 221 819 
 802 756 681 234 624 559 320 
 202 218 950 302 422 638 907 
 273 915 440 613 777 179 180 
 81 406 2 860 79 694 45 
 471 13 444 392 798 700 215 
 220 677 404 136 835 78 528 
 649 420 972 625 709 748 290 
 139 164 162 914 450 307 873 
 645 266 29 204 390 761 940 
 395 572 126 45 96 27 94 
 878 567 690 786 753 801 258 
 377 270 16 907 215 674 455 
 462 59 410 97 970 81 165 
 22 144 348 236 317 605 681 
 627 236 115 292 36 192 942 
 11 8 230 247 989 284 549 
 162 504 213 585 1000 164 228 
 657 732 980 24 467 606 806 
 534 332 929 118 544 554 84 
 79 841 421 275 525 396 441 
 163 627 824 637 480 239 276 
 385 335 135 713 993 682 842 
 652 579 47 510 9 842 591 
 613 438 569 711 111 804 118 
 912 606 31 12 863 107 704 
 23 300 612 182 61 211 986 
 97 465 748 652 691 935 675 
 181 348 934 423 910 844 873 
 707 227 575 676 630 334 847 
 54 138 127 949 603 383 614 
 149 591 77 846 52 890 19 
 49 907 181 99 491 681 849 
 346 712 121 362 184 380 848 
 101 452 519 909 520 645 29 
 327 34 736 966 216 254 476 
 722 226 306 295 778 893 343 
 94 455 646 
 585 527 524 991 4 655 402 
 761 395 491 767 105 432 511 
 501 814 354 687 652 14 474 
 889 807 11 139 695 543 601 
 212 69 202 324 64 151 577 
 764 72 104 5 424 245 642 
 879 684 120 496 417 361 597 
 117 919 536 443 499 333 7 
 572 355 776 575 885 903 812 
 540 357 257 369 114 213 378 
 316 463 259 281 222 20 518 
 529 991 434 714 385 280 903 
 657 354 20 326 941 964 244 
 720 600 341 172 92 64 365 
 658 839 843 493 808 172 38 
 409 661 546 333 474 320 168 
 113 708 743 289 221 207 627 
 519 807 761 140 66 831 830 
 355 525 169 316 468 28 450 
 402 832 128 332 505 20 822 
 874 57 683 211 890 549 580 
 767 309 674 867 348 880 770 
 992 933 193 451 545 823 344 
 966 320 433 130 688 389 115 
 119 602 690 768 526 249 937 
 418 830 925 790 233 403 74 
 795 388 634 32 519 307 838 
 451 38 714 22 258 231 630 
 748 871 895 357 294 283 561 
 128 210 111 354 159 171 403 
 710 943 55 127 348 582 924 
 139 242 995 990 782 313 670 
 18 616 246 787 543 640 342 
 358 209 917 246 541 685 646 
 318 240 611 568 331 977 119 
 490 646 156 598 1 409 165 
 945 493 195 603 603 785 912 
 200 291 83 137 62 672 887 
 396 937 550 787 92 447 533 
 554 982 79 292 450 617 844 
 425 13 299 809 304 103 155 
 705 44 292 803 989 840 223 
 801 925 947 666 153 907 712 
 336 357 74 242 516 719 49 
 111 232 372 519 91 421 457 
 814 41 533 779 840 218 449 
 687 634 110 716 502 75 683 
 973 926 866 376 565 904 90 
 32 692 94 279 879 691 904 
 870 46 185 387 126 366 334 
 65 616 766 121 438 743 93 
 155 55 687 55 80 155 56 
 824 609 639 511 353 570 690 
 289 44 155 549 255 889 121 
 161 583 166 763 125 384 249 
 188 582 748 390 531 621 611 
 623 44 471 379 710 76 879 
 258 107 423 588 959 286 49 
 594 779 676 62 578 619 26 
 475 720 706 682 849 752 672 
 832 773 8 438 171 472 843 
 29 924 671 59 761 192 610 
 900 224 662 269 137 522 151 
 856 935 952 976 294 954 117 
 769 320 3 669 163 208 439 
 735 403 989 199 92 265 801 
 25 197 352 971 929 686 298 
 341 687 308 747 438 791 271 
 746 677 347 896 902 602 193 
 482 895 332 715 280 16 538 
 962 481 765 42 202 182 393 
 667 548 999 
 188999 180780 174545 189634 192305 187892 177788 
 191549 184694 185678 179460 189504 186014 177917 
 184257 185763 185707 186085 187755 183557 182934 
 186672 197482 187513 186208 174582 186044 184633 
 174916 177722