 500 30 0 
 713 904 982 531 630 438 773 
 974 996 886 913 806 811 923 
 533 695 624 718 935 923 743 
 616 597 890 800 823 984 512 
 623 648 902 969 486 855 766 
 787 754 819 506 689 945 912 
 608 669 486 943 911 973 867 
 967 952 917 1091 798 1015 625 
 524 662 858 902 947 768 972 
 705 567 641 863 653 596 888 
 766 531 837 878 928 418 582 
 900 779 1004 720 653 678 609 
 949 787 906 876 899 875 1045 
 957 659 686 901 976 430 645 
 524 649 551 682 935 716 874 
 797 548 750 709 581 370 742 
 995 721 821 790 615 535 897 
 959 515 699 788 916 684 877 
 747 832 784 870 913 630 577 
 894 618 746 1032 583 712 472 
 651 657 917 751 907 813 848 
 729 872 671 660 892 917 634 
 645 937 775 608 915 950 776 
 1004 604 961 1089 776 895 523 
 797 737 805 698 512 520 674 
 627 642 970 895 674 899 883 
 903 797 870 662 758 749 886 
 675 746 751 853 543 611 658 
 707 772 628 628 784 1018 618 
 709 793 693 491 895 668 888 
 649 642 1006 708 525 736 946 
 795 1012 665 707 550 847 1001 
 775 752 825 851 691 722 843 
 688 592 711 990 796 734 916 
 634 492 980 592 615 604 917 
 690 887 686 726 813 921 707 
 747 940 781 709 900 857 1008 
 532 766 742 977 788 849 853 
 653 892 705 706 999 737 913 
 712 753 764 665 497 703 932 
 924 628 696 615 840 970 702 
 778 940 483 816 762 797 946 
 903 605 616 716 536 885 551 
 558 679 676 946 848 876 557 
 539 860 862 661 662 673 498 
 723 544 842 1061 702 555 776 
 742 516 560 586 687 822 930 
 969 730 1017 576 653 948 593 
 646 970 945 951 783 668 961 
 765 581 602 917 790 810 982 
 527 389 411 940 1010 649 753 
 549 968 687 753 705 608 852 
 520 665 550 654 623 432 499 
 592 869 613 825 644 961 660 
 714 604 868 911 885 671 674 
 612 777 693 961 495 835 649 
 776 634 638 892 856 904 577 
 990 884 693 684 665 868 975 
 1024 870 466 661 654 575 837 
 974 733 612 719 854 559 765 
 934 780 734 807 595 487 550 
 478 876 655 733 789 765 576 
 768 827 647 870 839 991 513 
 592 659 590 931 727 662 800 
 765 768 782 637 881 996 790 
 655 929 668 883 793 605 595 
 846 739 867 882 765 580 704 
 924 810 980 491 833 670 918 
 806 772 840 573 663 662 859 
 750 567 858 828 669 945 715 
 594 682 817 621 690 942 893 
 569 770 678 
 60 963 261 552 316 186 763 
 649 444 759 423 294 951 858 
 825 632 513 809 81 410 627 
 517 88 710 824 963 935 990 
 557 627 746 871 562 858 57 
 669 883 512 628 386 749 777 
 148 467 793 396 762 528 42 
 245 241 777 774 722 362 289 
 750 536 531 325 926 539 591 
 513 675 168 427 422 23 323 
 894 949 239 591 46 506 174 
 9 178 825 593 955 443 201 
 762 553 41 315 329 605 991 
 665 766 75 599 151 623 732 
 507 763 889 692 56 131 288 
 298 739 147 687 698 272 307 
 503 100 143 9 127 817 445 
 68 127 275 339 44 205 891 
 481 138 780 335 769 700 704 
 626 723 933 658 777 420 717 
 923 934 661 429 722 695 756 
 657 246 723 469 804 170 202 
 631 853 372 738 990 571 980 
 385 412 136 996 301 615 633 
 332 925 240 674 618 821 841 
 929 732 236 267 497 334 110 
 194 754 401 825 650 75 770 
 608 598 288 46 536 133 569 
 597 294 867 952 750 725 384 
 296 45 401 187 750 628 772 
 620 632 606 827 276 664 453 
 600 445 823 206 54 353 106 
 418 230 892 318 180 116 496 
 354 40 409 532 992 778 111 
 188 43 266 670 23 136 425 
 281 323 949 716 304 864 34 
 563 403 182 281 296 227 680 
 830 255 912 862 743 251 762 
 396 531 235 561 748 706 654 
 315 715 600 684 353 518 536 
 199 496 178 2 558 80 198 
 581 800 302 218 147 104 762 
 508 303 421 351 647 735 671 
 526 882 609 257 642 201 743 
 352 90 693 330 903 752 764 
 152 912 444 857 982 739 783 
 722 667 382 912 324 658 512 
 297 990 557 110 951 255 370 
 761 836 176 879 702 172 562 
 444 515 201 190 964 258 487 
 495 204 375 247 975 152 282 
 12 843 408 403 736 928 541 
 952 411 875 275 776 168 674 
 214 381 216 251 732 643 291 
 56 47 995 674 95 174 430 
 126 954 184 834 110 484 664 
 966 354 159 127 365 187 469 
 661 829 695 685 477 805 237 
 233 259 120 949 457 599 363 
 565 521 566 543 98 435 708 
 607 957 309 980 226 161 177 
 43 662 958 38 768 208 720 
 233 60 462 188 627 834 232 
 423 754 949 138 958 519 27 
 579 630 922 29 778 705 495 
 883 197 877 206 913 386 573 
 534 884 586 867 608 948 448 
 652 435 239 421 282 570 248 
 704 520 711 412 320 503 718 
 809 826 139 866 644 817 613 
 272 185 689 511 21 969 857 
 81 56 483 
 628 918 535 235 350 573 26 
 242 750 80 602 555 8 519 
 320 537 71 515 125 513 941 
 657 589 667 331 724 978 495 
 607 17 625 298 240 905 687 
 790 371 665 274 802 803 641 
 111 30 570 494 559 829 602 
 183 89 480 185 690 709 527 
 608 797 462 374 875 188 629 
 225 62 701 301 616 292 709 
 194 392 159 368 736 391 390 
 99 461 893 649 969 221 443 
 782 871 378 524 353 945 944 
 30 389 121 874 616 173 331 
 662 400 609 177 929 68 26 
 599 155 164 308 486 79 529 
 446 97 635 880 722 145 138 
 780 773 857 777 95 565 129 
 897 719 798 450 173 40 507 
 22 888 13 76 70 392 854 
 316 128 504 664 600 422 553 
 640 919 543 30 774 148 852 
 961 177 276 307 33 373 623 
 419 881 943 625 516 742 469 
 358 451 888 406 167 744 550 
 284 255 737 847 387 204 578 
 589 41 758 187 72 859 81 
 71 347 244 250 461 481 725 
 59 481 429 338 526 817 427 
 42 228 911 530 36 627 769 
 503 458 937 617 848 783 795 
 749 405 239 996 86 703 891 
 814 737 781 977 289 760 611 
 814 470 638 977 195 395 684 
 556 856 773 646 151 931 558 
 973 407 22 452 362 297 84 
 725 567 157 465 755 110 471 
 501 91 742 984 751 453 90 
 849 273 716 440 467 575 51 
 129 72 631 36 116 58 839 
 527 251 804 905 660 51 100 
 176 585 309 117 839 858 606 
 974 526 580 213 4 892 159 
 338 368 619 663 681 889 54 
 25 697 392 515 894 576 789 
 960 649 321 117 894 192 229 
 472 281 437 77 571 947 953 
 984 514 180 685 554 627 234 
 344 399 643 743 335 218 730 
 848 192 895 301 479 229 482 
 55 549 465 702 327 321 668 
 901 728 647 54 83 866 704 
 173 353 108 566 670 850 718 
 916 765 199 655 999 973 939 
 500 135 391 653 331 963 131 
 961 963 664 775 374 892 848 
 434 285 662 546 727 478 938 
 813 58 930 450 532 36 481 
 553 792 22 833 426 880 815 
 739 321 250 758 637 700 527 
 974 575 312 599 413 302 379 
 225 603 762 278 72 458 544 
 750 295 554 383 230 571 729 
 643 766 107 637 963 129 184 
 986 835 42 100 402 136 732 
 380 455 551 148 5 49 284 
 479 263 664 924 411 116 953 
 313 598 576 328 833 321 950 
 146 565 426 366 759 754 604 
 248 649 706 856 191 792 79 
 207 661 698 213 462 899 539 
 5 872 885 
 551 696 995 407 586 34 538 
 986 388 338 381 988 558 531 
 419 883 997 252 491 695 729 
 335 213 107 940 196 411 386 
 483 659 990 464 822 508 323 
 488 343 46 746 839 333 89 
 890 370 774 469 630 357 181 
 759 102 846 409 934 165 837 
 89 737 702 421 40 391 197 
 463 997 508 214 602 48 70 
 153 37 100 947 881 656 30 
 576 727 998 626 762 720 259 
 48 197 481 485 376 821 46 
 132 987 104 341 928 229 240 
 566 895 915 473 615 852 337 
 55 545 350 561 189 380 110 
 442 45 874 606 166 75 918 
 729 25 984 348 398 475 175 
 149 189 588 801 769 870 538 
 328 331 835 540 878 34 84 
 436 115 909 740 199 17 356 
 454 355 920 423 690 181 848 
 311 301 727 843 462 244 604 
 70 248 86 276 802 918 212 
 502 359 70 546 496 99 444 
 914 919 30 686 661 48 21 
 282 696 906 520 137 208 506 
 516 536 606 796 943 922 769 
 97 768 639 414 630 530 99 
 551 190 980 63 327 548 58 
 415 745 979 602 664 588 26 
 653 288 847 177 539 738 763 
 68 637 976 197 506 497 336 
 921 323 976 834 277 37 71 
 958 490 486 792 360 284 190 
 981 153 412 748 458 724 73 
 645 655 318 643 316 152 322 
 780 845 965 31 884 672 761 
 250 723 861 547 435 821 587 
 5 833 748 328 721 444 961 
 736 924 903 336 655 777 169 
 454 589 503 672 748 68 13 
 860 201 914 267 53 784 558 
 57 444 246 629 259 409 666 
 346 243 114 235 647 829 311 
 907 22 985 302 844 389 794 
 465 462 358 649 841 742 50 
 201 512 646 865 880 354 671 
 610 898 393 462 498 909 387 
 978 287 269 700 953 866 757 
 371 437 214 610 174 106 811 
 584 636 588 465 512 326 155 
 284 696 340 206 220 281 657 
 617 882 247 830 141 154 818 
 320 699 147 743 681 601 943 
 86 998 528 523 162 790 332 
 70 706 757 985 233 122 299 
 708 834 857 33 737 897 416 
 964 654 967 143 145 266 897 
 527 879 680 681 215 171 328 
 198 127 958 772 625 839 334 
 630 591 173 167 242 517 552 
 616 23 783 280 117 956 366 
 690 952 828 685 92 262 225 
 218 164 419 306 613 929 445 
 685 882 214 313 483 150 802 
 368 614 787 385 535 571 852 
 336 33 159 215 155 12 458 
 686 54 542 534 804 262 502 
 550 847 645 203 823 817 455 
 445 528 702 360 597 841 854 
 154 877 229 
 720 15 871 886 67 90 94 
 52 380 502 7 878 141 12 
 142 508 52 293 527 914 559 
 739 283 341 416 368 271 219 
 381 907 299 812 308 918 600 
 739 393 760 998 98 319 388 
 128 504 87 774 857 756 220 
 57 899 894 691 25 875 90 
 227 977 150 180 488 780 417 
 890 143 44 907 524 120 53 
 252 980 895 366 722 102 722 
 693 663 462 111 751 372 979 
 485 522 996 303 447 811 873 
 204 215 158 647 694 57 26 
 289 563 402 568 415 138 269 
 494 21 406 580 696 74 386 
 630 362 421 825 437 757 455 
 636 156 127 497 747 59 745 
 364 48 722 503 658 846 311 
 993 544 372 975 460 600 825 
 118 496 864 879 448 343 164 
 296 963 579 556 569 42 580 
 653 937 202 28 977 599 810 
 675 806 646 605 265 959 610 
 87 655 220 744 249 820 842 
 423 845 481 66 768 936 315 
 635 174 98 531 159 413 518 
 279 926 893 674 447 404 675 
 502 175 475 372 516 640 217 
 57 340 485 775 88 101 797 
 7 824 146 381 523 651 386 
 203 941 329 870 555 842 760 
 128 426 541 390 905 228 405 
 2 479 606 342 869 447 322 
 232 772 408 181 978 794 147 
 674 549 23 44 293 576 972 
 274 695 694 698 134 85 113 
 221 942 15 629 203 798 681 
 996 492 546 179 509 33 726 
 689 852 213 106 714 536 212 
 511 592 983 445 435 860 178 
 25 187 831 967 577 661 145 
 986 577 299 394 155 750 374 
 457 702 952 88 80 149 592 
 184 731 109 425 835 133 499 
 294 47 457 949 422 856 705 
 296 842 30 545 45 778 180 
 208 514 907 282 644 98 42 
 597 746 268 188 459 280 620 
 533 601 43 340 269 192 447 
 232 393 547 218 708 375 546 
 623 710 56 715 220 43 739 
 613 706 322 869 429 248 490 
 466 5 694 453 697 463 386 
 601 867 709 109 747 339 974 
 978 154 746 783 644 76 321 
 480 461 195 230 401 398 421 
 594 368 545 743 864 277 631 
 951 510 687 699 260 97 822 
 971 709 482 152 834 235 266 
 383 887 40 7 585 131 5 
 339 134 557 781 273 199 534 
 298 335 491 227 259 850 304 
 77 938 869 747 882 599 639 
 473 730 967 759 833 881 226 
 976 288 599 151 4 450 41 
 744 250 80 278 77 504 479 
 705 785 958 186 89 606 376 
 621 706 161 754 329 545 942 
 952 614 9 290 613 843 865 
 426 136 751 722 686 301 709 
 241 413 273 
 833 305 896 435 814 6 646 
 786 35 89 867 595 720 95 
 935 855 660 136 615 734 884 
 864 270 622 587 791 713 722 
 389 56 757 219 834 52 761 
 7 434 429 323 939 268 770 
 220 826 487 597 299 915 829 
 213 618 675 346 700 538 864 
 968 224 959 241 192 755 899 
 198 913 58 812 459 368 661 
 13 491 827 194 757 166 5 
 666 337 859 432 209 978 972 
 934 878 663 164 590 782 56 
 105 567 73 584 738 261 145 
 440 703 311 942 275 2 597 
 667 205 697 722 854 930 88 
 701 107 104 913 262 837 492 
 108 835 9 670 460 496 610 
 131 415 457 227 606 243 727 
 145 710 8 459 509 629 626 
 158 114 606 747 628 211 436 
 450 180 418 755 254 80 231 
 191 577 37 903 46 708 298 
 1000 462 710 152 77 174 93 
 750 823 285 984 441 566 541 
 722 821 378 678 359 679 628 
 290 371 86 330 44 15 317 
 423 407 379 41 943 727 26 
 195 947 26 744 957 497 461 
 165 468 729 558 110 649 479 
 261 544 519 107 353 971 836 
 738 380 232 304 42 710 859 
 631 89 851 542 838 130 115 
 195 792 740 476 919 973 827 
 290 983 631 403 650 732 68 
 968 314 7 538 902 384 274 
 270 497 333 627 931 716 543 
 666 67 403 865 421 423 239 
 379 824 534 717 89 158 743 
 125 805 245 463 954 419 709 
 785 55 504 783 560 532 530 
 69 29 195 14 629 705 245 
 347 605 170 539 482 350 262 
 654 650 889 185 637 949 66 
 982 210 797 982 159 980 148 
 757 589 218 437 847 701 908 
 502 97 649 1 746 445 346 
 663 360 26 110 831 782 713 
 309 948 803 466 675 584 991 
 10 166 13 59 789 76 867 
 840 67 412 23 976 252 401 
 950 430 307 182 492 87 277 
 100 375 477 605 692 154 887 
 79 893 786 890 416 533 507 
 174 599 584 120 633 343 313 
 260 436 176 467 308 111 73 
 597 617 996 581 330 46 302 
 519 597 598 912 663 132 234 
 798 802 908 133 461 732 742 
 856 360 733 315 125 145 307 
 725 924 380 597 738 486 690 
 315 199 773 10 382 976 944 
 392 571 889 512 595 511 395 
 44 383 90 487 820 679 803 
 412 903 96 910 361 581 478 
 176 434 796 31 911 947 652 
 697 634 237 105 100 748 266 
 835 112 863 18 479 205 170 
 596 459 660 562 892 436 544 
 842 863 464 756 154 670 563 
 612 929 118 945 875 154 476 
 80 543 728 
 905 587 294 153 794 230 382 
 596 148 622 720 530 193 347 
 779 853 325 156 751 547 959 
 281 56 289 328 319 399 800 
 246 118 487 944 53 857 428 
 119 658 570 172 815 63 788 
 690 667 213 277 815 752 612 
 714 575 347 660 72 252 503 
 34 371 541 403 17 554 501 
 884 262 829 219 543 466 627 
 93 405 29 141 283 445 534 
 954 468 243 197 521 220 290 
 661 768 816 674 227 104 455 
 74 487 436 344 396 925 925 
 19 115 834 8 394 765 646 
 34 555 312 430 584 516 86 
 623 201 629 856 234 56 164 
 268 507 683 635 830 39 437 
 578 456 200 435 524 801 994 
 641 354 655 747 682 746 388 
 628 466 997 169 738 11 323 
 197 412 337 671 108 10 446 
 530 200 745 941 25 864 857 
 583 845 11 707 7 750 962 
 771 774 207 841 81 141 520 
 740 463 374 934 977 609 634 
 746 841 480 361 396 918 366 
 186 469 780 503 224 207 663 
 347 833 854 864 229 629 403 
 510 355 11 348 103 788 115 
 45 372 699 451 829 245 198 
 866 440 233 884 431 32 723 
 282 919 714 350 284 935 737 
 967 708 736 214 749 316 420 
 850 993 547 993 585 693 545 
 77 319 454 282 36 447 601 
 437 945 487 39 410 627 885 
 712 341 379 200 937 861 750 
 631 885 443 335 354 668 107 
 169 594 70 163 655 417 662 
 390 341 617 686 152 786 717 
 967 175 476 585 293 495 778 
 771 28 881 727 295 685 440 
 972 452 511 676 738 527 69 
 26 42 283 955 321 189 261 
 128 845 866 561 34 474 227 
 326 685 944 302 546 857 569 
 428 958 431 467 332 231 801 
 534 661 721 468 524 413 644 
 14 876 388 340 847 717 576 
 354 970 970 111 268 152 346 
 902 348 937 564 244 787 377 
 373 966 812 340 265 369 392 
 785 811 265 957 344 925 915 
 694 667 262 92 232 485 167 
 457 914 934 508 547 498 66 
 738 968 527 221 924 211 810 
 358 62 694 868 286 422 573 
 406 111 486 450 810 460 826 
 911 61 725 641 832 953 551 
 230 756 348 173 643 96 874 
 937 882 722 107 376 884 333 
 124 441 349 401 974 4 806 
 1000 521 2 512 313 199 424 
 808 900 648 963 464 138 745 
 778 832 986 867 174 158 635 
 309 811 299 221 785 931 809 
 830 142 607 741 813 307 581 
 344 360 575 143 853 30 448 
 337 922 244 34 297 927 240 
 427 860 656 175 592 901 179 
 391 586 948 
 704 955 886 632 987 770 63 
 996 802 135 540 803 103 990 
 145 587 933 251 358 434 162 
 786 354 596 665 350 326 15 
 468 346 912 661 92 729 982 
 79 776 918 31 721 55 35 
 15 450 118 715 947 136 584 
 582 55 789 72 23 864 28 
 463 414 445 577 951 223 259 
 676 788 583 397 844 413 242 
 328 970 190 14 648 957 370 
 541 173 311 115 445 795 786 
 497 983 516 941 20 946 77 
 675 946 325 771 346 992 270 
 132 182 577 589 493 937 54 
 504 119 788 331 509 24 490 
 222 601 675 209 350 635 287 
 167 991 71 920 685 383 356 
 239 534 664 789 754 407 180 
 512 940 788 649 792 371 535 
 82 522 348 487 825 361 126 
 201 381 114 264 745 720 704 
 396 647 957 725 32 10 148 
 229 489 726 510 962 662 437 
 895 414 541 150 5 421 872 
 327 997 822 773 268 416 189 
 416 925 776 2 193 889 509 
 703 470 357 13 461 894 170 
 695 827 371 2 702 691 100 
 641 558 213 205 83 800 327 
 40 736 814 331 591 930 109 
 983 497 403 877 35 216 295 
 282 605 492 133 864 628 586 
 580 440 30 250 911 36 74 
 67 961 452 77 614 295 543 
 645 53 264 201 375 522 237 
 511 560 583 591 899 102 369 
 365 519 53 244 243 92 320 
 453 690 504 581 825 450 624 
 751 144 759 875 402 409 334 
 915 529 981 798 930 591 995 
 455 264 943 38 444 470 724 
 161 807 938 768 133 833 168 
 245 264 14 445 117 78 770 
 923 42 684 830 339 509 81 
 856 190 839 291 70 233 369 
 579 840 364 435 32 64 874 
 367 52 19 6 211 512 93 
 497 424 360 558 566 710 478 
 878 249 468 296 769 723 649 
 657 363 351 707 567 850 618 
 610 202 246 20 660 928 290 
 65 791 576 567 518 776 429 
 484 291 646 110 352 342 341 
 128 795 961 300 690 472 81 
 534 76 363 22 840 127 329 
 721 439 514 44 1 999 113 
 828 3 523 526 500 428 793 
 709 98 72 313 41 708 481 
 776 105 275 647 977 207 393 
 906 654 142 569 471 353 521 
 275 238 485 659 12 832 572 
 315 919 841 263 819 709 513 
 655 68 950 626 158 260 629 
 889 948 795 781 437 747 1000 
 358 992 761 462 333 576 65 
 398 926 109 840 331 875 464 
 800 864 218 728 423 433 551 
 580 461 628 366 639 448 934 
 727 87 447 797 368 155 112 
 881 931 584 954 857 892 394 
 338 999 401 
 843 86 379 399 237 922 928 
 136 367 406 96 759 186 420 
 753 327 168 787 508 14 593 
 405 513 605 437 72 981 205 
 168 551 846 817 521 734 85 
 5 481 544 72 921 11 808 
 130 358 968 433 107 197 296 
 662 62 386 88 889 896 252 
 846 204 593 136 366 57 362 
 875 186 994 509 764 586 696 
 882 483 449 724 912 156 651 
 302 885 849 160 441 659 82 
 882 595 59 894 902 838 631 
 167 612 448 529 846 62 514 
 132 148 906 802 406 756 616 
 537 666 889 354 164 703 922 
 287 355 987 680 902 411 69 
 612 690 860 445 520 754 98 
 900 668 677 644 778 837 712 
 143 187 37 824 639 801 269 
 118 634 977 114 741 573 309 
 962 532 938 948 382 675 328 
 731 397 560 938 218 100 168 
 907 919 719 732 710 34 446 
 153 751 373 983 669 952 82 
 248 426 430 538 226 844 864 
 753 771 626 698 603 972 487 
 677 28 261 973 916 906 962 
 382 583 251 694 523 832 14 
 697 729 303 195 971 318 430 
 698 206 366 892 572 173 614 
 593 515 398 445 582 602 865 
 70 298 204 405 303 627 174 
 159 694 171 539 282 168 495 
 988 61 466 478 228 615 315 
 278 220 107 783 574 875 35 
 804 162 475 214 578 2 460 
 634 54 722 98 272 731 63 
 645 122 316 815 860 652 220 
 877 681 677 594 295 10 685 
 885 600 133 988 619 787 984 
 510 618 454 900 744 883 299 
 656 289 769 669 604 272 725 
 871 244 706 774 636 488 56 
 563 534 54 610 441 263 455 
 871 867 305 425 7 916 478 
 162 734 726 342 903 129 248 
 780 640 606 561 288 836 773 
 623 394 499 928 270 371 959 
 716 577 628 586 437 282 115 
 358 323 274 297 998 422 279 
 852 696 538 448 429 320 362 
 290 777 595 302 104 728 136 
 141 219 199 294 426 727 390 
 917 254 218 937 606 432 27 
 71 578 758 854 148 155 850 
 722 743 860 598 758 530 978 
 566 623 613 7 591 835 962 
 195 987 162 646 489 330 786 
 740 258 671 887 593 412 744 
 988 799 896 995 492 322 358 
 808 39 60 169 195 358 193 
 834 846 533 387 293 544 690 
 963 454 648 482 43 898 968 
 566 590 429 818 440 692 30 
 795 488 631 788 697 588 895 
 151 414 859 781 215 450 881 
 522 949 298 192 237 611 402 
 562 687 141 611 153 727 668 
 165 122 499 470 899 509 837 
 7 714 158 650 173 39 753 
 321 399 227 
 671 664 787 343 922 605 874 
 295 202 991 100 944 806 531 
 50 409 170 909 320 780 427 
 973 751 817 115 421 443 14 
 429 228 745 672 847 660 231 
 600 906 67 569 238 499 131 
 614 743 455 466 143 222 641 
 698 251 572 955 542 171 639 
 53 393 969 875 424 550 494 
 27 114 910 664 581 471 326 
 136 889 4 764 557 72 403 
 933 394 412 813 121 896 468 
 107 681 996 556 19 229 486 
 518 275 736 302 506 558 832 
 503 694 89 718 128 343 261 
 866 831 123 490 732 365 835 
 656 522 455 252 973 693 137 
 688 213 218 531 663 125 169 
 169 303 493 159 659 635 233 
 516 281 207 430 964 69 912 
 397 294 29 555 57 262 551 
 372 712 50 620 595 827 359 
 599 389 189 633 510 352 686 
 877 77 764 981 623 907 298 
 199 834 398 118 106 523 477 
 844 896 484 913 796 788 625 
 579 117 742 972 220 906 222 
 849 854 799 593 57 661 497 
 951 416 269 177 873 573 747 
 943 675 188 443 718 437 884 
 461 156 273 993 334 765 756 
 162 184 244 349 937 376 530 
 591 788 115 378 134 134 672 
 842 283 60 4 250 767 760 
 8 401 705 944 610 140 8 
 827 783 333 895 585 779 797 
 235 184 366 106 510 173 638 
 311 290 417 908 574 108 960 
 856 726 46 575 436 628 107 
 925 346 99 207 270 236 516 
 334 680 790 315 617 510 990 
 135 176 637 695 256 19 146 
 808 93 327 720 489 420 320 
 674 334 577 810 645 378 675 
 624 635 885 825 777 903 801 
 144 534 308 600 665 796 619 
 478 68 994 296 389 327 297 
 340 812 741 398 33 495 935 
 369 703 917 867 82 329 804 
 678 777 799 588 986 634 833 
 358 720 34 880 746 429 957 
 12 547 252 67 605 772 151 
 230 955 751 61 557 716 433 
 338 245 769 175 1 876 391 
 263 371 101 46 374 68 547 
 195 684 145 958 141 290 748 
 678 82 575 779 770 752 421 
 597 375 387 431 506 314 698 
 367 932 844 23 129 721 728 
 770 104 685 605 124 580 850 
 652 164 41 439 89 892 694 
 578 345 369 634 157 208 669 
 375 985 95 332 91 349 832 
 824 522 517 74 69 118 291 
 778 548 378 534 463 728 801 
 461 948 938 329 90 588 613 
 702 30 663 65 528 912 934 
 288 940 342 984 242 812 135 
 74 336 934 814 481 594 125 
 319 192 418 521 390 591 373 
 711 220 897 533 512 17 572 
 864 651 88 
 782 813 154 509 132 204 93 
 7 970 435 881 157 122 711 
 293 147 405 217 498 545 579 
 972 569 232 586 40 906 428 
 919 905 999 367 127 628 85 
 891 29 726 190 461 770 860 
 470 738 333 130 692 555 512 
 741 140 456 158 224 895 214 
 965 751 529 248 144 44 94 
 734 298 548 268 504 881 841 
 30 649 624 814 94 644 363 
 100 552 207 760 311 39 394 
 266 704 176 150 956 145 984 
 205 912 458 486 765 693 630 
 48 876 122 364 198 83 222 
 358 721 242 987 188 210 359 
 701 414 130 838 526 236 933 
 79 783 638 213 3 38 106 
 456 164 18 25 720 207 335 
 432 846 867 322 262 39 574 
 364 979 426 859 959 939 766 
 550 250 965 182 939 972 351 
 41 322 562 197 779 923 48 
 357 158 745 329 428 854 464 
 758 694 543 726 880 608 991 
 147 231 405 643 424 742 586 
 666 721 429 499 939 586 212 
 258 800 466 399 347 416 642 
 598 56 133 700 434 221 914 
 691 375 763 498 327 748 573 
 872 173 459 276 698 312 56 
 771 261 426 172 138 287 737 
 991 186 894 330 328 37 92 
 990 324 348 175 974 607 381 
 730 23 885 298 678 950 544 
 298 550 658 367 718 237 684 
 779 164 343 344 817 467 410 
 680 926 411 635 341 709 745 
 1000 285 794 717 41 523 789 
 605 165 345 133 701 757 830 
 713 597 979 479 127 752 265 
 487 708 181 122 310 952 232 
 929 123 710 951 707 617 607 
 812 741 170 673 989 84 231 
 514 548 121 259 215 63 249 
 371 466 567 917 421 263 489 
 838 579 422 343 943 62 750 
 740 496 866 870 257 406 670 
 826 810 836 688 199 991 471 
 970 599 940 917 127 731 592 
 891 68 460 486 784 286 344 
 365 69 479 861 984 913 208 
 935 892 182 622 377 597 165 
 772 620 663 370 812 667 685 
 503 797 851 60 274 402 579 
 901 758 745 343 13 802 55 
 843 259 684 259 2 414 867 
 681 757 45 462 515 666 516 
 640 295 522 225 409 867 672 
 826 419 529 970 165 745 706 
 569 244 295 60 337 310 881 
 379 32 231 365 97 470 787 
 768 925 680 285 602 220 340 
 353 145 802 196 923 709 143 
 523 806 72 666 560 804 804 
 359 590 745 994 904 671 838 
 542 12 92 86 235 986 694 
 490 608 515 369 564 639 811 
 950 774 26 534 732 593 484 
 866 76 221 776 712 849 411 
 621 914 257 747 756 395 39 
 374 895 657 
 428 204 273 468 698 219 933 
 540 846 284 976 348 167 925 
 69 984 795 110 692 167 740 
 20 243 160 45 559 400 575 
 496 788 195 876 291 282 174 
 959 181 149 945 686 252 140 
 967 362 468 835 99 213 390 
 335 528 668 423 685 987 444 
 516 585 129 470 22 328 696 
 90 681 364 455 228 820 51 
 12 849 760 350 137 640 41 
 594 653 721 686 545 60 519 
 432 221 94 5 604 226 328 
 129 713 929 69 650 384 875 
 219 339 614 324 813 141 115 
 707 652 910 440 803 532 348 
 962 707 255 312 537 845 452 
 522 399 433 181 888 737 695 
 172 422 407 791 603 252 939 
 1000 677 882 52 786 176 725 
 983 301 112 982 954 805 650 
 71 648 172 597 493 980 638 
 832 515 870 131 667 548 214 
 870 239 983 940 48 44 136 
 459 180 871 227 832 24 184 
 951 854 609 740 875 983 755 
 408 548 115 130 224 66 425 
 676 170 310 189 659 22 443 
 135 835 538 711 448 568 159 
 688 218 381 117 559 239 204 
 823 398 294 545 182 600 956 
 677 30 261 16 171 411 266 
 941 252 113 602 582 898 358 
 87 819 879 497 206 446 179 
 230 854 979 696 153 207 939 
 430 326 538 951 901 186 108 
 637 855 996 185 765 529 936 
 323 408 940 889 256 61 824 
 836 772 122 91 189 92 28 
 204 786 925 351 163 129 688 
 397 141 659 743 47 904 645 
 580 109 386 642 525 813 834 
 91 953 348 203 857 898 696 
 28 304 736 633 705 276 538 
 499 199 63 123 117 586 378 
 661 78 895 496 169 181 40 
 417 258 69 851 875 588 82 
 65 272 296 919 999 232 300 
 194 887 669 924 190 931 408 
 427 319 679 839 952 939 339 
 27 417 341 491 938 696 521 
 199 962 616 350 241 56 965 
 383 251 348 198 32 292 45 
 252 304 846 627 624 435 177 
 497 62 837 381 670 996 406 
 522 152 304 351 487 488 396 
 160 652 683 267 984 361 69 
 360 457 946 446 587 561 905 
 297 946 353 322 841 33 355 
 868 667 554 414 933 497 443 
 281 955 4 569 977 698 887 
 920 690 376 227 920 703 961 
 478 583 218 699 874 905 114 
 978 87 495 615 513 672 251 
 559 381 214 831 102 82 407 
 216 488 329 668 238 542 744 
 69 760 689 696 477 721 602 
 525 462 685 749 719 250 210 
 577 731 222 686 488 465 503 
 245 447 676 241 927 532 587 
 523 427 883 314 421 966 327 
 599 277 377 
 648 774 44 750 210 980 75 
 528 735 107 732 437 73 642 
 827 357 786 785 393 735 175 
 992 444 984 433 637 520 139 
 913 367 972 751 62 78 716 
 3 905 902 338 394 963 88 
 268 823 339 151 915 663 593 
 323 704 185 937 615 223 534 
 680 130 257 551 968 480 691 
 635 156 934 992 326 930 256 
 542 113 899 594 235 139 532 
 17 527 19 250 903 590 259 
 720 616 611 291 184 144 862 
 754 467 504 57 949 312 5 
 494 342 70 287 225 579 793 
 178 996 891 358 511 150 409 
 375 239 115 222 190 868 625 
 368 346 200 984 740 306 258 
 191 205 452 660 727 882 331 
 797 417 281 196 559 717 94 
 672 761 305 873 960 282 758 
 242 697 330 849 933 868 985 
 615 13 605 339 709 275 102 
 362 74 292 875 138 414 371 
 733 626 983 203 322 144 472 
 810 299 385 576 767 747 747 
 290 514 296 587 930 749 636 
 669 27 86 328 816 337 586 
 853 677 241 521 330 434 258 
 419 309 819 466 518 994 996 
 40 221 603 878 526 231 245 
 31 450 636 431 184 288 1000 
 802 821 658 61 337 102 490 
 299 757 208 653 151 623 267 
 528 580 19 569 271 467 146 
 572 858 332 868 204 575 106 
 407 603 901 896 730 649 829 
 222 88 118 713 97 621 803 
 393 317 410 983 698 243 120 
 659 733 115 14 156 857 656 
 155 467 120 799 971 734 770 
 549 929 437 523 779 88 980 
 493 970 298 780 350 278 37 
 16 47 45 344 287 538 284 
 537 278 353 869 940 811 14 
 562 915 98 830 97 984 256 
 60 421 475 729 143 496 4 
 98 739 906 560 429 841 184 
 884 807 445 765 194 139 675 
 298 358 165 65 989 791 70 
 746 498 86 883 872 348 376 
 420 775 146 332 117 729 513 
 955 606 677 917 930 347 95 
 864 457 955 414 558 849 856 
 728 647 839 275 982 73 499 
 421 270 968 71 198 460 983 
 104 134 64 155 959 180 350 
 861 516 594 472 323 718 956 
 195 395 925 613 572 847 684 
 656 729 503 791 215 983 665 
 833 454 71 201 522 844 904 
 632 690 639 450 758 281 708 
 511 936 58 1 602 911 474 
 99 813 342 477 406 676 58 
 603 472 315 31 852 132 976 
 46 89 112 752 952 726 181 
 530 409 633 18 957 629 315 
 119 251 36 385 146 547 629 
 754 36 543 603 413 104 521 
 402 242 729 38 896 381 201 
 761 563 98 97 478 278 820 
 483 738 612 
 179 736 789 824 153 219 981 
 178 507 378 313 898 239 424 
 203 90 106 756 618 717 47 
 847 266 729 526 456 605 117 
 930 232 662 835 97 988 825 
 693 810 485 508 974 720 209 
 699 991 704 376 838 150 468 
 278 644 838 805 115 412 850 
 955 116 792 574 588 96 648 
 923 437 98 767 113 532 745 
 95 905 762 697 445 594 969 
 607 789 848 40 910 468 947 
 681 541 527 373 247 949 879 
 121 257 771 497 244 24 74 
 750 453 959 734 127 140 223 
 720 23 475 32 933 62 655 
 759 517 9 557 306 292 283 
 652 188 146 273 590 473 658 
 656 446 136 173 943 673 412 
 589 868 53 385 249 472 762 
 735 803 546 554 248 50 916 
 306 80 240 535 85 321 683 
 807 173 76 21 454 81 975 
 970 242 557 442 613 462 765 
 751 33 25 943 916 600 8 
 970 282 710 636 427 11 890 
 948 514 806 553 417 422 514 
 363 99 445 196 362 574 17 
 977 46 164 604 209 74 713 
 865 329 108 98 608 631 15 
 811 976 180 681 138 753 332 
 836 230 945 4 516 447 346 
 911 956 132 325 481 993 879 
 873 408 460 530 970 725 48 
 109 74 751 272 647 673 970 
 918 832 595 201 90 639 245 
 369 553 697 800 153 985 604 
 345 258 261 927 854 915 294 
 802 57 697 772 452 26 552 
 799 80 525 69 144 639 345 
 247 965 68 420 505 641 234 
 263 176 160 406 997 684 827 
 203 570 217 464 49 981 443 
 567 413 558 332 468 311 438 
 541 999 279 209 917 589 436 
 156 76 188 553 238 926 977 
 753 400 208 298 788 253 28 
 411 825 32 165 889 697 743 
 682 704 268 907 450 828 119 
 444 651 713 929 271 890 931 
 496 135 266 789 126 428 813 
 987 338 878 516 126 176 784 
 206 595 352 629 274 714 447 
 251 4 142 944 746 577 802 
 456 867 292 846 85 872 284 
 428 732 616 91 69 692 631 
 767 850 414 174 910 708 73 
 8 844 490 71 152 412 318 
 114 787 512 407 732 249 928 
 772 456 115 524 509 276 555 
 938 425 803 438 558 142 885 
 267 765 189 973 880 976 41 
 861 185 489 971 172 751 958 
 328 195 706 288 485 627 734 
 915 736 30 503 91 334 503 
 205 658 347 891 717 260 861 
 972 989 479 463 801 981 891 
 46 239 494 413 454 318 492 
 931 930 28 43 911 61 458 
 770 820 244 272 274 218 824 
 536 5 489 20 941 519 151 
 867 139 533 
 42 494 387 152 988 152 301 
 384 721 450 668 400 354 222 
 55 494 7 772 933 502 382 
 789 654 507 390 827 97 933 
 178 613 618 962 974 596 264 
 301 555 647 375 286 363 558 
 738 838 307 40 350 241 67 
 933 263 489 983 403 107 423 
 898 146 72 137 735 686 783 
 674 24 103 933 492 907 642 
 37 462 632 701 775 133 522 
 589 367 868 256 912 845 508 
 3 449 256 313 94 239 842 
 778 383 781 369 510 599 399 
 803 23 290 393 511 768 839 
 192 731 806 440 724 89 359 
 903 828 216 109 956 192 956 
 329 360 5 30 711 440 683 
 913 598 715 37 465 164 642 
 245 284 652 906 46 901 815 
 187 622 69 290 638 434 720 
 285 969 215 865 215 850 809 
 909 770 148 423 447 194 388 
 504 857 165 586 22 877 690 
 825 215 767 633 885 475 355 
 829 703 417 885 772 162 887 
 828 611 858 885 630 297 434 
 121 267 914 242 689 329 248 
 434 867 306 49 122 980 382 
 172 37 25 722 272 337 865 
 118 282 807 591 264 981 450 
 401 690 78 682 146 700 966 
 742 647 577 79 259 172 82 
 723 398 396 989 623 371 802 
 747 739 924 803 708 735 936 
 568 315 612 529 460 537 639 
 964 417 499 150 886 835 715 
 368 211 954 750 599 630 80 
 938 84 839 118 966 478 384 
 118 55 562 966 1 390 690 
 72 30 427 717 808 407 519 
 394 516 876 197 500 508 172 
 814 620 561 887 694 698 778 
 68 482 329 710 939 206 637 
 536 930 393 221 125 552 567 
 561 663 604 578 682 543 563 
 663 604 749 874 345 628 7 
 538 369 49 515 69 592 956 
 964 489 90 343 742 412 27 
 343 810 562 974 89 968 46 
 754 662 416 623 867 782 222 
 661 145 517 625 456 490 696 
 66 15 392 918 284 697 283 
 735 832 54 189 14 782 66 
 616 270 547 559 391 501 957 
 416 903 347 671 613 275 81 
 373 697 162 177 367 429 242 
 369 109 122 472 919 47 249 
 575 556 305 475 572 744 216 
 287 331 569 760 471 51 123 
 65 433 298 702 821 254 673 
 2 578 541 461 516 487 29 
 995 669 313 404 912 647 483 
 826 267 127 479 853 676 752 
 792 251 473 142 522 537 268 
 821 536 518 886 197 547 903 
 938 462 771 81 297 507 480 
 16 121 560 421 633 77 547 
 529 201 794 836 21 621 671 
 412 388 430 810 542 230 818 
 618 224 811 620 520 673 848 
 806 245 695 
 851 60 922 927 597 504 185 
 572 245 596 551 427 791 844 
 334 916 926 631 740 793 151 
 345 261 524 361 811 89 435 
 213 741 277 170 186 832 530 
 972 565 286 728 281 195 550 
 73 495 750 120 725 616 393 
 445 905 327 851 764 622 514 
 109 380 787 397 668 749 554 
 685 933 949 195 279 412 155 
 418 196 939 357 753 134 619 
 50 526 215 195 727 418 558 
 491 370 855 352 191 320 486 
 567 620 167 275 126 229 738 
 890 24 298 528 151 116 189 
 636 246 265 420 170 62 857 
 198 886 655 191 766 396 61 
 175 432 335 92 778 478 962 
 594 662 664 152 858 511 760 
 452 398 744 114 16 937 400 
 19 415 776 429 952 577 719 
 825 212 937 387 95 110 983 
 771 988 792 271 5 437 288 
 622 601 332 332 144 584 66 
 568 451 242 947 352 353 218 
 333 467 544 747 654 437 329 
 695 664 659 843 419 518 116 
 165 652 267 68 133 888 279 
 160 451 172 504 865 373 73 
 602 657 25 125 871 974 548 
 139 461 585 5 426 714 502 
 272 966 512 145 580 560 784 
 429 988 214 896 459 694 115 
 764 772 69 605 725 247 102 
 809 396 90 364 22 854 945 
 100 435 517 751 417 834 474 
 343 693 633 524 249 972 877 
 390 749 824 173 988 977 307 
 47 732 275 425 765 701 653 
 857 557 872 804 919 460 89 
 438 971 480 268 246 775 423 
 767 562 724 131 795 623 961 
 522 529 393 712 799 935 196 
 1 602 320 729 370 168 77 
 290 629 811 421 820 416 319 
 117 231 35 593 768 927 364 
 800 501 511 394 449 252 82 
 619 828 934 538 470 40 462 
 533 104 774 923 371 103 520 
 483 72 16 336 71 745 616 
 688 297 520 333 670 30 383 
 810 891 227 102 221 599 992 
 133 713 214 151 505 738 25 
 692 551 148 197 682 593 586 
 475 305 539 295 668 561 509 
 622 787 956 814 66 664 271 
 660 957 72 431 190 937 605 
 83 5 40 134 790 943 436 
 864 473 938 726 944 818 439 
 783 837 743 214 240 231 217 
 684 953 231 640 724 820 470 
 466 915 823 645 162 850 27 
 280 218 193 576 121 754 648 
 53 982 740 109 961 146 5 
 948 210 812 643 945 896 633 
 870 879 353 514 136 126 450 
 806 572 79 267 669 337 559 
 344 290 859 188 270 326 789 
 515 572 196 17 941 412 600 
 355 86 22 630 937 467 116 
 956 75 478 531 279 937 883 
 878 6 329 
 64 682 497 406 247 330 207 
 279 699 600 698 124 651 975 
 467 369 737 324 789 793 986 
 454 275 273 627 249 832 625 
 680 767 259 507 876 169 518 
 217 896 736 891 648 772 126 
 13 951 917 43 711 293 532 
 497 95 365 155 798 984 851 
 142 653 883 980 806 619 659 
 7 396 850 547 93 967 776 
 367 393 149 701 613 560 572 
 79 730 559 710 405 412 95 
 614 293 91 986 821 726 726 
 786 51 908 935 861 166 639 
 886 810 444 291 662 907 857 
 742 618 760 902 99 117 495 
 583 777 483 94 459 706 868 
 980 610 388 74 106 433 890 
 311 925 268 384 720 120 535 
 905 294 172 453 368 795 567 
 117 368 727 21 1000 44 934 
 753 11 286 850 266 988 656 
 215 446 118 140 810 879 853 
 564 344 751 137 257 48 765 
 339 332 489 741 112 237 218 
 113 415 807 34 906 973 832 
 302 564 739 785 852 52 500 
 18 417 67 145 899 239 175 
 833 75 204 854 985 321 763 
 18 239 307 435 411 590 65 
 170 359 808 696 287 490 256 
 896 570 918 891 365 148 889 
 209 670 229 536 895 568 306 
 967 401 191 491 110 74 729 
 565 379 356 987 372 434 134 
 15 830 20 465 44 600 706 
 825 645 50 104 875 165 786 
 794 51 31 929 760 202 431 
 959 937 346 207 214 304 617 
 908 785 121 791 941 523 418 
 136 454 520 361 759 32 364 
 834 889 302 261 45 485 776 
 377 945 309 464 567 931 237 
 462 559 372 582 796 969 461 
 769 713 150 148 108 749 88 
 268 374 329 898 789 458 867 
 119 433 302 668 452 130 480 
 883 133 963 389 766 272 589 
 65 92 595 399 54 51 62 
 194 525 490 641 553 269 277 
 188 43 166 884 240 773 596 
 587 752 978 13 447 583 651 
 897 174 520 93 420 99 448 
 389 317 763 572 667 139 100 
 930 89 500 478 801 26 437 
 240 383 627 81 964 606 51 
 43 317 725 586 777 62 736 
 610 70 58 496 864 150 907 
 24 41 703 475 588 188 811 
 316 266 996 464 528 653 66 
 996 783 605 732 546 52 17 
 103 502 55 848 926 47 144 
 50 232 601 624 257 378 111 
 376 127 906 403 422 446 335 
 814 203 338 833 966 45 839 
 996 34 685 25 212 230 560 
 583 255 151 630 71 645 174 
 76 144 336 797 802 938 43 
 163 748 630 252 823 425 69 
 186 605 69 193 717 91 575 
 966 967 579 73 862 334 23 
 27 631 927 
 62 671 285 465 496 314 62 
 839 666 799 674 83 667 755 
 127 587 451 424 518 821 142 
 90 167 98 852 571 405 331 
 141 711 217 413 911 439 311 
 607 320 479 651 278 714 326 
 394 525 362 920 440 245 495 
 765 692 366 914 927 373 843 
 577 886 195 702 291 763 198 
 953 523 359 584 496 382 961 
 505 88 259 402 405 328 228 
 817 47 345 881 460 92 230 
 743 253 208 115 666 561 946 
 263 328 127 518 298 225 261 
 261 461 168 129 535 204 243 
 650 820 141 658 741 869 509 
 281 270 126 190 733 637 872 
 642 792 996 167 726 180 450 
 72 248 194 761 233 423 704 
 751 302 772 764 174 247 436 
 347 156 706 874 983 667 161 
 78 828 46 284 288 778 840 
 565 859 80 780 870 506 132 
 491 882 660 621 530 13 214 
 141 935 557 44 831 695 542 
 320 36 442 134 622 813 617 
 941 965 903 60 178 558 98 
 334 797 58 129 868 625 45 
 551 34 990 628 381 909 887 
 927 718 390 168 399 871 403 
 941 838 775 421 218 257 674 
 641 239 543 380 727 856 94 
 264 628 141 578 38 536 431 
 852 951 319 869 100 688 744 
 793 175 912 679 509 174 105 
 162 141 260 744 582 780 662 
 141 279 693 552 537 754 608 
 315 627 475 184 240 464 245 
 398 707 958 589 40 456 503 
 413 263 366 38 481 380 510 
 226 739 328 354 133 175 373 
 574 636 318 928 208 469 692 
 978 814 298 16 635 483 119 
 230 110 721 444 69 891 510 
 875 185 719 823 457 217 908 
 421 717 535 536 513 705 641 
 341 801 251 658 653 111 979 
 511 236 526 531 370 851 964 
 992 592 345 598 225 715 592 
 455 924 136 807 485 555 646 
 237 233 113 362 745 693 272 
 85 697 108 725 395 121 522 
 162 113 527 920 553 782 72 
 446 305 214 773 637 107 702 
 579 300 153 964 645 575 379 
 138 137 918 129 782 246 59 
 975 883 705 289 284 500 513 
 765 297 918 785 925 98 227 
 991 579 406 374 270 208 550 
 578 111 817 479 176 712 795 
 495 492 547 429 626 439 205 
 697 473 971 298 418 543 136 
 691 341 196 929 781 999 141 
 693 960 915 626 47 797 520 
 845 701 693 3 347 896 496 
 354 956 616 28 516 914 901 
 18 777 299 285 31 285 495 
 201 864 291 625 686 227 715 
 101 28 813 916 597 256 799 
 352 268 305 103 786 7 749 
 151 568 94 530 224 944 798 
 300 541 244 
 964 90 72 125 857 694 373 
 265 464 416 848 749 312 401 
 550 240 610 200 22 581 738 
 423 278 342 37 571 45 536 
 959 670 453 299 409 44 884 
 847 989 615 503 813 577 435 
 5 970 485 17 660 661 101 
 764 790 874 797 541 377 846 
 911 599 25 610 389 362 262 
 587 176 144 125 311 165 361 
 216 199 610 782 269 277 604 
 231 407 197 237 278 822 475 
 288 560 143 288 117 663 588 
 500 386 201 729 906 448 941 
 571 118 217 395 609 391 266 
 320 504 341 541 260 32 329 
 891 493 183 703 3 951 841 
 628 965 674 37 679 702 257 
 878 881 249 852 806 540 897 
 197 274 717 857 546 685 42 
 392 799 574 57 934 561 281 
 622 191 739 463 490 1 713 
 557 203 543 389 228 729 603 
 996 597 361 414 568 370 793 
 1000 892 973 235 478 865 34 
 350 382 267 708 735 787 963 
 728 90 912 795 211 32 39 
 771 564 792 447 894 825 110 
 967 91 251 667 149 188 104 
 522 37 25 980 158 787 866 
 167 524 415 983 157 236 922 
 104 944 102 540 595 398 239 
 484 697 250 985 372 367 298 
 675 298 436 462 477 231 864 
 172 98 5 479 707 211 155 
 408 534 328 792 457 116 629 
 320 606 809 366 490 29 279 
 466 437 315 394 281 46 572 
 614 654 443 285 169 146 501 
 393 328 765 775 701 834 893 
 192 605 431 733 107 563 838 
 525 313 147 433 243 659 103 
 217 76 297 395 169 43 281 
 440 796 102 505 601 605 595 
 500 39 138 53 260 469 240 
 350 83 315 557 731 641 706 
 880 211 988 988 408 942 260 
 177 454 685 970 34 604 125 
 627 958 299 83 8 453 182 
 519 43 368 776 552 353 189 
 533 58 467 299 435 10 530 
 474 639 422 981 55 375 524 
 492 90 411 969 778 25 746 
 894 133 224 806 594 589 559 
 150 690 246 601 64 937 85 
 685 259 255 916 151 77 115 
 582 869 250 785 289 881 63 
 513 406 760 697 596 930 415 
 273 711 322 929 356 94 241 
 216 779 928 169 25 160 540 
 626 326 155 518 486 857 743 
 130 416 230 904 460 568 526 
 785 37 912 410 416 895 203 
 302 800 299 578 249 737 646 
 622 646 361 200 901 924 801 
 184 189 662 472 736 225 513 
 8 644 391 617 522 505 509 
 378 562 760 263 903 466 48 
 881 237 328 605 28 45 663 
 242 667 587 742 559 795 857 
 859 451 917 891 245 952 306 
 961 299 568 
 379 503 768 283 605 659 524 
 134 767 731 369 139 436 117 
 282 724 774 811 899 380 177 
 652 512 171 218 540 984 935 
 51 959 158 698 97 752 354 
 801 176 595 484 486 2 300 
 244 714 268 462 81 604 525 
 107 760 47 45 727 385 695 
 242 723 88 202 970 106 480 
 647 695 181 208 240 221 206 
 275 310 580 63 832 80 790 
 777 270 659 680 236 772 553 
 953 89 844 873 860 184 686 
 722 709 370 604 375 893 94 
 873 121 61 389 936 559 948 
 229 510 190 33 229 470 33 
 456 812 185 712 756 754 370 
 456 792 524 402 821 222 584 
 672 818 99 349 998 324 89 
 671 388 858 706 485 917 749 
 637 387 652 687 451 702 972 
 701 846 835 322 243 822 286 
 659 420 67 284 245 887 714 
 583 191 89 1000 53 967 341 
 447 303 727 891 779 218 966 
 19 795 552 144 55 760 147 
 477 940 815 175 75 567 574 
 405 531 240 289 454 555 248 
 98 630 584 121 913 244 802 
 809 9 627 909 406 999 330 
 667 672 800 139 955 298 930 
 70 831 366 446 283 849 739 
 64 474 995 992 223 738 105 
 286 842 883 575 55 881 149 
 625 968 567 20 846 271 344 
 194 524 740 710 707 842 817 
 924 191 400 226 735 633 375 
 339 287 42 199 364 889 581 
 973 773 322 24 137 265 155 
 392 409 468 607 97 599 203 
 389 607 282 744 318 800 263 
 283 990 246 358 968 811 213 
 725 163 398 481 421 3 564 
 125 350 368 875 531 651 166 
 877 567 941 832 959 538 592 
 99 14 950 936 935 134 870 
 105 310 314 252 417 930 402 
 280 607 73 143 259 816 559 
 64 775 597 935 979 956 725 
 977 26 122 940 122 235 651 
 25 719 229 388 504 767 227 
 630 356 427 923 457 482 975 
 436 867 430 861 209 547 534 
 166 343 321 9 271 960 698 
 293 253 509 308 250 145 725 
 997 243 490 217 452 574 85 
 371 44 727 988 889 860 273 
 506 558 520 784 74 707 349 
 727 786 280 455 116 452 436 
 35 749 166 597 611 737 294 
 89 757 910 615 913 322 822 
 290 256 479 537 469 207 149 
 625 540 878 897 927 803 962 
 835 601 806 921 807 1000 14 
 438 998 435 588 652 985 389 
 939 101 658 743 416 360 971 
 757 168 548 979 137 501 736 
 756 75 880 206 830 971 765 
 474 769 436 361 62 941 512 
 837 91 977 147 183 479 437 
 193 957 98 681 422 65 590 
 33 130 251 
 233 351 977 250 364 983 483 
 367 145 536 528 623 511 8 
 177 167 125 45 199 989 744 
 826 677 403 204 656 364 762 
 100 424 442 679 394 273 625 
 424 781 854 353 14 821 821 
 701 424 976 552 902 763 82 
 595 442 435 582 314 658 64 
 720 576 527 905 230 279 410 
 569 545 587 357 588 183 788 
 828 696 926 271 259 364 873 
 244 119 937 826 742 188 347 
 835 868 170 845 756 826 806 
 583 892 510 633 994 88 684 
 387 437 292 217 653 535 29 
 471 850 787 538 5 595 593 
 62 995 92 291 566 313 203 
 547 730 885 138 397 382 582 
 208 688 798 428 348 643 515 
 51 372 937 928 636 769 12 
 531 306 291 995 28 268 460 
 276 295 952 13 792 898 242 
 410 849 221 743 263 676 915 
 316 215 85 949 525 721 743 
 569 918 961 337 333 939 199 
 231 574 177 473 54 695 177 
 890 797 354 480 391 28 151 
 23 885 645 360 779 381 389 
 144 652 235 81 663 638 481 
 264 647 945 806 285 619 969 
 966 121 660 397 616 138 963 
 352 193 390 302 9 964 341 
 51 418 350 386 574 234 715 
 207 762 515 803 43 329 916 
 633 197 387 60 113 181 776 
 803 703 751 198 545 344 439 
 25 66 882 867 750 232 274 
 651 702 623 688 737 258 670 
 740 896 227 995 928 135 407 
 803 275 914 850 372 233 932 
 602 915 483 119 897 580 55 
 455 56 621 648 737 376 954 
 947 879 80 926 759 25 109 
 110 970 626 813 414 923 208 
 74 167 244 33 23 951 899 
 886 644 23 92 160 337 690 
 921 405 436 147 316 433 995 
 740 970 836 432 974 304 256 
 279 347 875 231 401 965 41 
 70 381 612 760 403 452 346 
 937 400 106 407 116 157 411 
 139 115 559 843 967 830 482 
 875 314 434 272 84 388 897 
 823 933 397 959 347 669 187 
 345 776 727 589 494 950 873 
 443 907 474 747 721 159 777 
 768 704 979 860 37 715 432 
 745 44 561 333 335 232 111 
 63 832 950 971 351 388 31 
 809 930 409 528 638 844 812 
 118 398 761 198 986 605 169 
 304 977 704 97 805 47 985 
 177 329 313 772 681 548 359 
 589 586 598 148 845 678 275 
 494 697 127 835 883 761 801 
 296 321 337 495 895 436 433 
 726 10 822 21 835 107 112 
 596 940 881 107 904 737 208 
 548 858 434 98 267 795 838 
 720 322 419 582 366 598 890 
 237 689 383 71 878 977 400 
 124 59 415 
 557 117 394 341 471 877 909 
 992 393 255 389 559 415 509 
 167 80 707 299 745 599 552 
 264 789 718 171 33 914 683 
 652 454 251 275 496 122 697 
 266 804 707 550 8 65 765 
 1000 930 115 278 954 278 231 
 809 890 245 151 788 189 990 
 143 824 386 694 756 572 921 
 385 930 712 697 350 995 922 
 988 982 102 899 987 612 309 
 14 921 649 773 982 881 446 
 739 493 590 257 99 964 414 
 939 728 205 765 719 386 9 
 507 883 307 523 966 388 31 
 185 798 291 783 798 434 273 
 669 561 845 403 964 579 791 
 478 759 523 309 706 350 482 
 289 926 8 917 271 511 540 
 677 341 672 765 704 680 88 
 392 574 206 670 175 611 174 
 445 779 415 705 55 531 591 
 952 875 784 698 715 934 468 
 427 397 11 798 417 848 27 
 974 88 609 179 64 221 132 
 103 307 979 526 258 975 1 
 892 203 48 576 719 918 493 
 853 308 344 287 243 252 447 
 561 246 873 853 484 519 827 
 564 800 555 453 814 698 66 
 283 123 416 272 560 41 861 
 901 713 435 245 44 51 34 
 511 694 237 316 846 533 677 
 526 574 664 604 674 902 793 
 289 785 970 287 862 912 270 
 332 28 435 978 542 303 850 
 416 839 505 557 342 819 552 
 632 203 117 407 398 748 272 
 941 463 284 318 943 442 205 
 378 175 857 545 454 497 223 
 863 492 425 714 150 437 878 
 745 203 979 356 76 330 934 
 317 565 662 649 334 778 625 
 146 297 719 634 92 165 782 
 554 541 47 759 132 830 670 
 637 968 974 258 637 670 853 
 307 384 690 625 312 563 429 
 579 78 59 213 998 877 762 
 713 733 505 871 447 201 173 
 297 162 117 967 890 156 987 
 380 483 311 370 858 187 588 
 997 712 208 151 165 966 337 
 408 994 859 457 587 620 362 
 436 914 444 484 142 480 1000 
 740 800 612 411 93 274 383 
 9 196 943 630 491 644 987 
 782 599 517 542 107 421 300 
 365 854 625 474 77 250 675 
 700 38 302 376 141 825 535 
 118 893 210 525 802 303 467 
 266 18 957 670 337 18 285 
 120 45 735 600 862 36 173 
 535 57 56 240 188 473 836 
 460 353 243 966 149 155 234 
 672 30 356 167 247 587 75 
 696 680 181 84 953 566 25 
 111 228 644 471 737 466 234 
 114 733 376 442 485 57 695 
 711 944 136 36 379 61 330 
 810 165 677 302 16 668 329 
 226 975 14 314 528 487 806 
 511 842 982 
 530 978 695 953 936 1 196 
 950 956 342 972 510 419 277 
 698 758 916 633 357 792 843 
 21 289 483 109 331 660 407 
 947 302 32 647 527 143 849 
 84 823 811 211 366 188 655 
 446 994 257 849 964 497 468 
 502 72 694 439 602 575 365 
 107 899 731 964 105 940 595 
 627 577 858 853 699 598 801 
 342 360 967 524 687 102 582 
 262 592 573 862 964 929 67 
 143 199 189 406 105 778 77 
 646 778 536 245 148 640 538 
 240 861 141 107 789 12 389 
 828 7 427 233 486 613 424 
 977 404 518 536 331 492 498 
 444 502 433 449 845 221 218 
 724 328 748 464 197 914 788 
 650 15 458 927 80 61 234 
 274 345 20 315 461 69 312 
 395 835 410 63 680 306 191 
 943 1 538 435 577 344 238 
 155 482 714 868 205 749 730 
 355 959 154 65 457 142 301 
 639 338 912 198 221 408 736 
 780 674 525 317 305 761 361 
 650 307 501 516 227 576 252 
 859 492 519 148 219 545 238 
 441 990 269 279 610 936 52 
 178 30 25 503 505 578 80 
 475 925 215 475 647 451 461 
 64 769 767 570 699 88 276 
 464 974 855 377 322 234 135 
 203 805 120 706 130 582 349 
 758 357 903 121 263 540 729 
 119 228 273 481 434 732 526 
 146 11 585 541 950 308 305 
 514 412 540 932 121 392 129 
 865 46 613 966 406 721 523 
 178 451 69 881 220 974 837 
 409 16 5 902 974 875 126 
 98 310 286 478 474 159 948 
 402 576 435 506 81 871 67 
 452 62 12 901 82 671 10 
 685 165 23 934 453 739 643 
 894 716 59 639 690 768 274 
 126 496 451 186 75 609 54 
 566 611 357 400 533 431 607 
 93 737 26 809 671 23 62 
 621 413 604 871 80 86 556 
 69 862 211 946 170 165 688 
 670 495 60 961 762 414 672 
 740 395 768 914 746 119 252 
 722 109 323 28 450 217 986 
 312 450 698 509 911 654 585 
 581 929 481 245 273 293 729 
 763 319 547 863 263 677 577 
 605 174 509 254 190 712 282 
 176 772 384 493 991 876 449 
 518 981 602 496 995 892 788 
 940 785 118 215 662 70 769 
 860 816 243 915 847 207 26 
 640 765 936 803 315 668 492 
 877 402 344 443 407 344 737 
 74 76 714 845 100 760 632 
 310 913 150 241 236 761 573 
 389 841 343 862 344 879 213 
 246 500 946 780 427 140 716 
 992 920 384 660 877 321 451 
 293 260 365 54 912 436 999 
 58 682 360 
 907 624 747 132 745 313 379 
 183 427 108 981 79 501 499 
 41 920 489 732 162 754 992 
 632 884 934 761 918 339 206 
 897 949 764 463 174 563 292 
 255 779 816 458 998 314 530 
 110 279 301 943 942 259 771 
 108 836 682 731 344 17 144 
 562 776 944 329 197 809 467 
 820 221 167 165 752 604 135 
 956 250 868 246 469 394 562 
 801 692 249 573 249 2 763 
 177 452 973 820 770 196 879 
 731 321 238 118 697 351 947 
 318 488 165 878 824 43 967 
 449 921 338 628 640 211 642 
 463 906 12 622 347 147 912 
 704 144 68 719 237 231 933 
 694 28 327 431 735 685 13 
 356 200 921 949 187 827 541 
 148 124 299 398 393 920 945 
 851 327 326 874 445 364 293 
 145 960 494 829 819 30 362 
 468 895 928 772 49 793 172 
 605 522 579 100 72 622 867 
 452 540 378 682 26 743 52 
 314 203 798 865 29 442 750 
 495 229 663 825 689 543 161 
 66 838 502 827 648 304 600 
 703 194 902 244 718 766 689 
 831 923 289 790 265 114 270 
 255 738 516 944 362 539 23 
 309 743 382 152 432 538 797 
 360 244 165 508 95 609 899 
 101 83 393 508 495 606 39 
 403 174 754 61 488 977 374 
 322 871 14 790 861 61 453 
 796 940 830 335 753 251 288 
 717 914 21 949 527 946 660 
 579 347 267 65 459 370 979 
 370 908 642 336 742 789 797 
 548 449 932 524 583 200 865 
 115 200 748 642 907 161 671 
 93 722 612 31 895 483 921 
 45 159 829 853 853 873 892 
 546 363 356 914 393 265 587 
 323 592 427 428 555 99 735 
 746 487 892 869 234 534 666 
 659 535 798 482 965 638 639 
 648 854 298 920 276 649 213 
 267 861 654 114 145 263 677 
 238 948 132 132 368 665 59 
 1 980 922 434 382 292 989 
 453 647 665 999 612 941 340 
 646 622 672 631 640 768 950 
 386 15 395 6 647 937 649 
 388 133 377 205 522 805 263 
 149 730 581 176 393 453 943 
 294 505 603 249 789 808 273 
 587 467 602 643 523 988 614 
 847 712 576 515 797 376 286 
 932 728 418 277 324 454 299 
 815 760 118 113 251 526 14 
 57 30 650 898 224 58 362 
 212 732 618 438 703 352 802 
 802 417 290 393 271 219 629 
 99 213 458 893 785 600 915 
 678 248 389 576 43 849 787 
 837 551 837 26 57 469 183 
 445 614 192 431 558 223 314 
 890 774 899 181 211 745 638 
 131 71 555 
 650 846 539 477 608 343 454 
 757 377 47 878 9 267 511 
 763 337 460 255 158 575 647 
 208 768 656 281 987 274 592 
 43 30 80 623 277 226 28 
 221 119 806 316 686 950 57 
 899 6 384 649 168 411 961 
 734 328 853 809 213 980 959 
 644 126 67 938 711 158 789 
 165 515 826 965 959 107 367 
 172 760 757 628 965 154 642 
 227 4 324 605 988 629 136 
 286 193 278 81 644 847 708 
 407 836 401 134 133 156 588 
 780 305 494 515 21 825 604 
 208 555 334 728 374 840 322 
 25 778 932 608 573 491 909 
 247 473 797 502 367 833 130 
 83 303 600 627 482 316 350 
 985 593 555 837 646 30 632 
 18 538 275 14 84 799 686 
 733 390 235 618 578 396 793 
 864 625 806 798 635 116 16 
 452 494 329 509 65 182 212 
 407 725 94 113 576 878 406 
 368 790 379 291 414 377 642 
 181 16 283 50 859 271 780 
 879 751 66 946 977 657 582 
 723 828 276 421 802 630 403 
 353 691 178 361 408 687 551 
 955 301 398 175 102 98 8 
 488 663 600 769 397 423 241 
 704 50 851 596 662 434 397 
 166 351 712 188 137 570 471 
 996 822 392 210 837 481 238 
 619 916 256 818 892 332 115 
 943 159 138 627 209 686 443 
 99 760 753 327 23 684 492 
 98 687 877 340 430 122 359 
 725 674 321 135 237 424 210 
 33 749 569 66 693 989 185 
 263 685 69 611 27 63 748 
 882 161 43 889 124 508 196 
 618 48 875 582 327 617 399 
 787 149 617 345 509 716 959 
 907 331 800 44 317 661 248 
 944 364 381 160 72 641 667 
 527 676 544 103 224 265 851 
 660 952 931 497 809 492 361 
 866 943 312 734 608 162 752 
 994 317 39 743 917 462 442 
 520 703 50 708 127 40 250 
 326 630 458 337 497 169 64 
 376 41 186 406 808 102 762 
 469 343 872 323 580 382 493 
 704 112 488 892 137 616 171 
 550 880 384 756 50 21 803 
 748 301 714 504 309 244 933 
 608 98 57 457 157 729 143 
 243 74 690 766 989 530 52 
 372 877 610 308 954 379 990 
 237 682 205 204 94 121 258 
 458 774 632 224 784 256 722 
 422 902 430 574 792 780 847 
 210 550 283 505 443 620 518 
 429 982 615 552 541 550 469 
 828 277 308 873 247 692 111 
 632 246 626 81 383 455 782 
 221 337 729 519 945 810 362 
 871 352 797 436 789 540 749 
 879 259 902 421 108 491 822 
 32 767 263 
 808 448 106 679 652 703 217 
 866 828 727 754 728 468 594 
 408 989 571 392 420 542 299 
 876 658 193 746 454 740 54 
 159 910 865 663 3 813 435 
 249 333 676 164 736 364 129 
 414 323 41 892 173 605 492 
 406 629 431 540 725 994 421 
 475 511 683 415 119 316 502 
 972 201 121 874 222 555 230 
 223 425 179 727 534 49 306 
 563 56 205 196 158 112 559 
 381 959 567 697 704 16 626 
 79 878 225 518 854 360 316 
 255 152 286 766 900 940 387 
 26 202 240 902 469 106 790 
 985 985 20 624 480 642 240 
 747 505 250 521 444 381 781 
 864 109 594 892 210 645 406 
 779 344 267 19 9 770 57 
 614 802 715 33 853 238 234 
 144 563 7 990 580 870 509 
 120 967 179 529 909 49 238 
 364 634 671 259 469 894 133 
 27 53 549 20 760 459 922 
 116 479 357 362 536 432 221 
 905 876 247 640 366 232 360 
 949 901 729 84 794 384 556 
 102 205 692 706 356 709 188 
 545 198 735 185 200 464 799 
 812 808 495 85 257 828 541 
 739 772 415 620 688 432 415 
 612 30 115 221 958 987 299 
 665 100 385 527 104 926 862 
 301 653 166 804 719 561 158 
 334 661 66 574 223 809 820 
 192 794 277 578 223 240 980 
 714 691 518 922 900 349 274 
 205 761 714 473 953 819 562 
 163 252 985 974 337 382 735 
 628 59 750 575 378 715 557 
 969 772 73 627 139 469 134 
 115 505 342 352 823 708 402 
 600 467 554 157 452 75 401 
 496 933 28 187 206 464 595 
 167 92 837 39 246 338 497 
 504 496 532 108 612 626 775 
 842 549 496 436 209 820 154 
 70 264 348 953 419 826 926 
 518 964 741 608 678 781 709 
 140 343 692 799 18 609 729 
 111 725 541 569 824 278 503 
 266 439 99 659 181 278 494 
 913 207 889 445 264 783 442 
 316 547 733 285 388 173 751 
 979 842 662 906 983 952 812 
 794 627 403 232 250 56 274 
 85 523 422 969 609 397 929 
 369 240 230 672 744 573 772 
 917 191 857 660 430 447 431 
 825 734 131 973 748 130 580 
 10 750 764 959 888 350 409 
 727 32 131 155 897 936 792 
 87 716 150 563 660 604 721 
 788 487 499 820 709 537 750 
 1 646 765 497 295 965 435 
 882 571 72 807 678 1000 323 
 710 574 351 951 125 479 260 
 377 202 564 606 654 807 460 
 556 694 202 947 152 464 446 
 569 365 936 110 189 312 624 
 127 71 152 
 260 603 592 692 107 13 386 
 249 253 400 119 328 2 133 
 58 497 453 240 968 354 26 
 938 245 630 237 461 366 262 
 790 969 113 23 998 313 22 
 681 578 756 213 587 74 45 
 500 911 728 922 519 322 193 
 564 942 815 917 795 932 88 
 54 863 549 84 114 254 278 
 975 201 953 49 708 446 149 
 71 35 789 561 748 355 488 
 717 561 302 265 253 412 183 
 407 48 375 332 338 92 524 
 883 293 381 531 726 69 34 
 273 911 173 301 497 786 655 
 78 855 404 91 846 169 375 
 23 788 499 82 226 354 742 
 314 185 557 953 276 781 71 
 411 590 179 540 173 704 449 
 574 363 318 537 585 156 10 
 31 654 590 763 427 816 275 
 112 485 80 537 347 923 137 
 612 317 420 595 876 237 874 
 552 575 640 649 648 500 240 
 834 780 868 869 30 36 337 
 51 739 922 619 153 56 915 
 223 565 792 577 159 807 505 
 705 455 469 570 85 253 320 
 606 986 5 752 250 758 623 
 884 263 209 418 720 65 321 
 365 220 500 98 761 1 33 
 324 664 291 556 10 404 140 
 291 628 791 782 838 836 6 
 182 633 16 164 937 291 868 
 336 304 811 165 687 147 295 
 654 911 743 493 458 312 519 
 246 134 242 467 365 228 190 
 579 787 463 359 914 63 754 
 117 419 432 30 396 700 459 
 775 641 669 379 390 160 6 
 324 996 934 452 237 484 754 
 794 657 174 866 703 884 218 
 183 460 765 802 983 161 160 
 30 862 932 560 102 932 801 
 375 130 29 368 750 586 939 
 562 115 252 988 57 405 153 
 43 122 713 469 631 691 730 
 394 917 973 170 685 798 80 
 507 803 912 233 363 19 766 
 460 67 579 455 529 151 183 
 719 16 619 253 896 548 850 
 602 582 73 790 466 181 173 
 78 129 227 120 458 165 277 
 699 880 984 650 810 644 495 
 186 241 841 36 292 559 682 
 731 714 437 792 318 949 661 
 849 353 688 522 492 285 974 
 852 951 413 370 608 380 738 
 458 537 920 951 483 633 834 
 659 475 702 747 10 129 685 
 953 339 372 870 651 23 230 
 757 405 623 591 436 57 170 
 184 345 777 544 462 355 407 
 802 811 11 1000 382 604 981 
 804 683 724 931 975 704 291 
 478 709 917 246 124 31 631 
 429 160 456 228 823 36 438 
 915 734 334 689 537 818 262 
 669 850 510 131 919 741 660 
 793 953 470 105 851 142 339 
 289 312 44 350 33 599 828 
 316 38 322 
 651 450 305 140 886 811 727 
 177 856 265 522 410 763 345 
 745 862 903 477 247 719 909 
 527 23 753 35 371 515 227 
 766 26 230 979 696 765 8 
 795 495 448 179 294 729 842 
 231 969 240 358 434 937 298 
 115 413 632 973 892 295 855 
 588 534 482 875 860 653 375 
 599 238 261 634 685 546 673 
 926 659 984 582 262 783 398 
 973 64 100 64 330 562 271 
 203 239 298 2 903 536 271 
 966 544 661 633 214 163 890 
 9 16 377 877 135 994 933 
 804 199 494 589 621 83 333 
 51 314 383 677 704 546 640 
 554 709 785 482 749 321 915 
 43 64 585 154 754 125 467 
 621 87 761 113 77 658 492 
 470 134 587 669 562 578 596 
 712 957 725 272 847 885 776 
 282 601 535 678 758 901 999 
 40 920 708 528 400 174 938 
 283 288 286 371 536 745 319 
 45 125 418 417 369 513 319 
 563 425 767 789 496 256 67 
 382 809 684 662 153 121 749 
 881 343 203 171 355 342 692 
 241 587 85 368 443 420 683 
 325 464 460 40 993 343 379 
 889 52 275 403 164 645 351 
 980 584 470 664 685 745 95 
 389 465 230 516 879 495 723 
 469 520 584 469 65 941 958 
 537 921 867 433 923 70 347 
 801 24 58 813 587 202 807 
 693 635 839 418 960 438 424 
 429 117 972 394 775 444 975 
 958 108 568 543 857 125 236 
 866 524 701 982 892 897 488 
 957 265 969 539 132 269 488 
 388 228 784 717 832 683 267 
 235 782 823 875 353 727 241 
 752 217 954 665 532 875 130 
 821 844 887 790 417 24 92 
 35 709 195 260 28 281 473 
 916 621 361 235 549 634 545 
 483 635 154 447 728 1000 715 
 348 745 944 500 864 897 267 
 629 263 96 332 159 440 323 
 356 851 183 392 150 723 295 
 268 576 354 170 528 574 957 
 36 687 223 286 219 504 484 
 988 399 900 940 621 849 95 
 233 342 700 406 375 176 206 
 653 562 563 293 598 421 847 
 770 584 258 359 911 149 373 
 964 655 33 566 34 146 700 
 514 725 197 398 889 978 763 
 501 158 972 134 56 617 597 
 915 297 891 897 625 221 790 
 921 639 706 34 389 545 941 
 743 574 881 289 230 318 844 
 998 183 952 187 735 104 855 
 423 858 258 8 153 205 195 
 703 990 230 290 163 382 23 
 31 384 215 594 423 575 739 
 195 32 120 302 182 8 723 
 198 76 854 553 576 234 285 
 246 287 539 476 274 867 787 
 735 404 586 
 371 283 886 42 514 492 966 
 450 482 959 498 524 86 350 
 937 74 797 679 209 3 815 
 747 20 28 282 511 338 231 
 60 580 461 133 21 415 942 
 538 444 160 475 869 358 59 
 237 740 606 673 811 457 704 
 787 80 622 924 243 309 842 
 258 243 198 497 369 66 110 
 725 856 450 18 495 48 419 
 93 675 800 709 697 855 791 
 528 752 345 519 787 302 331 
 102 390 583 392 667 553 808 
 363 795 288 694 124 361 581 
 920 913 215 812 5 678 623 
 988 653 285 680 483 738 99 
 193 687 122 768 814 891 579 
 861 174 488 997 963 568 55 
 286 520 257 399 641 304 751 
 899 499 508 947 145 762 189 
 464 659 702 672 518 661 973 
 15 981 699 529 98 353 960 
 16 410 842 30 990 394 409 
 433 748 852 922 25 518 159 
 500 595 560 633 329 191 151 
 606 894 592 399 894 442 317 
 696 8 550 354 687 561 529 
 589 637 354 984 378 994 484 
 679 622 112 749 10 619 463 
 496 75 768 11 574 25 989 
 288 206 29 34 73 853 716 
 685 251 246 923 965 92 600 
 454 794 475 642 198 600 286 
 455 350 968 766 562 796 629 
 547 304 152 998 479 727 726 
 689 683 794 571 138 827 506 
 313 174 947 460 363 482 702 
 205 39 194 779 349 927 794 
 414 894 206 30 983 420 122 
 3 621 210 973 906 816 280 
 212 832 185 893 908 710 826 
 318 95 105 532 796 291 185 
 893 560 221 650 230 230 7 
 780 574 138 87 483 313 149 
 435 94 718 885 37 520 666 
 631 603 696 616 686 339 728 
 237 481 657 839 893 342 784 
 255 152 352 57 239 73 497 
 271 622 500 481 695 676 205 
 314 984 889 337 456 518 961 
 702 204 854 886 201 370 832 
 44 842 80 240 266 994 950 
 204 782 264 435 970 5 6 
 654 257 933 55 327 596 27 
 300 616 461 659 195 799 704 
 979 223 713 971 399 302 214 
 286 202 756 222 982 569 122 
 711 321 384 303 555 385 856 
 842 580 489 191 612 495 161 
 262 545 65 329 344 448 572 
 607 592 791 544 920 56 784 
 114 80 81 961 676 995 141 
 742 354 727 294 103 785 583 
 804 441 525 800 489 621 649 
 169 717 899 684 37 328 397 
 997 752 683 532 8 179 813 
 818 44 504 902 556 122 156 
 574 941 781 103 459 66 114 
 788 612 866 558 273 1 786 
 530 478 862 938 327 925 411 
 640 33 878 814 464 654 664 
 619 624 747 
 998 344 653 2 647 147 184 
 341 452 920 678 698 527 36 
 891 796 65 467 260 413 656 
 665 326 293 233 147 465 169 
 899 715 172 252 735 805 335 
 775 817 797 603 568 808 788 
 258 259 589 63 646 915 694 
 502 939 423 999 341 756 868 
 988 196 654 846 402 247 838 
 711 606 404 579 947 588 736 
 11 361 329 609 534 330 722 
 721 901 63 645 808 585 724 
 548 966 907 46 112 362 54 
 838 739 205 910 866 236 678 
 240 264 472 693 511 498 173 
 790 697 592 495 587 614 88 
 654 544 532 974 269 468 706 
 395 724 596 259 351 480 752 
 254 975 239 178 439 596 822 
 99 783 33 726 60 205 547 
 314 868 89 886 682 654 916 
 419 669 248 658 155 399 635 
 122 954 104 678 148 268 385 
 473 23 873 60 482 925 928 
 291 162 543 828 893 476 816 
 257 375 635 835 204 785 569 
 683 310 940 230 462 575 323 
 711 289 418 665 450 874 149 
 916 379 447 421 860 392 162 
 427 15 956 161 48 535 766 
 951 298 802 863 812 820 64 
 990 893 270 458 748 180 378 
 759 14 366 305 189 653 670 
 729 881 367 540 160 768 788 
 837 13 953 576 353 27 441 
 499 495 620 180 234 760 151 
 435 852 46 538 803 156 139 
 118 287 641 865 508 491 414 
 654 971 848 618 739 951 878 
 448 464 544 188 245 522 392 
 689 371 439 458 416 951 151 
 35 621 348 867 418 619 310 
 882 926 49 718 511 396 255 
 729 340 565 940 15 437 665 
 213 36 333 23 606 824 33 
 255 472 982 710 213 958 615 
 180 166 967 29 751 592 835 
 478 616 795 294 334 64 609 
 533 692 688 495 148 208 17 
 376 475 569 447 502 443 441 
 821 392 549 68 510 682 421 
 637 616 623 817 447 969 192 
 340 820 143 505 200 215 361 
 264 767 34 542 293 224 599 
 545 983 242 62 153 404 282 
 532 251 342 140 606 967 118 
 419 624 602 898 377 968 992 
 191 941 337 399 796 383 953 
 220 356 5 993 990 73 619 
 216 333 289 269 918 361 418 
 588 41 242 612 521 98 274 
 355 157 500 908 809 980 594 
 475 45 613 37 778 590 195 
 312 176 510 400 204 559 527 
 310 691 760 774 837 749 225 
 921 692 972 10 362 808 536 
 530 712 694 841 292 554 448 
 295 825 68 784 203 292 157 
 176 197 448 109 894 794 634 
 634 496 707 350 533 187 134 
 866 310 459 827 916 533 681 
 182 284 691 
 416 135 617 228 526 563 957 
 701 451 832 264 773 963 27 
 965 277 12 522 391 679 718 
 793 393 185 380 365 768 574 
 231 809 681 184 581 668 521 
 95 92 607 657 192 961 151 
 846 462 151 439 698 881 136 
 739 308 105 917 636 640 97 
 381 239 134 652 551 396 907 
 656 152 870 18 365 379 567 
 769 500 819 826 219 559 777 
 862 808 981 694 837 175 994 
 640 976 919 751 805 472 480 
 559 609 932 724 21 103 422 
 772 710 665 996 772 394 440 
 464 751 498 386 214 1 936 
 582 393 174 505 200 68 573 
 908 141 256 844 527 989 731 
 850 85 484 867 791 778 760 
 462 876 234 544 841 761 613 
 672 898 779 700 302 454 906 
 543 60 25 139 758 643 953 
 986 300 36 585 270 482 950 
 454 730 729 855 316 246 205 
 691 670 842 522 325 631 374 
 351 360 236 850 221 908 742 
 489 782 409 88 476 598 477 
 373 231 738 693 366 358 163 
 598 462 389 617 513 758 842 
 47 183 919 51 562 634 820 
 831 393 120 595 222 356 70 
 823 296 348 568 223 478 903 
 210 884 626 655 861 588 767 
 607 946 154 880 221 312 50 
 802 366 310 757 625 892 528 
 585 667 144 634 21 79 224 
 181 584 19 223 139 991 63 
 527 900 936 109 207 767 769 
 797 356 232 863 651 385 876 
 464 48 759 885 959 184 242 
 413 179 32 337 412 687 661 
 467 354 607 613 74 500 991 
 407 273 55 451 9 668 613 
 982 349 68 658 292 403 544 
 933 982 165 802 487 496 316 
 78 582 780 638 67 102 285 
 332 799 828 99 148 253 730 
 449 348 421 585 816 217 295 
 58 530 35 472 802 469 729 
 568 81 269 435 49 393 432 
 747 743 935 976 923 720 508 
 84 853 187 480 947 757 551 
 34 556 767 698 778 329 471 
 279 611 325 261 412 954 801 
 5 56 311 995 287 111 478 
 105 739 291 620 320 770 778 
 905 760 61 970 698 179 542 
 573 364 313 121 445 400 933 
 872 797 170 725 593 885 951 
 68 48 147 425 191 708 714 
 700 506 946 20 70 408 499 
 638 73 748 119 576 895 971 
 503 889 434 230 12 781 401 
 376 576 62 153 107 855 651 
 778 459 709 395 973 583 623 
 32 950 44 657 651 573 40 
 34 419 828 494 785 277 895 
 703 319 547 855 258 513 860 
 678 817 260 783 376 532 967 
 255 813 818 374 293 289 755 
 533 385 71 686 623 942 385 
 707 17 248 
 189908 187731 188052 180140 185815 189613 183257 
 193789 186545 190762 183734 185186 188003 187679 
 185108 180168 182981 177920 189409 191372 188400 
 183279 192057 180872 187642 177883 189066 188062 
 188864 191995