 500 30 0 
 584 608 906 570 626 823 893 
 635 909 879 663 638 710 642 
 834 747 772 516 689 600 650 
 862 537 714 724 907 585 635 
 586 751 886 937 537 1010 693 
 690 692 840 910 534 494 600 
 546 648 979 828 629 486 819 
 894 854 557 926 687 502 598 
 480 978 632 934 538 858 582 
 542 938 724 1048 504 627 599 
 505 798 729 750 773 785 731 
 930 772 729 966 776 644 933 
 621 644 681 904 727 979 714 
 508 942 812 890 661 636 557 
 791 768 863 687 1007 671 867 
 631 662 1023 679 740 730 818 
 667 894 813 970 640 882 498 
 886 662 881 578 772 956 479 
 648 877 1035 902 812 528 588 
 606 663 664 958 542 911 787 
 685 463 713 526 734 468 567 
 1016 740 662 849 627 694 662 
 695 731 648 512 566 805 497 
 980 504 807 1018 510 801 910 
 764 934 482 930 624 675 794 
 603 805 1083 813 867 927 795 
 606 739 1006 944 668 930 907 
 657 523 892 984 547 899 964 
 805 798 783 667 800 753 1038 
 753 901 918 961 526 751 908 
 885 490 718 972 635 743 926 
 1026 744 825 913 618 749 759 
 995 890 636 830 924 905 664 
 995 534 802 797 529 599 636 
 878 849 1011 663 651 837 636 
 747 593 710 1056 445 636 638 
 981 688 846 798 640 815 580 
 699 1032 1012 663 723 903 624 
 552 611 819 831 644 785 815 
 784 953 831 701 464 797 707 
 439 553 954 584 602 562 539 
 881 968 624 598 753 966 827 
 818 574 787 601 623 669 807 
 816 773 807 534 922 1025 760 
 972 691 584 956 612 686 545 
 525 845 721 830 733 888 804 
 1000 653 669 843 655 929 780 
 1042 532 743 985 865 862 766 
 698 843 1038 982 682 764 758 
 626 553 978 1096 813 635 815 
 965 742 925 899 831 875 762 
 880 968 586 763 550 894 494 
 551 977 947 726 612 831 1022 
 886 634 620 561 575 675 894 
 467 509 561 761 806 652 570 
 840 935 648 951 588 516 732 
 424 665 738 767 1011 765 730 
 600 603 690 572 945 844 554 
 846 763 713 636 808 704 753 
 678 841 889 938 857 969 618 
 821 696 751 881 837 717 882 
 544 598 925 926 640 713 615 
 707 850 786 480 921 601 765 
 575 668 904 762 877 817 828 
 753 962 817 1024 878 594 571 
 712 749 789 548 870 612 909 
 836 508 821 442 790 460 483 
 953 572 625 834 788 714 537 
 775 812 550 556 948 897 999 
 828 846 794 556 999 920 925 
 752 814 632 749 910 572 546 
 895 999 821 
 127 618 802 557 720 220 766 
 725 186 165 624 942 114 385 
 379 678 934 709 13 173 262 
 173 683 332 608 732 157 559 
 144 918 104 762 217 455 151 
 244 983 858 872 30 552 409 
 752 410 549 360 774 796 564 
 704 736 521 771 436 497 129 
 349 869 389 407 76 86 953 
 163 474 775 205 475 343 10 
 207 406 1 438 263 980 288 
 599 68 46 21 594 657 201 
 989 689 127 2 81 771 913 
 56 315 361 697 796 768 905 
 70 90 560 34 282 260 407 
 524 365 659 145 5 164 373 
 55 634 895 733 828 956 445 
 541 174 718 800 580 677 232 
 448 247 893 29 808 521 931 
 157 794 442 865 722 228 817 
 242 186 615 1 572 97 995 
 693 504 964 669 619 915 309 
 83 409 818 354 197 75 864 
 44 980 327 359 304 319 543 
 391 640 746 180 234 79 621 
 362 163 574 837 320 74 73 
 965 316 817 625 826 569 467 
 319 585 351 385 933 713 358 
 516 805 545 898 690 903 151 
 69 385 627 493 96 644 674 
 724 448 129 580 309 920 310 
 369 357 906 887 584 132 821 
 616 465 97 893 450 156 39 
 285 456 454 869 165 31 870 
 960 587 752 324 529 963 636 
 412 863 999 52 957 731 165 
 717 541 469 971 638 424 481 
 267 514 252 17 222 307 485 
 354 970 45 322 94 195 677 
 932 388 651 101 202 897 793 
 618 126 37 682 599 284 877 
 803 985 680 484 409 362 925 
 577 207 10 45 558 653 673 
 820 382 24 69 531 628 886 
 564 981 332 518 272 163 626 
 617 317 8 284 987 419 587 
 752 376 492 640 693 478 861 
 894 235 902 933 214 657 850 
 263 96 915 869 207 181 967 
 670 270 141 348 258 189 606 
 961 708 619 817 894 582 935 
 332 990 716 541 111 327 301 
 912 983 399 497 283 460 870 
 697 984 171 716 416 20 147 
 313 717 841 912 366 126 417 
 825 550 268 331 34 435 113 
 184 96 347 562 74 472 504 
 460 841 238 384 56 685 951 
 136 438 387 821 361 2 736 
 854 296 377 942 619 623 267 
 393 249 182 837 384 498 766 
 453 884 265 979 981 106 295 
 607 691 408 224 670 855 922 
 588 902 945 642 831 434 37 
 168 224 282 305 135 346 957 
 728 188 748 858 102 180 808 
 177 42 469 814 724 10 88 
 326 404 298 401 192 534 738 
 703 643 874 194 833 215 423 
 935 111 628 672 674 332 135 
 620 997 572 719 633 69 705 
 531 110 477 
 966 530 539 376 520 392 657 
 629 295 491 57 680 592 721 
 973 301 16 335 352 3 704 
 890 319 985 43 86 996 996 
 352 199 479 916 120 507 155 
 138 431 964 169 298 707 511 
 838 767 21 117 125 675 82 
 340 901 19 952 101 481 508 
 113 556 562 969 330 122 501 
 47 704 98 747 142 207 5 
 228 712 457 469 955 703 689 
 100 31 920 77 451 103 2 
 645 873 131 597 143 785 739 
 106 549 851 344 110 637 310 
 156 157 910 162 723 737 443 
 839 254 480 850 917 179 726 
 146 106 389 976 270 862 325 
 643 259 62 814 504 611 794 
 745 777 983 319 870 696 758 
 563 109 291 633 725 463 833 
 914 832 248 908 967 452 305 
 172 307 738 614 632 735 307 
 724 3 35 607 632 775 574 
 934 24 477 190 193 35 192 
 529 166 960 172 48 894 183 
 410 294 262 40 568 388 728 
 279 442 378 910 53 419 797 
 732 501 194 83 667 99 965 
 567 52 949 310 476 603 767 
 184 804 703 495 463 718 250 
 669 114 137 605 168 242 300 
 130 728 240 97 926 272 713 
 252 428 759 832 471 387 795 
 414 659 874 252 764 726 641 
 121 965 135 296 910 204 563 
 164 320 97 221 156 94 770 
 287 967 736 907 899 300 12 
 726 176 302 12 97 797 294 
 969 786 511 647 565 98 514 
 911 828 740 433 746 576 893 
 398 350 607 217 944 415 341 
 874 143 760 745 39 105 382 
 73 309 450 501 44 328 845 
 670 59 712 662 543 134 604 
 899 481 272 647 925 472 602 
 301 330 149 337 908 944 458 
 31 907 442 298 177 363 250 
 375 21 215 570 984 866 477 
 922 809 957 882 873 49 775 
 967 204 217 832 182 167 529 
 234 594 567 978 749 369 291 
 739 326 163 366 429 326 15 
 517 877 979 658 480 492 769 
 175 651 145 415 285 706 913 
 393 67 326 540 41 109 346 
 535 964 283 676 176 478 437 
 340 342 493 737 902 420 422 
 648 823 777 690 755 754 785 
 549 929 279 361 797 70 672 
 877 797 523 227 281 388 408 
 614 634 625 345 254 194 243 
 899 702 237 946 893 816 247 
 719 175 924 234 572 283 236 
 688 899 814 755 324 503 733 
 153 537 541 783 272 152 257 
 31 491 2 871 230 811 737 
 872 738 553 191 969 425 291 
 843 834 395 567 495 204 130 
 817 915 191 995 444 255 894 
 890 42 90 660 375 811 950 
 90 666 47 111 712 119 44 
 528 503 242 
 206 444 720 601 498 549 631 
 364 785 767 925 157 724 89 
 800 951 4 825 82 472 743 
 84 724 423 681 872 777 796 
 528 346 427 337 245 727 646 
 597 628 19 445 530 275 482 
 728 195 690 330 187 168 158 
 52 269 388 653 927 245 389 
 977 779 340 425 389 670 563 
 632 137 857 987 742 93 704 
 558 925 895 515 193 909 341 
 199 934 715 265 948 299 474 
 983 396 236 195 583 145 9 
 486 779 924 775 558 833 324 
 920 918 637 644 762 286 637 
 803 871 691 516 90 266 977 
 931 544 909 673 244 814 466 
 451 372 601 815 819 459 162 
 649 987 204 167 348 667 309 
 208 960 91 718 601 812 828 
 130 259 287 82 62 121 170 
 595 252 666 279 276 671 259 
 592 87 492 683 111 535 580 
 907 209 591 692 3 241 797 
 577 718 630 434 164 201 980 
 902 945 510 651 366 431 378 
 434 462 960 320 201 620 245 
 108 201 561 513 688 397 416 
 746 734 269 68 38 441 901 
 212 139 508 514 750 325 559 
 112 548 974 238 36 312 711 
 1000 469 265 696 303 145 867 
 937 132 144 464 967 576 891 
 848 917 683 235 225 416 245 
 865 680 400 973 417 987 679 
 237 373 572 84 298 482 301 
 357 996 741 227 550 649 644 
 645 923 338 532 217 718 67 
 966 899 962 339 192 724 60 
 400 621 428 652 303 844 264 
 159 302 129 298 346 82 974 
 699 198 735 815 768 254 995 
 568 71 866 305 463 16 281 
 655 536 660 648 110 813 671 
 68 693 730 853 473 812 258 
 718 785 625 939 777 955 365 
 146 929 441 692 182 746 8 
 126 357 418 413 992 281 471 
 428 858 576 181 944 438 423 
 780 17 486 980 850 705 394 
 845 166 44 603 620 120 267 
 740 511 18 248 41 9 607 
 774 782 995 349 120 713 528 
 708 598 899 730 227 471 225 
 208 343 137 20 316 314 450 
 530 182 693 820 851 267 710 
 74 651 579 376 853 626 821 
 998 436 533 11 133 656 371 
 572 587 971 255 813 435 956 
 72 856 414 307 778 344 288 
 796 674 345 88 734 499 186 
 950 905 292 624 329 705 726 
 633 696 349 86 285 764 573 
 279 469 495 871 517 544 864 
 673 993 577 209 428 488 219 
 623 397 522 752 303 562 483 
 539 232 246 947 36 996 445 
 677 549 566 558 626 38 483 
 668 260 949 41 363 378 155 
 584 554 278 542 530 917 135 
 922 844 224 767 424 569 67 
 172 586 459 
 784 944 923 617 125 872 720 
 183 897 836 910 65 113 682 
 75 669 16 427 85 539 376 
 307 379 37 667 185 477 950 
 864 162 683 100 46 318 384 
 213 930 839 909 275 720 485 
 989 496 811 675 372 544 333 
 951 726 280 237 789 297 242 
 436 640 778 189 557 461 225 
 831 752 703 787 626 853 209 
 563 495 904 80 320 174 874 
 677 36 880 721 571 530 666 
 492 653 581 875 449 741 824 
 848 219 931 834 155 420 636 
 565 640 158 910 603 707 450 
 429 455 842 332 791 628 479 
 76 639 137 586 518 684 703 
 711 628 495 456 925 145 919 
 703 634 716 52 870 479 102 
 189 212 135 268 738 60 62 
 443 441 436 499 527 978 370 
 366 913 57 862 656 36 542 
 159 933 318 854 751 722 839 
 824 430 342 860 311 375 827 
 272 618 445 297 686 764 243 
 158 345 508 630 847 199 661 
 987 437 506 763 304 360 413 
 954 395 237 294 991 852 943 
 599 322 268 958 981 378 35 
 754 461 287 866 334 570 86 
 269 845 887 471 574 142 708 
 598 673 902 555 683 315 281 
 423 993 161 432 873 825 635 
 530 219 964 669 155 857 483 
 385 197 850 503 214 616 105 
 943 78 986 388 261 858 231 
 561 592 223 391 412 671 493 
 475 458 202 179 669 650 488 
 300 890 416 679 839 809 601 
 952 42 696 278 390 220 475 
 592 531 173 531 472 17 558 
 160 748 568 863 174 816 389 
 405 865 474 997 992 865 372 
 452 69 827 615 24 977 525 
 444 604 752 543 978 189 736 
 658 711 543 257 770 455 861 
 936 379 637 107 312 660 500 
 939 992 726 412 929 179 731 
 989 479 354 359 869 232 689 
 416 970 349 852 980 694 73 
 591 302 933 661 488 680 760 
 323 862 728 839 395 125 26 
 912 558 1 897 122 782 926 
 358 504 634 240 676 366 363 
 936 841 525 64 722 124 887 
 481 943 342 17 629 349 99 
 907 684 399 134 704 268 630 
 757 486 261 21 193 525 259 
 949 804 968 678 286 560 996 
 987 680 36 555 464 604 678 
 624 330 261 166 960 455 934 
 320 541 307 194 639 393 410 
 150 514 260 106 320 336 486 
 982 843 899 124 98 689 358 
 19 763 424 670 789 50 656 
 377 94 827 961 137 165 241 
 551 695 460 432 706 408 262 
 424 888 168 866 292 666 665 
 308 206 471 74 966 89 698 
 815 177 195 780 309 174 553 
 361 577 938 121 587 205 141 
 156 425 242 
 770 244 686 557 427 96 457 
 569 708 671 80 992 620 626 
 371 49 835 728 681 432 671 
 88 430 376 515 312 687 737 
 430 585 459 594 711 454 9 
 117 794 48 801 605 868 868 
 996 512 742 959 571 52 339 
 622 905 739 128 520 271 478 
 401 736 963 523 926 116 839 
 246 239 655 650 57 661 439 
 162 203 860 725 733 393 234 
 839 466 16 881 408 26 118 
 628 338 477 339 626 561 862 
 154 765 623 710 959 890 767 
 665 944 30 722 651 540 605 
 955 601 525 770 419 943 804 
 645 395 581 816 856 734 144 
 622 376 42 257 512 923 306 
 632 6 726 28 142 404 740 
 291 725 768 550 53 873 850 
 629 554 467 26 504 449 137 
 907 573 530 623 433 522 683 
 819 371 449 604 276 97 429 
 161 128 724 935 938 256 16 
 527 300 84 210 91 197 149 
 265 16 986 63 590 76 489 
 75 923 392 309 486 869 694 
 821 427 689 438 971 704 16 
 367 622 995 618 360 295 35 
 499 348 771 751 616 199 901 
 383 657 732 536 76 915 538 
 759 920 964 618 198 52 214 
 577 284 982 751 325 703 575 
 423 25 654 558 279 361 868 
 143 849 756 178 992 491 285 
 465 545 979 896 426 585 978 
 717 142 465 80 430 708 801 
 227 399 478 508 255 490 546 
 445 628 160 177 845 474 80 
 586 980 838 479 308 819 658 
 163 485 907 589 791 229 856 
 671 733 402 266 634 791 642 
 418 842 644 386 287 291 851 
 626 259 517 249 908 929 32 
 435 192 114 239 953 665 340 
 70 248 669 833 579 911 79 
 977 222 4 60 112 496 294 
 679 173 604 609 5 663 672 
 337 17 991 771 807 949 293 
 683 804 941 605 53 569 603 
 118 140 378 697 334 365 382 
 763 742 433 8 712 686 728 
 219 813 218 917 567 264 511 
 877 325 812 798 767 476 145 
 685 994 769 113 309 434 704 
 539 928 801 38 951 342 844 
 738 22 908 949 463 943 963 
 130 619 321 633 463 788 948 
 18 633 415 590 525 13 704 
 142 887 748 912 666 919 88 
 226 457 590 203 661 232 485 
 148 503 157 587 8 93 413 
 765 306 604 390 924 242 758 
 907 637 518 70 107 979 580 
 251 929 197 683 204 817 47 
 653 639 983 489 565 33 223 
 122 919 117 12 274 236 949 
 641 666 994 866 745 260 277 
 332 519 594 936 351 725 144 
 562 835 734 921 849 994 698 
 330 32 359 236 319 439 900 
 909 329 214 
 840 838 973 265 18 71 132 
 722 328 131 852 34 374 240 
 713 901 55 8 763 657 965 
 353 374 972 553 996 204 192 
 177 680 362 560 132 516 525 
 175 182 102 787 37 204 790 
 521 296 327 674 280 396 105 
 448 542 915 784 709 485 939 
 61 240 750 706 371 454 764 
 418 217 915 41 284 782 141 
 721 838 639 49 16 428 514 
 546 556 407 63 957 105 441 
 67 77 97 308 869 567 48 
 21 61 606 729 292 559 676 
 730 664 699 509 463 564 689 
 859 866 804 87 392 446 350 
 315 144 414 793 423 18 600 
 814 31 514 600 921 812 600 
 942 814 998 70 608 363 731 
 541 805 17 178 108 246 314 
 726 301 885 769 316 480 75 
 508 379 411 651 323 445 784 
 719 861 113 149 358 903 607 
 74 106 868 904 893 267 819 
 539 317 678 284 264 912 611 
 568 594 909 577 794 687 689 
 169 521 542 18 437 811 141 
 285 655 913 368 63 1 949 
 929 6 936 956 507 942 864 
 323 756 882 782 939 749 776 
 55 675 19 299 339 458 131 
 719 593 482 295 55 314 251 
 267 582 21 45 206 103 325 
 306 122 69 620 711 642 650 
 662 505 453 289 990 848 735 
 241 73 4 18 96 980 25 
 127 59 310 148 127 574 469 
 107 56 193 282 39 800 493 
 876 240 122 977 941 716 451 
 894 46 215 419 532 851 929 
 621 987 198 338 949 450 348 
 270 380 920 298 65 557 835 
 846 985 957 171 742 910 316 
 638 337 842 790 906 462 961 
 576 276 112 823 195 939 798 
 291 458 627 932 568 459 131 
 340 53 175 606 626 265 385 
 929 906 465 33 193 370 285 
 126 802 663 709 933 288 793 
 407 300 126 677 966 341 79 
 526 585 938 423 75 184 597 
 401 190 127 413 295 242 857 
 72 523 290 803 115 1000 185 
 61 370 8 629 457 32 660 
 611 721 669 541 161 530 163 
 645 862 83 199 132 906 715 
 208 964 196 13 81 755 71 
 981 325 548 444 128 759 356 
 86 645 95 518 791 589 276 
 69 830 668 549 580 406 812 
 45 264 101 693 474 264 633 
 375 772 338 722 532 93 197 
 735 462 893 574 658 235 266 
 683 987 578 914 736 789 621 
 888 413 594 180 192 44 903 
 389 59 460 832 54 705 735 
 50 990 58 99 3 590 250 
 915 337 315 392 699 684 977 
 21 166 325 606 205 495 427 
 203 311 505 170 187 43 751 
 882 441 433 731 288 252 700 
 39 303 554 
 536 421 845 101 89 119 413 
 976 495 534 455 199 434 347 
 553 641 834 462 788 135 883 
 434 823 370 962 357 4 342 
 107 505 341 64 606 988 700 
 401 117 823 884 816 918 264 
 995 104 513 888 196 230 345 
 820 374 569 106 276 39 647 
 454 733 726 876 367 383 698 
 882 76 454 686 383 772 161 
 690 408 564 101 720 849 985 
 206 299 914 420 426 344 721 
 8 214 793 826 60 460 245 
 526 177 732 841 670 179 750 
 549 806 655 888 534 178 928 
 572 671 554 466 94 615 149 
 787 521 841 878 29 815 998 
 433 84 994 154 628 71 237 
 112 374 905 121 63 560 205 
 153 538 989 659 757 688 699 
 340 207 80 831 399 824 274 
 994 609 583 445 973 55 38 
 469 574 123 60 504 376 400 
 530 37 820 702 47 164 985 
 163 753 339 124 904 370 973 
 368 127 839 778 540 565 655 
 576 159 187 312 309 652 244 
 993 121 573 799 22 6 425 
 194 55 292 214 466 208 919 
 29 684 342 223 839 299 391 
 827 419 248 870 941 213 154 
 393 987 205 651 227 715 533 
 390 199 771 808 105 67 916 
 539 351 785 60 205 818 284 
 174 374 467 87 315 360 849 
 701 204 800 547 336 79 939 
 630 890 149 872 917 677 396 
 226 628 443 906 962 754 468 
 820 270 281 291 977 771 335 
 552 938 148 867 323 215 560 
 182 517 960 453 543 511 471 
 878 581 855 441 293 329 870 
 782 529 835 794 821 734 818 
 324 506 576 832 961 658 229 
 635 777 932 413 796 329 199 
 634 357 321 539 351 36 917 
 497 522 314 276 714 730 443 
 778 648 703 315 582 438 307 
 37 42 929 644 794 574 427 
 183 579 484 700 268 808 649 
 159 763 92 368 117 946 990 
 222 444 27 112 525 453 335 
 662 361 872 462 558 540 936 
 489 289 323 190 974 413 477 
 558 729 472 526 716 634 780 
 727 188 259 373 667 668 629 
 68 154 579 456 585 894 550 
 511 851 519 430 757 439 102 
 51 97 401 52 902 218 229 
 920 9 924 356 67 256 750 
 784 740 660 185 526 106 171 
 712 422 580 329 671 900 290 
 356 798 564 626 259 74 567 
 274 892 832 336 664 487 800 
 693 475 735 531 614 40 106 
 389 318 67 101 344 277 756 
 176 366 74 485 994 253 128 
 773 941 936 623 758 879 257 
 48 294 942 944 957 360 697 
 842 558 727 575 842 37 280 
 808 720 860 621 13 228 731 
 753 48 193 
 595 359 338 922 506 905 553 
 238 228 977 814 243 934 377 
 16 283 922 738 746 656 193 
 303 157 264 188 312 565 169 
 385 829 789 980 38 833 106 
 250 303 362 560 415 815 585 
 190 560 631 38 594 277 546 
 337 948 151 756 944 348 65 
 582 668 979 5 771 930 986 
 101 368 578 477 878 93 865 
 812 788 46 855 271 505 744 
 568 63 610 340 723 389 159 
 149 564 772 264 969 393 277 
 368 81 823 366 172 265 146 
 634 440 878 935 254 413 2 
 226 137 892 194 278 321 425 
 825 800 925 952 180 306 622 
 600 813 360 132 26 428 364 
 762 96 249 722 338 614 114 
 339 790 242 68 539 515 514 
 51 265 758 226 290 337 523 
 778 186 403 586 472 186 376 
 560 795 610 122 894 443 448 
 194 532 521 175 702 892 819 
 931 33 14 908 613 640 799 
 572 630 805 800 628 653 30 
 847 568 929 650 992 163 653 
 753 354 836 527 81 737 258 
 431 360 991 743 887 652 890 
 48 863 68 363 921 277 540 
 716 240 991 987 854 704 489 
 557 741 129 268 696 925 26 
 453 607 889 895 401 503 784 
 48 304 973 742 191 241 764 
 867 87 40 584 182 789 367 
 91 855 287 385 642 999 671 
 88 943 656 358 33 93 340 
 249 829 573 999 285 319 739 
 587 33 339 960 991 943 725 
 910 687 194 101 173 522 87 
 444 848 70 972 735 735 859 
 537 918 866 481 344 611 794 
 859 669 442 95 785 14 510 
 209 447 258 286 824 367 585 
 969 618 862 999 327 56 905 
 959 986 863 109 857 57 815 
 193 180 403 245 853 242 491 
 889 647 14 256 310 442 854 
 674 637 5 600 436 361 612 
 438 235 545 872 1 74 207 
 479 207 707 835 164 501 14 
 950 197 634 817 599 63 193 
 539 152 913 452 449 526 498 
 89 420 355 235 22 209 995 
 149 515 686 128 73 371 197 
 918 730 27 938 790 138 607 
 149 643 798 151 238 871 827 
 364 243 602 390 106 531 871 
 997 653 128 791 630 51 198 
 538 491 422 462 761 642 917 
 665 661 957 511 749 69 39 
 231 993 385 418 958 760 842 
 336 220 64 198 656 596 408 
 948 20 978 443 900 60 326 
 206 460 764 613 66 241 894 
 523 954 860 848 987 597 704 
 180 34 9 461 409 439 539 
 639 468 11 73 651 438 569 
 171 462 909 876 509 509 74 
 226 6 765 453 484 173 168 
 634 714 760 84 569 680 69 
 308 793 283 
 397 354 723 579 915 251 654 
 606 360 25 893 759 219 343 
 194 147 35 246 705 752 421 
 546 221 683 188 564 611 344 
 92 94 784 480 764 984 435 
 410 103 269 778 850 673 404 
 901 721 561 559 165 210 395 
 486 147 352 714 482 312 144 
 272 272 288 370 70 539 861 
 734 994 488 420 673 571 392 
 338 805 462 200 317 865 990 
 160 602 989 245 837 74 900 
 677 94 492 783 324 817 152 
 622 299 692 849 957 126 75 
 688 896 633 940 744 879 767 
 332 789 423 642 311 307 270 
 737 434 48 836 772 208 224 
 338 881 894 181 163 380 72 
 451 341 352 808 813 735 136 
 706 745 63 852 504 692 451 
 885 814 654 347 943 429 890 
 728 1 512 854 215 629 448 
 917 579 520 832 556 518 392 
 1000 100 134 233 577 48 719 
 134 669 203 596 463 709 203 
 189 623 63 387 967 971 397 
 372 567 18 974 169 581 231 
 59 92 328 583 978 116 468 
 682 914 164 22 20 635 993 
 404 657 130 627 45 994 55 
 121 843 290 424 882 754 647 
 289 704 8 561 474 475 890 
 484 158 462 403 317 708 556 
 52 70 688 464 241 585 152 
 246 601 495 214 941 467 478 
 16 138 649 804 456 91 526 
 166 268 160 230 879 973 698 
 498 737 888 496 936 68 671 
 582 69 441 13 492 290 950 
 595 423 543 56 837 2 330 
 1 860 626 157 543 729 324 
 187 704 406 184 368 918 13 
 978 476 254 741 739 206 952 
 353 676 288 175 343 174 134 
 382 880 523 86 439 131 405 
 518 954 850 951 736 119 690 
 7 527 372 580 32 446 21 
 309 665 333 223 516 759 211 
 906 849 531 666 426 376 556 
 717 236 992 715 586 273 23 
 440 903 204 376 288 541 219 
 252 411 904 984 868 814 722 
 124 711 581 419 104 57 862 
 153 155 422 142 230 506 409 
 413 695 675 574 72 150 264 
 337 642 644 348 861 442 576 
 215 396 371 6 369 82 629 
 479 880 464 799 973 681 49 
 201 611 512 670 82 774 408 
 698 775 918 290 924 182 354 
 22 872 334 935 706 957 855 
 407 277 940 737 241 106 581 
 469 860 117 457 533 51 975 
 80 572 575 793 824 589 391 
 194 810 284 89 273 684 479 
 198 673 862 443 278 168 765 
 382 456 270 473 497 607 949 
 15 281 22 69 494 993 514 
 220 482 665 730 112 218 124 
 87 741 634 613 19 485 511 
 647 259 970 670 463 924 620 
 987 770 670 
 203 955 542 667 660 320 721 
 295 155 904 108 301 101 620 
 69 949 370 921 351 567 732 
 785 707 422 451 238 218 348 
 325 524 977 562 510 980 987 
 876 66 983 862 286 365 953 
 61 449 207 577 288 635 177 
 218 190 218 464 419 126 126 
 916 150 536 482 471 499 230 
 153 270 962 937 279 297 691 
 550 143 226 429 157 262 864 
 128 445 929 249 292 41 324 
 416 630 673 629 508 789 184 
 748 908 648 745 444 491 870 
 128 486 48 203 417 417 883 
 301 68 572 495 170 700 279 
 745 383 930 981 245 953 843 
 10 907 708 44 316 867 724 
 161 27 254 911 104 775 704 
 599 129 486 854 936 650 883 
 444 78 244 421 668 132 759 
 725 61 708 165 941 937 626 
 177 864 804 263 919 549 174 
 926 128 476 639 672 308 853 
 429 871 102 210 511 317 997 
 451 15 578 544 371 970 1000 
 431 989 654 127 994 977 864 
 119 722 556 474 154 41 123 
 615 837 915 613 503 577 577 
 315 953 598 681 593 699 930 
 255 177 690 485 929 548 491 
 268 549 519 645 399 4 719 
 685 771 99 925 383 222 565 
 688 276 391 34 629 945 953 
 974 662 633 563 898 606 703 
 833 978 600 182 505 243 331 
 669 756 227 230 404 122 133 
 906 847 812 979 892 21 352 
 619 864 350 199 357 836 104 
 790 201 401 409 39 91 723 
 305 924 428 459 679 937 351 
 712 304 182 929 994 903 607 
 301 867 80 668 818 939 795 
 400 37 346 168 786 702 748 
 126 340 116 155 971 320 31 
 928 339 395 370 79 130 864 
 380 629 368 854 11 379 639 
 180 767 984 517 474 488 87 
 489 664 887 573 936 298 860 
 425 133 882 397 506 538 676 
 234 906 929 16 729 459 744 
 657 548 485 649 432 252 637 
 749 592 443 13 268 239 821 
 246 301 257 396 421 45 972 
 214 169 82 340 463 824 821 
 348 398 876 761 369 617 673 
 670 831 935 211 412 703 905 
 202 79 423 215 181 679 112 
 828 928 341 582 353 868 237 
 265 771 826 534 278 924 248 
 66 125 417 487 102 489 825 
 67 345 313 368 328 500 601 
 198 931 909 8 756 16 884 
 407 799 301 722 582 668 497 
 332 390 722 151 996 150 718 
 831 881 686 881 235 380 246 
 825 421 250 556 242 97 360 
 175 507 654 914 311 880 139 
 177 737 931 315 320 131 321 
 904 109 379 710 201 248 336 
 872 260 501 37 68 338 281 
 937 699 485 
 246 96 210 402 511 791 876 
 262 930 194 831 817 369 421 
 201 37 655 605 385 221 818 
 284 750 126 916 846 848 63 
 225 863 104 112 81 801 488 
 412 523 510 642 525 70 737 
 369 899 495 813 882 821 800 
 867 769 339 743 780 578 561 
 754 314 718 172 411 623 802 
 738 760 642 462 195 639 69 
 451 298 68 399 345 585 250 
 259 603 271 938 293 844 363 
 479 8 70 37 366 632 190 
 601 614 368 89 99 867 219 
 516 625 386 467 686 387 83 
 300 55 955 490 181 413 77 
 149 492 626 229 90 550 279 
 234 256 313 575 646 306 722 
 604 139 978 685 530 397 828 
 873 380 346 37 807 58 985 
 680 869 312 205 199 391 397 
 929 945 393 216 40 688 116 
 914 659 639 406 868 314 822 
 744 415 335 869 622 677 165 
 466 840 875 475 50 779 107 
 64 313 935 931 814 483 222 
 463 623 78 354 47 656 533 
 611 816 520 349 115 580 854 
 253 450 905 885 432 872 362 
 585 978 302 559 807 636 923 
 269 134 448 592 485 591 763 
 890 774 941 445 698 730 396 
 433 70 697 732 493 30 199 
 218 617 622 334 835 839 231 
 772 328 303 100 178 959 424 
 988 930 759 837 372 158 714 
 973 122 536 560 169 666 165 
 567 475 665 880 853 692 667 
 104 337 618 757 497 964 602 
 833 995 419 67 604 21 457 
 318 233 832 534 487 580 579 
 603 573 510 953 857 625 364 
 148 220 17 830 784 794 601 
 776 367 795 277 202 16 72 
 105 960 399 220 373 689 83 
 19 962 399 10 324 886 763 
 221 152 206 766 314 264 640 
 952 213 40 918 49 894 877 
 297 144 569 535 35 583 584 
 327 163 506 304 680 142 308 
 934 805 498 64 160 133 787 
 680 339 65 65 960 728 729 
 231 807 701 242 781 843 709 
 785 264 97 207 35 70 239 
 79 84 148 970 567 796 27 
 142 995 72 238 849 295 750 
 485 30 465 647 814 147 598 
 898 304 801 525 388 200 63 
 549 41 328 453 792 696 634 
 217 236 794 544 508 446 602 
 809 649 437 425 778 427 55 
 632 11 332 966 829 668 773 
 368 505 91 208 538 551 464 
 806 322 573 98 514 687 272 
 41 458 960 945 283 161 598 
 865 282 894 91 958 932 330 
 608 762 593 828 88 960 258 
 429 213 750 390 202 278 825 
 339 28 5 444 734 73 18 
 454 748 329 258 894 20 264 
 733 415 299 974 970 867 485 
 824 795 97 
 91 21 264 31 242 864 300 
 997 229 560 465 967 992 217 
 364 537 364 568 545 7 473 
 616 869 924 670 800 845 591 
 746 401 329 924 824 448 720 
 760 76 264 59 922 713 845 
 913 9 406 72 238 730 667 
 158 466 446 807 119 650 533 
 143 743 673 285 390 750 100 
 505 456 111 800 818 173 195 
 956 790 573 20 614 178 791 
 73 143 161 962 316 910 194 
 648 188 725 114 653 907 773 
 583 963 79 706 800 595 42 
 830 525 732 1 887 690 131 
 388 480 362 582 969 848 853 
 624 425 876 674 771 24 541 
 899 673 29 114 91 393 149 
 547 56 690 208 19 945 176 
 504 547 998 314 421 998 121 
 736 530 848 352 869 37 781 
 823 480 682 507 712 49 316 
 543 859 598 504 521 955 187 
 209 454 350 852 154 593 218 
 586 760 609 295 366 76 440 
 865 217 569 153 18 927 162 
 295 737 167 73 22 213 651 
 6 18 464 448 118 105 755 
 557 111 713 981 251 444 97 
 628 41 478 648 191 260 677 
 400 913 792 553 609 286 714 
 843 157 154 617 1 231 446 
 832 102 586 386 780 854 626 
 745 686 450 357 911 16 856 
 760 724 431 648 345 605 908 
 262 648 959 986 266 436 194 
 943 689 311 55 771 569 393 
 978 466 416 14 325 569 617 
 238 378 235 419 327 678 464 
 402 157 398 562 178 109 19 
 583 455 229 54 837 981 675 
 873 73 256 136 474 478 843 
 586 361 654 26 628 236 866 
 390 398 935 169 564 652 109 
 962 276 720 788 178 617 318 
 964 660 414 771 542 83 139 
 837 28 440 506 89 156 532 
 620 902 204 997 10 53 429 
 425 157 757 760 76 12 936 
 481 745 201 296 61 226 235 
 543 292 680 57 632 534 824 
 19 457 304 868 512 709 908 
 941 606 99 689 185 142 585 
 888 488 699 14 369 102 519 
 706 297 809 548 430 484 887 
 786 539 866 399 318 963 523 
 92 213 185 786 393 755 610 
 908 703 342 592 932 775 129 
 170 854 136 281 205 759 368 
 938 905 70 731 271 452 870 
 548 355 303 127 782 707 506 
 952 576 352 455 796 77 53 
 113 150 968 949 651 694 807 
 441 561 353 319 308 168 595 
 609 855 915 372 878 636 276 
 322 280 75 567 724 869 309 
 701 498 474 436 133 933 19 
 519 203 706 612 279 726 886 
 998 883 218 729 690 51 122 
 170 455 982 107 837 540 868 
 73 703 797 323 210 678 366 
 587 748 721 
 568 56 367 139 421 778 459 
 446 197 598 16 969 751 538 
 607 41 799 931 587 601 282 
 503 143 697 185 410 343 664 
 297 536 238 161 479 23 882 
 991 876 858 473 560 165 477 
 553 171 407 165 787 737 580 
 642 702 292 600 331 778 722 
 474 600 955 376 419 950 458 
 343 769 437 50 463 456 72 
 823 734 605 97 87 550 506 
 179 261 986 696 756 770 255 
 895 873 626 538 559 711 935 
 558 885 426 912 634 212 97 
 136 275 713 372 214 214 605 
 282 600 916 576 764 974 492 
 497 465 303 658 104 584 447 
 881 560 879 435 313 990 199 
 754 841 738 587 435 43 808 
 412 230 994 549 943 645 436 
 145 505 518 703 489 279 615 
 565 770 16 880 695 285 487 
 567 875 798 434 14 517 194 
 580 741 975 131 482 335 504 
 901 472 965 102 582 617 829 
 275 167 961 744 96 741 194 
 982 668 463 240 10 299 445 
 469 837 423 188 460 644 871 
 988 806 872 922 422 350 337 
 801 326 557 26 72 716 820 
 531 963 474 309 385 464 44 
 857 637 1000 443 808 783 829 
 481 697 928 659 682 775 834 
 630 22 840 569 247 120 644 
 110 237 470 490 7 774 423 
 186 904 491 902 378 888 756 
 305 353 755 680 287 550 179 
 90 125 414 325 525 535 454 
 428 510 319 599 425 588 527 
 83 773 960 422 816 468 828 
 132 92 930 165 917 179 74 
 968 512 288 474 278 69 450 
 328 711 784 794 483 488 40 
 77 962 684 134 798 925 315 
 838 128 885 605 750 374 196 
 725 937 524 172 589 515 505 
 160 694 266 475 244 500 514 
 473 798 739 780 670 130 596 
 995 851 287 990 647 449 842 
 852 997 849 614 986 628 28 
 128 951 112 577 76 401 613 
 554 585 716 155 893 933 112 
 572 835 681 838 502 11 946 
 192 129 508 444 883 263 692 
 143 629 327 267 903 206 40 
 895 325 825 541 614 743 623 
 365 5 479 584 519 499 246 
 128 504 829 559 563 868 968 
 139 984 166 864 240 927 672 
 218 337 714 489 403 275 212 
 786 288 989 997 487 546 989 
 489 29 687 874 700 535 642 
 437 261 521 661 23 117 777 
 644 625 278 609 257 381 43 
 341 598 560 708 460 607 244 
 822 17 35 815 988 654 663 
 725 528 589 569 998 343 583 
 820 71 520 856 792 745 139 
 457 231 404 505 699 224 538 
 279 675 3 539 290 211 545 
 572 137 411 785 70 493 345 
 282 848 458 
 854 76 140 410 84 925 81 
 326 304 84 886 388 819 879 
 602 486 152 309 555 104 477 
 931 605 48 994 887 134 291 
 939 6 395 612 742 766 733 
 443 595 138 377 319 310 697 
 186 723 949 646 639 786 450 
 597 852 946 448 834 289 729 
 565 897 949 755 428 213 777 
 638 655 89 467 788 751 616 
 641 118 243 885 850 984 722 
 922 570 921 665 266 870 935 
 907 677 730 476 427 982 963 
 531 90 461 160 32 378 718 
 838 51 831 558 840 851 176 
 865 459 385 297 125 43 532 
 965 652 928 702 630 436 62 
 249 420 174 735 940 127 793 
 440 810 229 188 758 121 803 
 949 279 773 716 252 320 656 
 449 991 970 619 358 564 763 
 321 81 872 686 832 993 442 
 10 278 194 102 547 884 906 
 739 250 325 91 556 685 966 
 847 831 79 427 948 271 294 
 238 157 137 687 142 876 528 
 497 600 360 385 107 584 403 
 535 903 526 872 476 451 201 
 343 700 588 869 89 321 497 
 380 482 501 920 341 512 980 
 427 190 624 501 888 827 115 
 308 995 108 555 17 964 832 
 896 974 681 796 592 20 545 
 281 34 842 750 97 961 770 
 319 472 881 100 592 2 619 
 670 515 71 849 914 58 609 
 368 30 916 26 888 674 835 
 366 861 868 79 828 115 683 
 661 979 219 717 925 230 23 
 905 670 88 79 932 65 790 
 298 76 24 287 556 374 205 
 156 530 719 226 678 862 453 
 972 28 298 764 631 562 311 
 999 200 881 307 972 796 401 
 443 502 955 30 966 297 500 
 853 750 560 312 397 805 118 
 814 174 995 998 577 459 161 
 243 244 430 677 55 336 280 
 403 580 451 173 840 380 633 
 433 966 553 279 693 38 724 
 676 519 305 118 134 805 348 
 512 670 823 815 610 427 839 
 285 646 95 570 289 106 531 
 76 84 351 275 997 945 685 
 961 469 660 483 539 880 694 
 64 908 730 466 554 826 417 
 213 57 293 557 487 547 659 
 97 780 630 811 990 449 215 
 88 83 390 469 329 55 617 
 772 635 202 940 235 965 855 
 348 701 887 898 145 943 530 
 328 92 86 317 723 764 166 
 948 843 126 858 777 875 863 
 848 816 297 59 312 196 563 
 84 79 788 58 146 616 186 
 512 173 565 241 104 130 840 
 780 210 201 596 478 467 763 
 419 310 686 228 166 430 252 
 364 838 487 869 469 213 967 
 428 772 675 326 868 232 314 
 643 813 555 8 561 140 587 
 736 49 205 
 1000 583 918 186 955 167 595 
 489 59 638 500 150 47 652 
 511 797 290 111 633 166 794 
 54 136 127 774 735 436 226 
 27 569 724 379 93 593 330 
 104 286 69 614 14 432 321 
 259 31 306 349 235 206 221 
 171 4 966 635 50 159 925 
 116 252 140 772 928 247 448 
 516 827 702 537 64 300 181 
 440 116 388 743 283 264 342 
 887 445 437 3 656 294 420 
 675 965 641 833 667 344 979 
 675 769 323 276 887 833 488 
 797 514 685 289 368 987 589 
 311 357 890 20 787 251 251 
 838 613 856 808 67 400 318 
 217 365 810 982 421 873 285 
 914 742 39 7 324 261 129 
 41 111 99 389 985 529 843 
 811 504 413 616 541 411 610 
 465 338 586 574 351 673 234 
 680 395 861 251 944 303 757 
 937 671 243 464 19 261 132 
 291 742 574 188 491 590 340 
 12 689 737 668 625 552 228 
 208 553 975 753 631 805 894 
 279 830 4 987 673 117 451 
 291 746 522 510 791 109 69 
 277 444 606 320 126 8 991 
 709 343 149 125 365 121 575 
 287 660 682 277 593 918 787 
 490 692 903 772 48 603 13 
 97 305 166 550 589 822 671 
 985 88 452 430 374 34 801 
 781 605 253 769 307 551 956 
 313 48 430 269 640 725 837 
 152 249 449 199 36 706 10 
 353 734 849 146 918 73 891 
 326 567 476 93 101 63 966 
 238 301 887 378 914 973 6 
 114 575 353 454 661 709 769 
 191 377 553 521 309 143 126 
 558 48 161 191 734 991 267 
 375 924 828 948 189 310 517 
 828 64 559 864 659 582 106 
 323 733 853 453 751 447 862 
 666 747 608 788 764 415 711 
 832 494 543 905 841 723 331 
 631 446 925 785 9 820 166 
 402 982 174 904 740 622 103 
 325 517 317 569 125 258 512 
 507 395 243 293 820 767 455 
 708 218 137 654 655 825 986 
 994 987 4 859 365 372 13 
 610 33 714 797 608 241 965 
 834 203 699 601 331 412 331 
 449 549 192 382 821 843 511 
 987 172 62 422 553 185 586 
 565 680 397 525 944 257 983 
 270 230 325 181 505 915 422 
 209 845 246 895 701 401 33 
 549 53 122 820 170 542 350 
 177 526 386 69 149 84 297 
 285 643 269 998 698 216 279 
 895 887 366 811 802 239 961 
 801 775 682 267 908 266 769 
 672 693 333 336 978 80 431 
 29 642 33 55 325 226 653 
 455 97 829 800 313 435 443 
 977 666 707 22 255 680 383 
 190 210 453 
 798 916 386 857 356 337 808 
 57 347 476 22 633 597 998 
 24 106 788 430 159 388 597 
 50 529 450 352 596 882 97 
 953 649 632 662 836 496 498 
 170 666 87 102 358 509 788 
 269 734 45 582 191 367 393 
 82 45 744 741 644 411 395 
 278 252 418 216 294 508 454 
 373 40 827 156 535 282 75 
 618 719 541 578 796 501 534 
 618 65 942 378 249 258 285 
 692 465 222 867 430 189 246 
 670 1000 184 148 818 179 421 
 601 426 69 933 507 956 538 
 13 579 592 615 763 520 663 
 278 564 13 587 728 72 899 
 827 822 848 863 603 582 108 
 217 661 558 263 721 593 185 
 615 186 173 972 733 171 870 
 64 529 154 490 701 827 104 
 738 283 273 338 291 544 228 
 412 367 544 801 430 158 552 
 736 284 694 408 550 798 370 
 780 475 540 942 809 139 368 
 439 328 5 272 570 548 197 
 466 707 523 337 919 290 542 
 30 50 852 144 624 937 663 
 273 260 520 371 576 910 766 
 857 770 905 57 421 373 698 
 608 587 99 219 708 579 223 
 48 286 444 457 347 607 953 
 89 880 209 646 700 816 560 
 360 746 879 344 176 788 924 
 382 406 662 211 310 805 504 
 35 520 235 948 400 65 876 
 855 625 355 259 744 624 43 
 529 370 771 854 113 977 157 
 347 433 622 307 767 489 322 
 247 763 984 484 895 317 667 
 307 370 922 308 762 752 886 
 164 774 143 961 409 345 764 
 833 534 565 152 799 605 791 
 719 595 125 321 910 695 555 
 750 60 317 690 746 333 399 
 275 585 935 449 650 916 893 
 665 358 915 220 962 351 342 
 441 299 948 202 375 588 595 
 931 241 713 1000 933 580 997 
 946 787 66 456 216 28 862 
 860 63 977 963 203 424 823 
 578 969 419 749 767 96 158 
 980 275 887 308 729 448 610 
 702 588 822 800 202 485 280 
 167 317 412 78 967 873 605 
 912 41 399 733 831 309 652 
 528 811 854 139 710 436 207 
 494 897 602 754 324 24 635 
 964 353 504 88 714 272 279 
 142 810 842 984 397 985 51 
 766 754 703 856 961 884 581 
 75 897 425 754 282 157 247 
 928 972 170 490 458 585 581 
 769 930 219 631 94 228 160 
 371 545 27 588 264 675 671 
 433 703 235 164 358 732 131 
 233 857 68 328 29 492 483 
 572 50 744 218 539 62 36 
 387 367 789 540 629 116 737 
 730 957 707 925 373 946 743 
 140 820 167 689 612 529 263 
 420 833 477 
 802 384 467 735 65 247 935 
 45 923 873 631 126 157 807 
 865 173 332 745 744 30 723 
 993 460 573 2 788 354 435 
 908 572 531 960 191 983 238 
 591 769 908 557 844 71 539 
 312 350 197 178 508 820 29 
 238 368 346 368 736 885 936 
 566 899 188 839 317 927 661 
 715 634 208 850 166 354 475 
 280 242 352 149 729 772 525 
 27 409 553 144 881 839 626 
 291 820 895 671 105 47 874 
 365 32 102 172 263 339 147 
 593 981 149 531 103 487 204 
 968 737 544 523 21 961 763 
 462 227 923 534 971 334 10 
 49 21 39 899 693 975 344 
 131 332 203 745 249 76 784 
 365 675 875 829 579 457 946 
 649 221 668 281 990 539 653 
 558 728 765 701 85 473 467 
 16 166 138 69 712 858 809 
 193 99 155 733 896 987 606 
 810 351 273 314 661 165 914 
 917 423 706 557 546 650 466 
 553 237 773 476 241 418 47 
 630 44 289 429 700 454 978 
 3 212 217 392 188 435 833 
 879 857 253 730 221 611 327 
 730 474 970 260 30 703 457 
 225 85 976 840 10 830 281 
 559 329 355 201 978 338 883 
 921 457 767 280 467 677 820 
 29 722 394 322 925 142 687 
 372 707 892 750 195 861 959 
 419 362 888 465 615 625 106 
 536 810 929 153 625 339 836 
 23 957 95 371 602 925 530 
 932 997 710 872 657 113 725 
 27 113 305 849 834 541 752 
 219 702 219 810 823 260 346 
 309 607 937 914 502 892 624 
 40 123 308 5 644 996 698 
 208 676 816 328 192 28 256 
 181 132 268 998 126 914 223 
 764 262 623 812 813 21 579 
 55 348 642 153 902 142 792 
 490 731 768 217 140 620 103 
 38 765 539 980 386 970 966 
 388 746 965 838 296 644 570 
 256 937 922 585 870 530 933 
 105 731 859 345 41 784 657 
 973 725 385 71 703 26 494 
 74 489 74 923 560 614 94 
 279 534 355 7 5 907 645 
 123 748 208 318 976 631 356 
 839 10 411 505 797 92 732 
 232 611 639 62 333 875 478 
 900 266 12 694 315 797 369 
 750 556 57 736 890 100 109 
 478 102 946 55 426 133 541 
 646 344 904 124 745 794 261 
 427 579 750 285 288 676 426 
 611 497 974 560 613 572 68 
 945 500 651 154 451 892 653 
 332 234 835 350 984 632 665 
 426 651 28 467 92 901 451 
 439 648 532 89 615 162 912 
 854 790 349 803 305 491 915 
 831 102 521 896 373 295 762 
 565 849 803 
 719 669 334 297 57 577 651 
 138 188 939 530 210 233 429 
 725 309 7 888 239 753 391 
 420 355 655 308 218 312 225 
 252 234 135 58 714 285 594 
 792 983 187 676 635 853 826 
 712 435 841 739 323 571 66 
 588 1000 271 878 781 439 462 
 111 99 630 775 328 886 235 
 494 603 643 878 219 422 777 
 321 286 56 604 228 925 111 
 11 578 881 839 18 286 516 
 857 326 827 931 322 420 918 
 979 471 904 804 261 177 743 
 211 257 4 755 194 563 263 
 738 415 816 99 789 396 839 
 36 145 16 656 153 8 527 
 366 475 996 721 76 847 921 
 459 640 300 288 568 257 283 
 778 702 834 777 859 720 220 
 550 330 175 173 675 874 687 
 299 813 490 42 127 108 276 
 159 513 314 352 384 39 140 
 614 735 621 498 590 678 523 
 438 999 704 689 967 441 579 
 668 74 740 675 333 573 292 
 605 470 363 643 232 20 183 
 933 491 154 705 762 214 187 
 881 949 58 414 159 895 575 
 55 470 19 306 234 931 983 
 3 550 89 184 479 242 226 
 650 355 995 222 417 955 345 
 308 867 317 773 48 634 201 
 650 690 146 189 358 939 207 
 242 375 941 708 112 558 10 
 251 730 117 681 480 57 351 
 119 340 217 28 99 538 774 
 169 376 507 36 969 89 825 
 281 846 406 934 844 957 409 
 258 249 101 366 63 612 126 
 854 253 513 441 18 788 213 
 747 768 550 191 680 392 912 
 219 698 251 99 164 743 128 
 447 63 203 941 306 616 971 
 183 43 181 428 410 26 780 
 895 752 404 374 870 842 775 
 824 515 312 49 901 60 376 
 841 638 784 279 10 348 393 
 523 995 755 399 172 864 455 
 777 86 486 26 18 144 841 
 701 660 689 94 507 928 576 
 599 36 337 968 90 774 915 
 493 672 411 471 602 102 859 
 595 733 750 784 747 921 490 
 299 858 634 542 850 207 982 
 482 22 384 312 330 301 167 
 140 518 365 287 857 32 459 
 204 74 338 999 509 955 475 
 944 43 331 829 830 207 422 
 264 580 189 696 852 497 787 
 569 489 875 551 538 270 779 
 563 379 475 734 186 531 584 
 360 303 380 601 281 730 732 
 160 196 833 860 785 380 648 
 646 515 710 553 153 180 964 
 850 188 354 799 80 60 937 
 970 903 477 351 310 879 10 
 936 97 926 149 378 85 712 
 293 433 466 982 954 488 315 
 74 490 756 41 14 345 945 
 322 455 51 136 631 669 953 
 855 560 351 
 764 143 264 416 445 476 369 
 796 216 782 85 953 580 650 
 81 949 995 120 306 588 410 
 387 892 278 191 810 750 154 
 302 945 936 573 786 134 616 
 272 251 149 263 13 349 35 
 982 143 554 586 191 524 772 
 961 990 476 85 728 932 814 
 82 15 319 391 708 636 211 
 378 372 606 247 230 577 493 
 631 802 332 333 701 265 214 
 511 943 118 614 982 822 174 
 612 114 747 376 172 590 362 
 237 195 881 972 806 579 807 
 518 82 199 5 219 45 261 
 911 745 88 966 577 278 258 
 999 744 794 74 837 158 753 
 946 435 623 630 210 323 31 
 985 409 78 535 52 748 499 
 116 649 365 457 550 116 810 
 292 105 487 218 401 518 161 
 856 914 110 782 253 769 59 
 676 583 725 839 131 411 301 
 609 970 972 167 427 194 825 
 622 52 148 384 743 814 808 
 245 907 664 908 96 835 617 
 545 1 756 321 780 828 871 
 760 938 548 600 162 424 626 
 961 169 237 771 222 1 833 
 962 712 825 290 794 365 559 
 819 193 894 568 867 638 902 
 154 253 473 539 114 277 300 
 783 812 294 405 715 279 812 
 753 104 300 500 984 357 193 
 165 834 312 130 405 677 693 
 411 219 820 470 853 369 870 
 344 926 437 587 578 31 723 
 903 333 324 61 764 876 333 
 205 18 216 911 776 774 434 
 858 211 899 670 832 186 410 
 877 963 965 35 207 851 354 
 73 938 306 120 767 789 808 
 544 845 299 341 268 688 128 
 66 116 764 181 470 741 338 
 107 154 768 554 225 347 612 
 39 886 250 307 398 502 373 
 925 772 132 636 934 938 587 
 811 736 49 237 987 289 933 
 616 15 66 300 51 862 77 
 835 844 653 372 316 911 114 
 993 409 830 593 769 288 715 
 879 783 500 646 552 226 447 
 759 865 278 385 331 324 988 
 447 159 614 872 44 981 314 
 574 425 185 836 452 236 474 
 269 621 273 961 778 523 731 
 67 619 546 353 519 828 484 
 432 70 13 800 340 925 234 
 258 487 340 546 345 749 916 
 279 139 910 906 794 409 816 
 902 972 233 271 202 621 71 
 62 339 173 419 666 266 483 
 833 60 847 713 523 442 81 
 115 6 266 616 172 391 742 
 519 879 324 830 338 806 642 
 504 252 253 138 768 189 59 
 475 583 805 454 909 117 332 
 675 66 399 285 576 677 846 
 405 410 424 485 928 717 823 
 353 678 487 54 790 175 923 
 115 485 572 655 155 727 33 
 892 117 312 
 20 217 632 820 254 262 974 
 651 940 825 798 172 205 819 
 858 250 632 391 188 697 853 
 128 633 591 296 456 148 546 
 981 88 41 573 159 762 917 
 683 982 295 776 503 948 418 
 24 737 110 481 180 745 986 
 367 182 73 389 147 53 284 
 10 894 253 536 369 343 528 
 188 605 511 729 866 612 347 
 460 52 229 52 959 165 323 
 784 734 190 595 359 745 669 
 39 277 767 661 200 106 615 
 97 374 515 459 805 983 455 
 451 66 816 641 666 536 423 
 64 338 112 749 592 264 761 
 388 14 8 287 283 901 663 
 642 892 860 330 444 858 244 
 906 128 988 362 420 883 883 
 417 297 556 242 189 778 979 
 978 87 778 226 363 380 977 
 630 290 116 660 740 181 555 
 302 931 375 721 276 757 156 
 97 83 429 91 932 754 840 
 935 796 543 676 524 704 779 
 481 826 906 773 449 683 641 
 407 361 771 831 386 188 932 
 154 938 116 863 692 1 792 
 410 297 701 404 821 956 545 
 20 890 424 500 14 919 975 
 931 169 5 909 583 970 134 
 425 783 825 761 304 524 757 
 253 114 918 268 495 105 297 
 928 596 141 271 107 500 553 
 972 904 92 907 333 959 26 
 206 598 159 351 8 573 888 
 711 715 697 56 79 499 386 
 897 922 267 503 684 724 224 
 162 8 699 643 725 593 632 
 119 40 729 434 71 122 344 
 573 957 483 170 924 249 850 
 516 164 384 140 463 28 712 
 471 1000 509 12 234 5 822 
 565 549 880 900 499 927 601 
 139 590 395 68 488 743 122 
 744 394 252 639 467 868 704 
 797 654 531 687 921 100 791 
 946 918 121 892 439 964 156 
 22 334 584 437 975 635 314 
 237 624 542 978 48 640 924 
 983 363 927 331 852 973 377 
 688 300 799 555 169 527 820 
 87 242 292 175 40 80 180 
 774 229 863 111 810 349 931 
 418 107 566 176 836 486 77 
 306 683 366 197 300 553 507 
 784 226 485 77 343 893 811 
 511 225 826 531 964 877 481 
 746 410 335 189 459 617 68 
 545 107 10 431 69 776 215 
 79 355 423 759 302 60 863 
 846 210 705 601 869 457 595 
 564 263 351 249 442 183 791 
 693 229 250 195 46 743 400 
 403 459 267 186 31 4 615 
 146 773 552 382 285 769 701 
 240 546 456 116 392 671 771 
 408 688 472 300 522 503 654 
 985 479 182 785 715 788 710 
 149 286 647 633 390 166 213 
 874 300 253 226 798 964 479 
 444 703 700 
 946 822 700 140 750 925 170 
 221 864 501 665 579 694 697 
 231 954 762 772 941 337 519 
 259 283 769 813 175 611 604 
 620 643 368 534 906 834 494 
 948 333 317 534 87 15 479 
 392 631 204 65 375 655 301 
 117 570 893 178 539 504 13 
 129 460 281 74 281 874 836 
 868 605 340 813 481 81 979 
 11 292 542 102 826 309 182 
 405 565 589 734 735 513 320 
 862 836 474 632 730 546 902 
 574 933 465 739 608 682 253 
 666 449 563 430 896 691 470 
 609 464 877 171 396 106 996 
 45 700 26 243 59 335 848 
 667 902 912 603 432 657 214 
 821 169 2 108 324 389 954 
 286 366 46 45 24 298 959 
 714 351 182 397 443 403 396 
 182 562 619 859 668 855 127 
 239 32 67 20 705 638 115 
 618 324 733 734 636 244 395 
 205 156 815 771 501 821 856 
 750 286 717 640 409 305 745 
 155 92 252 470 932 886 85 
 480 664 617 727 350 698 201 
 455 663 236 220 341 61 768 
 585 988 454 842 296 464 138 
 806 628 226 96 728 979 445 
 614 63 634 237 596 313 448 
 69 656 742 177 741 792 924 
 743 533 418 173 336 5 67 
 961 947 712 104 205 135 100 
 296 753 737 474 406 51 204 
 357 536 453 149 221 673 479 
 101 57 310 772 166 782 387 
 309 786 385 947 688 126 294 
 681 110 50 311 602 983 590 
 603 319 270 419 348 867 228 
 246 791 552 502 773 633 442 
 126 895 78 681 953 822 569 
 247 141 699 858 413 361 85 
 11 437 122 433 17 840 897 
 465 419 861 430 244 307 534 
 594 889 311 43 208 851 567 
 795 145 619 68 518 17 41 
 277 931 757 616 961 626 681 
 140 355 241 836 348 616 655 
 498 624 450 339 109 433 770 
 442 890 163 616 777 420 19 
 234 17 196 504 110 348 131 
 307 455 696 589 94 177 811 
 254 438 61 89 217 840 659 
 773 357 517 459 62 926 397 
 281 692 580 452 188 167 437 
 879 141 862 579 717 399 272 
 190 886 35 157 584 693 945 
 633 555 557 526 662 450 380 
 664 799 946 170 306 692 686 
 176 656 256 381 704 538 692 
 693 464 464 217 171 86 402 
 440 290 203 996 930 823 183 
 867 614 462 552 283 414 694 
 538 892 640 69 805 440 45 
 244 25 229 604 560 291 466 
 492 102 468 668 299 27 878 
 318 89 214 870 418 788 263 
 991 979 138 332 997 925 24 
 783 84 875 157 729 332 62 
 150 301 301 
 222 296 428 322 219 231 788 
 759 784 552 336 210 372 896 
 453 179 24 68 130 91 983 
 813 917 581 905 921 581 87 
 38 667 531 960 923 157 784 
 142 590 979 757 478 104 463 
 140 771 376 899 666 26 226 
 235 241 803 97 526 591 992 
 778 296 728 731 684 274 364 
 18 528 844 608 401 309 607 
 685 491 600 133 227 400 766 
 845 28 966 1 839 232 327 
 524 236 116 302 814 947 209 
 449 912 411 710 660 375 988 
 525 780 824 660 518 382 591 
 810 613 619 798 260 164 861 
 534 713 17 366 134 798 373 
 693 406 401 946 167 858 767 
 673 894 799 158 38 237 504 
 305 765 95 5 839 658 459 
 952 531 729 864 151 393 385 
 832 329 85 202 102 17 891 
 272 718 579 582 927 785 281 
 89 765 173 707 423 901 166 
 611 803 601 623 165 287 876 
 255 182 582 315 612 659 56 
 10 896 183 280 102 982 353 
 414 102 59 835 150 200 196 
 947 213 196 955 711 383 331 
 865 291 946 253 906 563 848 
 357 572 134 919 398 501 744 
 904 530 279 382 74 398 269 
 783 412 255 426 495 196 651 
 486 683 498 383 607 876 476 
 540 817 300 464 480 86 449 
 435 766 700 612 428 533 441 
 89 919 209 327 52 347 955 
 191 240 371 761 71 510 397 
 638 787 455 164 912 812 706 
 101 764 435 757 147 777 637 
 308 755 662 972 50 864 725 
 969 106 828 436 563 60 827 
 592 149 944 567 624 547 948 
 778 42 75 166 368 704 180 
 896 152 56 47 119 654 423 
 656 601 602 635 827 17 662 
 250 822 525 899 166 522 346 
 360 285 8 268 407 634 382 
 135 504 373 623 164 329 259 
 28 709 828 662 716 463 847 
 122 356 858 58 828 223 890 
 243 3 580 378 833 908 267 
 245 690 119 637 909 917 27 
 973 544 575 841 266 742 918 
 875 122 811 863 403 374 612 
 391 715 768 867 300 657 77 
 778 905 662 162 937 284 730 
 567 320 720 33 486 708 873 
 220 579 258 427 672 817 44 
 1 422 288 30 206 103 664 
 856 293 710 587 121 201 131 
 742 551 628 659 262 41 888 
 408 858 784 687 305 837 602 
 563 75 720 253 557 923 865 
 938 446 296 862 945 999 938 
 584 519 744 242 799 519 483 
 129 169 582 102 48 529 589 
 802 811 41 956 935 220 729 
 443 452 841 467 464 992 13 
 756 447 441 687 826 156 727 
 340 565 962 624 629 327 225 
 905 425 379 
 626 322 944 552 274 551 893 
 178 847 85 217 580 878 123 
 855 784 824 963 795 506 593 
 509 649 552 454 379 143 370 
 625 314 498 336 622 829 641 
 320 883 353 220 221 618 945 
 978 750 918 519 765 291 534 
 230 62 872 388 851 736 944 
 29 93 918 824 206 976 267 
 464 995 998 638 658 879 456 
 745 376 363 535 926 183 231 
 565 104 366 184 386 626 996 
 711 448 122 204 102 661 699 
 274 769 940 150 875 313 978 
 630 934 503 601 662 748 914 
 375 50 608 232 508 112 375 
 607 126 813 614 33 628 367 
 470 849 532 262 665 648 725 
 977 889 134 547 650 948 225 
 238 737 809 255 74 609 186 
 180 69 141 823 321 234 752 
 518 434 656 750 389 366 937 
 879 531 485 179 157 33 708 
 425 386 20 663 447 691 615 
 826 488 889 899 400 63 726 
 262 536 975 530 628 995 963 
 897 584 206 125 549 305 295 
 159 514 581 969 955 861 902 
 968 243 587 590 524 256 139 
 788 294 779 212 452 915 164 
 805 688 938 150 309 657 840 
 663 841 475 94 848 751 11 
 543 961 828 866 596 42 602 
 742 932 874 943 557 796 904 
 894 129 810 938 958 338 257 
 448 141 414 963 135 514 657 
 43 903 453 317 510 588 303 
 80 612 429 96 983 858 551 
 77 734 452 526 646 469 29 
 448 872 506 551 26 655 641 
 193 446 897 291 300 379 315 
 697 636 764 565 71 382 388 
 773 201 494 814 580 207 877 
 134 522 696 301 630 457 15 
 956 219 764 400 138 980 46 
 713 403 733 219 792 146 431 
 855 961 348 605 984 564 24 
 743 292 456 224 687 922 706 
 576 205 354 51 449 531 260 
 892 788 744 745 547 191 588 
 619 523 721 856 749 692 253 
 402 730 680 89 435 15 321 
 19 242 896 370 496 981 235 
 620 76 99 814 366 129 690 
 113 849 40 505 388 16 424 
 84 783 106 681 267 355 132 
 711 770 579 233 792 558 370 
 74 388 477 35 92 959 530 
 979 276 296 394 695 194 702 
 443 277 376 847 181 756 865 
 288 855 618 714 444 947 313 
 986 446 796 920 641 268 69 
 419 193 521 529 723 55 417 
 914 603 56 698 994 151 915 
 734 531 965 995 35 991 392 
 265 455 950 576 731 189 51 
 236 174 377 382 83 477 258 
 503 589 343 772 623 676 265 
 922 991 290 225 518 533 737 
 342 953 130 197 760 905 12 
 226 443 533 52 652 683 105 
 359 986 390 
 506 797 538 292 401 683 19 
 479 272 593 317 802 854 139 
 665 419 682 200 432 225 408 
 220 844 460 830 462 617 686 
 838 192 49 205 906 850 178 
 494 193 270 232 712 787 433 
 41 422 549 318 69 794 862 
 762 378 354 966 375 817 244 
 505 345 994 217 879 162 528 
 786 936 574 692 284 330 646 
 714 110 43 774 846 69 173 
 125 533 628 277 775 427 124 
 106 132 255 853 285 934 224 
 210 988 797 870 357 614 514 
 985 744 614 558 827 871 153 
 584 532 703 910 97 904 207 
 479 904 154 184 740 395 303 
 165 970 396 467 882 845 944 
 789 270 795 918 1 625 604 
 836 960 92 371 696 546 259 
 470 857 295 180 861 908 480 
 460 236 621 833 421 200 532 
 923 657 587 467 562 701 175 
 665 867 495 245 560 4 926 
 723 646 913 419 183 45 82 
 251 886 555 205 321 418 818 
 516 757 919 77 743 703 341 
 15 128 186 219 267 361 289 
 471 898 341 651 304 601 840 
 301 136 318 136 19 90 942 
 777 111 567 9 753 597 144 
 400 424 396 850 323 293 85 
 765 245 832 761 372 267 924 
 676 50 433 417 539 568 188 
 826 678 313 869 291 918 882 
 538 208 261 962 340 109 320 
 389 840 522 422 191 678 587 
 101 795 635 896 697 969 879 
 74 971 714 878 784 243 235 
 71 420 574 19 998 40 893 
 532 833 56 571 75 637 615 
 509 712 886 736 479 740 521 
 435 306 606 378 427 183 419 
 700 673 626 609 380 787 815 
 90 532 442 765 89 288 471 
 221 325 498 331 785 616 822 
 344 37 127 693 979 455 880 
 771 437 197 829 983 654 562 
 722 869 593 192 127 604 334 
 741 166 744 834 550 940 296 
 463 820 728 838 819 896 868 
 8 696 152 478 65 944 318 
 702 374 615 381 470 241 222 
 931 155 927 436 509 140 642 
 347 814 175 687 530 468 710 
 989 216 920 564 337 324 300 
 931 436 972 523 24 538 476 
 537 821 832 402 231 580 301 
 427 653 460 661 320 12 742 
 573 854 251 836 963 704 414 
 502 105 788 397 836 693 121 
 298 466 154 188 80 511 451 
 508 804 804 237 20 580 877 
 42 946 354 41 717 713 743 
 377 617 98 960 890 751 819 
 762 634 115 638 108 925 990 
 664 648 420 770 797 569 146 
 871 958 292 215 496 760 22 
 160 356 955 418 981 742 96 
 583 160 268 872 610 302 79 
 419 625 215 63 847 475 197 
 164 405 656 
 382 820 178 684 138 904 251 
 714 412 53 390 570 600 763 
 40 515 968 431 202 447 887 
 664 242 497 842 708 714 455 
 329 641 347 935 977 787 952 
 707 615 545 251 796 260 149 
 88 320 491 807 155 268 587 
 568 25 207 45 887 761 116 
 765 278 201 237 376 146 56 
 255 618 189 744 674 916 867 
 471 150 160 542 154 452 516 
 866 240 793 816 560 591 116 
 200 395 745 849 400 676 276 
 669 202 790 540 441 144 65 
 585 26 923 487 504 398 720 
 608 651 574 309 637 584 20 
 71 766 410 292 152 469 377 
 42 83 591 402 119 512 318 
 223 291 621 704 700 793 819 
 652 590 69 772 346 212 350 
 109 447 747 620 64 635 491 
 144 238 396 954 478 374 262 
 844 619 312 177 408 350 33 
 176 113 64 92 83 617 507 
 836 236 197 644 228 97 8 
 241 587 166 105 512 97 24 
 652 221 754 178 58 257 452 
 680 816 602 354 876 343 360 
 838 595 816 728 121 79 461 
 304 283 715 224 970 961 608 
 21 293 977 674 295 774 158 
 682 67 17 315 378 206 775 
 714 674 943 487 922 245 68 
 725 58 922 126 146 192 667 
 667 177 424 760 39 973 430 
 833 354 387 978 830 624 939 
 893 151 827 341 695 298 425 
 614 583 184 901 1000 463 902 
 341 738 253 955 721 436 906 
 975 687 169 80 390 110 282 
 294 535 209 191 251 352 503 
 212 571 493 868 37 829 268 
 722 497 912 938 757 80 529 
 747 417 765 790 620 524 89 
 624 864 331 660 874 724 637 
 532 219 732 938 812 838 18 
 777 644 508 522 284 906 902 
 430 748 691 924 610 668 226 
 916 383 839 533 60 16 592 
 930 175 342 917 84 7 444 
 251 773 910 186 760 146 844 
 833 523 122 847 403 491 293 
 415 48 265 20 277 969 487 
 428 998 701 118 10 107 652 
 321 326 126 807 907 703 660 
 860 616 153 526 562 718 321 
 925 361 890 357 280 734 114 
 163 87 633 750 528 813 712 
 781 261 808 935 921 561 392 
 846 785 953 649 688 179 96 
 152 700 566 582 927 590 112 
 18 641 204 301 344 788 416 
 242 944 257 7 564 787 565 
 22 516 454 461 448 879 85 
 124 103 774 767 92 176 643 
 267 405 237 358 773 457 232 
 258 225 971 141 771 147 851 
 717 636 668 355 297 403 798 
 294 669 59 402 557 320 764 
 317 553 549 868 175 64 155 
 324 407 688 693 299 751 684 
 416 715 435 
 722 368 205 728 912 393 141 
 439 690 502 613 879 340 876 
 235 956 47 316 578 849 830 
 290 433 598 438 160 614 770 
 664 402 408 999 69 656 966 
 231 358 30 323 122 752 338 
 407 309 322 786 540 554 463 
 908 989 347 321 602 142 387 
 348 379 579 642 637 43 219 
 854 862 214 657 185 268 943 
 37 416 659 506 255 157 37 
 387 63 41 919 621 428 627 
 840 602 171 406 360 726 148 
 470 949 834 779 609 213 73 
 963 342 674 652 867 247 424 
 965 550 93 479 102 915 239 
 681 688 409 930 379 819 735 
 880 796 512 151 800 471 287 
 449 1 768 897 919 894 64 
 693 660 904 600 380 331 70 
 559 68 241 261 780 276 249 
 704 155 99 316 623 743 217 
 373 687 459 235 621 588 713 
 55 971 777 614 228 761 267 
 580 510 287 481 181 740 912 
 652 624 186 223 374 534 309 
 655 580 361 954 637 394 393 
 757 950 827 606 315 144 438 
 421 590 314 808 827 356 986 
 692 402 358 602 474 158 153 
 945 338 646 631 995 518 187 
 306 488 395 442 486 822 462 
 545 380 646 231 804 509 422 
 127 645 549 875 584 732 483 
 941 688 860 314 680 741 234 
 729 70 103 987 954 278 673 
 461 373 418 901 465 818 796 
 554 771 425 454 647 338 121 
 748 709 141 922 362 614 356 
 972 804 935 802 123 417 54 
 443 281 543 651 529 386 885 
 840 375 670 563 249 786 96 
 578 154 122 273 346 899 284 
 804 792 164 805 599 340 248 
 774 583 532 451 466 608 162 
 34 880 510 397 639 585 607 
 26 362 465 837 921 791 982 
 908 760 426 505 504 120 306 
 903 836 961 983 262 194 942 
 501 880 118 200 199 738 817 
 163 482 713 701 683 222 185 
 741 644 61 205 795 188 305 
 373 487 570 208 722 722 451 
 190 67 526 672 238 510 163 
 296 32 477 625 583 145 750 
 962 604 830 472 155 171 526 
 454 405 15 530 374 464 93 
 22 639 466 241 124 748 2 
 545 53 786 568 276 862 699 
 577 392 764 456 331 45 464 
 312 276 886 409 164 75 737 
 300 686 467 602 99 332 443 
 108 785 713 295 579 929 910 
 252 306 529 923 326 287 67 
 431 618 144 309 608 554 740 
 757 604 844 193 326 940 545 
 345 849 555 198 780 380 130 
 396 356 747 993 840 202 850 
 661 314 228 677 348 566 379 
 365 25 453 414 675 887 920 
 176 994 224 65 530 271 667 
 442 792 863 
 87 546 652 908 379 355 894 
 847 809 69 438 508 949 856 
 647 536 609 292 851 468 662 
 912 54 966 82 644 628 260 
 29 288 865 624 897 72 581 
 242 20 990 260 521 23 830 
 406 366 52 567 955 238 866 
 871 260 190 416 60 610 884 
 443 217 608 2 375 15 831 
 337 791 783 445 406 709 336 
 220 847 576 925 348 885 776 
 412 728 863 291 79 345 330 
 709 842 973 58 761 737 237 
 343 747 71 402 880 689 110 
 581 880 4 922 880 315 266 
 235 279 823 81 806 502 11 
 996 283 306 896 405 837 223 
 82 878 475 13 956 23 305 
 705 574 967 661 356 273 75 
 675 222 84 47 888 944 766 
 232 566 925 258 621 172 142 
 96 977 554 247 754 89 720 
 694 338 621 268 445 252 225 
 205 99 551 929 459 879 826 
 558 98 351 424 563 443 828 
 691 422 753 814 890 663 443 
 119 851 914 543 768 647 797 
 377 509 488 448 686 938 507 
 574 3 58 188 664 564 540 
 102 252 285 852 840 184 282 
 82 670 545 816 20 357 794 
 568 293 332 109 983 898 531 
 378 438 496 60 163 274 152 
 28 147 299 510 928 778 949 
 356 207 306 568 665 116 310 
 456 249 536 855 204 283 737 
 958 607 724 909 913 512 127 
 724 382 569 433 945 249 873 
 62 926 693 386 510 578 180 
 435 852 804 646 779 284 324 
 451 410 18 30 817 936 283 
 358 404 505 213 602 225 655 
 53 514 665 638 491 712 621 
 485 431 871 654 794 891 902 
 386 602 950 401 621 931 812 
 507 461 58 214 54 660 107 
 938 158 59 468 739 520 11 
 193 590 726 491 301 50 824 
 728 37 61 401 128 445 718 
 191 93 758 703 56 506 230 
 270 453 407 254 911 447 252 
 809 708 724 359 994 415 768 
 838 59 709 75 627 413 371 
 959 314 226 174 558 516 740 
 532 389 104 643 155 218 599 
 665 540 655 781 950 215 396 
 238 978 286 534 734 614 937 
 313 30 417 861 751 455 499 
 316 646 760 972 330 114 248 
 354 916 991 874 612 265 789 
 460 26 934 17 862 168 18 
 240 91 295 302 131 1000 330 
 603 616 367 752 256 502 923 
 102 698 895 537 122 946 387 
 562 920 253 216 875 877 183 
 507 905 837 460 301 357 756 
 324 399 132 215 860 220 706 
 176 988 992 716 563 964 59 
 570 644 589 461 447 660 937 
 666 985 976 162 834 958 808 
 188 887 124 432 866 430 167 
 224 465 817 
 433 292 382 114 379 571 487 
 456 558 943 532 87 231 761 
 477 457 286 730 185 639 69 
 226 809 829 217 313 208 48 
 306 990 745 560 115 627 494 
 918 304 892 589 596 546 820 
 112 271 844 862 368 270 346 
 716 442 535 742 714 428 550 
 603 863 744 285 670 232 757 
 426 87 805 422 122 339 81 
 156 817 119 634 777 535 900 
 460 763 609 574 909 541 653 
 938 216 645 68 250 715 744 
 149 602 919 357 213 527 155 
 980 728 253 471 804 581 934 
 985 623 141 705 298 918 875 
 912 685 204 328 768 997 92 
 757 270 364 361 856 366 571 
 593 618 451 868 560 406 805 
 184 878 178 486 106 625 563 
 250 904 281 522 146 125 29 
 872 568 568 896 586 543 10 
 394 901 218 26 616 161 409 
 609 972 341 675 660 290 254 
 575 628 408 247 752 895 331 
 671 667 173 497 805 130 226 
 681 884 790 790 524 686 566 
 374 3 722 795 441 134 693 
 463 586 912 50 841 120 707 
 618 577 367 812 962 867 244 
 735 158 166 586 105 569 34 
 936 311 658 275 255 362 309 
 840 60 615 599 530 970 415 
 934 460 85 140 76 855 502 
 966 699 747 618 984 173 845 
 281 318 690 907 151 195 936 
 664 92 100 218 312 99 862 
 633 850 837 432 99 985 124 
 736 765 329 735 527 9 377 
 280 900 296 789 262 737 583 
 577 539 263 154 973 629 50 
 409 819 126 436 652 161 762 
 627 95 966 76 106 269 271 
 47 32 382 903 77 482 257 
 312 961 506 784 284 837 948 
 150 666 859 148 665 273 572 
 313 952 118 106 695 603 333 
 645 40 684 801 744 977 665 
 772 561 148 454 645 667 568 
 581 109 252 98 510 895 93 
 753 132 427 341 813 572 65 
 780 294 359 317 472 211 82 
 104 378 657 298 504 453 424 
 801 12 916 596 926 666 856 
 440 256 501 892 794 777 335 
 434 439 762 570 481 109 226 
 687 596 635 743 442 820 329 
 544 227 873 718 648 558 27 
 293 595 949 427 351 925 11 
 671 927 231 127 90 40 281 
 354 920 95 662 353 994 975 
 922 841 958 816 333 70 572 
 87 860 113 408 861 492 717 
 834 783 261 409 559 304 648 
 2 645 344 329 360 129 698 
 250 229 273 80 853 780 465 
 136 879 304 542 467 277 967 
 948 994 344 571 959 871 520 
 135 539 876 842 769 140 726 
 849 219 157 399 630 834 978 
 838 511 123 332 103 296 201 
 872 674 179 
 95 622 652 241 181 545 632 
 631 317 844 324 454 466 783 
 211 763 790 372 637 569 760 
 52 857 847 495 800 797 286 
 177 585 635 358 697 886 829 
 629 293 969 426 32 3 256 
 823 485 815 413 167 197 542 
 388 653 965 367 144 320 23 
 438 964 260 378 416 874 463 
 582 358 53 243 550 954 78 
 564 371 466 346 582 293 999 
 574 377 793 244 144 183 1000 
 159 765 827 173 418 865 98 
 996 942 98 846 59 188 683 
 878 402 820 121 168 42 433 
 464 73 831 114 675 506 629 
 49 589 459 524 177 363 324 
 946 122 934 648 621 84 785 
 888 277 917 887 216 179 315 
 977 771 412 784 50 496 875 
 256 827 330 66 564 997 744 
 671 532 555 937 663 462 547 
 741 627 777 96 572 396 264 
 793 303 463 471 231 560 57 
 391 489 82 865 130 311 504 
 601 85 656 31 10 640 356 
 907 922 966 937 242 447 957 
 126 994 856 869 386 844 735 
 393 866 829 529 47 556 560 
 529 510 270 101 544 364 637 
 344 398 757 951 817 996 923 
 351 511 409 472 908 668 768 
 364 593 414 764 719 498 755 
 891 230 739 922 491 478 88 
 73 648 609 564 970 49 211 
 459 205 205 540 54 404 897 
 171 874 984 526 766 198 246 
 980 699 984 930 417 646 615 
 423 199 185 246 948 873 717 
 614 158 540 403 633 181 5 
 248 397 40 958 740 318 911 
 960 314 771 908 104 885 507 
 521 817 150 8 816 461 855 
 928 205 459 503 211 956 575 
 36 160 273 436 633 749 340 
 162 941 778 368 648 471 125 
 928 288 899 724 881 85 590 
 829 349 213 785 949 669 550 
 7 97 675 682 885 128 122 
 906 735 493 415 508 373 422 
 389 372 320 166 97 204 670 
 690 705 419 966 470 301 215 
 109 61 579 338 725 570 356 
 213 337 562 16 871 584 334 
 178 284 172 49 116 662 234 
 813 240 420 735 862 875 229 
 39 412 217 50 501 953 752 
 687 305 174 71 952 773 349 
 355 227 830 991 37 905 82 
 699 341 20 438 771 909 96 
 397 863 77 433 184 918 601 
 968 472 944 188 204 388 772 
 388 434 954 618 954 150 880 
 504 664 917 616 741 505 159 
 685 295 919 751 104 486 719 
 624 769 500 293 271 838 987 
 999 11 764 13 138 629 945 
 592 743 719 62 930 458 918 
 661 783 392 303 878 658 887 
 731 536 457 787 442 850 759 
 788 393 23 41 176 899 451 
 327 881 328 
 881 200 527 528 160 108 620 
 638 641 527 202 116 609 219 
 621 275 518 139 375 199 939 
 311 455 588 220 394 128 171 
 920 701 747 147 738 769 997 
 911 878 431 78 395 52 152 
 14 774 694 51 496 678 408 
 826 300 951 700 323 317 241 
 995 271 839 341 796 365 54 
 365 492 28 255 646 145 74 
 791 870 998 695 21 125 869 
 849 81 134 872 446 417 730 
 790 211 967 329 918 599 476 
 895 925 639 691 784 800 408 
 982 19 576 766 448 335 583 
 670 831 297 95 557 512 889 
 949 632 767 544 552 248 493 
 418 468 171 552 67 381 859 
 506 634 780 205 41 760 474 
 250 537 655 56 453 395 626 
 482 368 420 321 447 415 502 
 145 18 185 479 205 358 714 
 995 295 851 147 378 436 930 
 420 641 107 834 822 506 820 
 432 587 83 424 136 866 398 
 396 15 459 190 725 140 327 
 540 442 674 125 845 764 551 
 940 684 607 817 452 174 509 
 869 331 834 415 567 320 372 
 211 80 809 374 211 371 901 
 974 219 95 65 253 545 42 
 699 21 634 81 928 832 153 
 313 102 608 390 716 872 266 
 848 157 765 625 786 795 815 
 699 918 541 741 951 309 281 
 272 762 218 692 901 92 273 
 801 118 189 139 131 105 326 
 918 968 630 41 191 667 505 
 616 623 679 52 63 798 156 
 682 24 650 716 603 170 293 
 394 130 505 25 688 535 692 
 61 749 366 593 933 904 36 
 664 803 935 453 466 936 358 
 167 112 257 616 60 50 569 
 943 570 614 730 756 650 589 
 978 709 523 237 703 793 420 
 16 91 260 611 903 174 107 
 528 942 919 375 129 758 992 
 698 148 461 443 890 166 494 
 544 688 198 552 964 56 904 
 519 977 654 739 925 184 692 
 354 254 151 862 515 694 738 
 34 225 178 595 944 849 873 
 321 710 934 937 881 944 909 
 482 719 537 361 427 155 564 
 964 686 52 849 585 244 406 
 488 597 15 75 487 223 44 
 18 508 539 477 529 241 971 
 104 244 346 784 346 563 720 
 587 185 565 59 902 851 207 
 529 945 666 506 345 430 316 
 512 879 212 828 268 845 692 
 650 836 549 156 651 960 488 
 294 761 184 862 64 208 431 
 284 994 86 673 990 786 807 
 309 98 767 651 914 344 831 
 961 251 483 481 648 219 81 
 386 266 487 873 544 222 317 
 369 288 713 569 917 615 701 
 449 943 83 989 101 714 63 
 189 121 868 969 140 462 22 
 252 302 164 
 184658 183587 191069 196295 194087 177268 187800 
 187335 181936 189267 183989 184598 195475 193705 
 180820 191084 191560 180666 187315 185601 178871 
 189064 194869 191906 181377 188886 189383 190076 
 192897 187307