 500 30 0 
 680 863 763 707 546 721 729 
 561 586 759 556 474 673 596 
 780 635 780 538 518 633 589 
 986 884 618 834 906 679 1021 
 850 918 872 762 892 658 800 
 747 987 897 924 712 546 775 
 776 852 554 687 749 736 587 
 890 616 655 744 815 546 775 
 884 838 583 636 834 1020 974 
 536 1045 975 767 739 567 588 
 681 534 620 621 652 748 962 
 882 958 854 765 400 772 897 
 943 924 875 641 757 497 922 
 799 514 727 678 690 617 455 
 577 678 557 976 926 722 861 
 670 808 826 800 845 743 567 
 544 904 559 877 1003 816 539 
 807 614 842 501 845 642 745 
 688 962 696 938 964 429 951 
 919 737 826 833 802 611 856 
 855 583 916 759 845 531 694 
 862 974 668 772 595 484 911 
 712 902 638 712 648 776 646 
 637 832 713 714 794 665 909 
 489 665 647 937 695 888 523 
 641 529 830 1076 944 782 984 
 770 794 931 545 598 664 988 
 949 774 856 685 789 787 617 
 742 661 904 466 857 460 739 
 778 832 587 745 524 465 830 
 585 974 576 846 936 701 720 
 953 454 823 504 848 769 787 
 900 540 601 495 665 978 612 
 450 950 607 740 579 670 882 
 861 862 1054 978 957 909 607 
 654 771 584 848 498 899 859 
 744 525 705 519 992 592 991 
 539 914 969 645 823 956 693 
 771 958 978 622 961 897 861 
 618 881 715 821 578 516 764 
 948 485 517 596 885 859 551 
 595 555 584 839 516 694 735 
 764 715 762 689 716 693 695 
 875 807 743 853 721 729 585 
 862 649 610 615 895 895 796 
 731 530 991 785 627 944 826 
 515 598 916 712 810 714 839 
 813 530 916 707 994 566 893 
 975 727 472 782 454 720 698 
 887 559 738 531 919 649 854 
 874 877 886 1004 547 577 573 
 770 1050 574 826 523 860 770 
 789 950 580 989 544 847 621 
 693 719 861 964 977 706 467 
 633 606 692 899 1042 566 606 
 1009 836 628 1066 950 526 547 
 794 697 956 712 912 710 711 
 517 957 731 709 947 907 752 
 983 952 521 668 885 553 613 
 1009 500 940 1032 665 828 633 
 622 724 639 787 844 727 920 
 771 605 509 1018 659 787 591 
 798 627 603 505 945 523 1000 
 720 572 623 561 700 638 555 
 1032 1043 829 544 997 596 751 
 716 617 893 554 754 732 516 
 812 877 662 527 937 771 913 
 784 729 672 883 671 555 762 
 808 991 901 921 496 688 689 
 552 966 509 950 591 766 801 
 975 912 929 701 751 766 710 
 767 724 514 
 574 345 861 578 448 497 583 
 279 165 210 688 206 685 127 
 715 171 277 666 813 829 923 
 85 910 617 131 626 927 236 
 455 931 650 541 583 313 407 
 76 878 893 573 61 464 759 
 914 658 21 482 768 947 399 
 148 904 599 163 159 116 824 
 953 121 734 431 227 987 153 
 197 655 619 283 669 189 338 
 919 162 167 149 564 379 236 
 356 400 241 131 356 458 829 
 287 237 946 737 519 491 129 
 93 890 37 295 774 365 776 
 800 886 389 920 30 526 779 
 299 286 603 162 918 410 371 
 89 891 497 727 456 377 632 
 790 365 435 87 749 45 300 
 316 928 905 543 999 615 862 
 664 426 608 98 145 223 153 
 703 503 943 331 113 209 614 
 860 975 803 288 157 716 662 
 153 518 130 229 799 59 459 
 1000 952 567 992 225 43 306 
 774 176 784 908 67 79 791 
 391 963 245 593 390 147 138 
 368 759 482 671 367 578 891 
 379 977 774 668 244 227 584 
 539 196 160 259 445 896 641 
 414 71 87 625 264 624 255 
 785 836 652 175 744 188 33 
 739 264 535 447 235 729 659 
 555 155 655 633 336 336 474 
 315 209 128 961 37 297 830 
 766 406 231 280 503 542 938 
 873 170 85 888 468 413 55 
 151 223 281 273 904 932 797 
 970 750 806 25 601 850 480 
 177 739 707 549 645 249 912 
 911 91 211 62 360 508 760 
 328 706 110 392 729 399 39 
 919 651 791 780 514 989 165 
 37 151 70 577 985 838 796 
 651 576 433 715 756 156 213 
 150 397 39 502 783 620 683 
 164 751 986 755 111 724 269 
 693 475 565 678 309 275 31 
 362 576 783 365 713 285 110 
 376 208 803 667 636 215 154 
 879 911 162 187 881 552 912 
 831 103 435 381 888 723 599 
 8 57 263 115 27 639 79 
 356 174 844 640 88 747 632 
 356 255 911 126 363 519 69 
 479 344 308 202 545 361 857 
 232 981 188 745 451 147 73 
 628 85 662 124 947 714 743 
 591 498 564 506 657 583 284 
 875 473 407 860 143 249 35 
 119 58 323 445 941 851 692 
 501 8 553 946 561 600 860 
 607 920 878 812 43 174 707 
 322 307 805 230 432 403 295 
 608 26 348 286 24 177 942 
 647 948 643 348 898 310 364 
 331 363 651 946 648 670 146 
 300 516 908 473 472 96 103 
 654 247 856 359 400 241 289 
 219 980 55 74 599 942 229 
 933 576 462 84 418 936 334 
 664 423 818 397 566 41 180 
 477 844 481 
 271 556 342 975 696 644 395 
 312 532 451 28 391 590 163 
 512 277 248 895 96 608 874 
 834 22 700 669 679 387 860 
 159 119 821 206 404 871 925 
 418 393 997 362 481 760 70 
 7 237 666 170 661 109 160 
 282 897 509 688 350 755 607 
 992 441 883 419 931 49 820 
 447 974 703 85 48 690 971 
 276 988 511 637 626 932 29 
 771 804 213 402 158 630 241 
 882 635 864 400 930 602 822 
 680 578 768 288 900 686 557 
 254 472 51 789 770 385 466 
 351 786 540 334 327 404 269 
 901 763 321 900 112 688 380 
 926 466 410 851 809 867 494 
 866 389 618 104 48 739 860 
 763 739 815 839 348 114 101 
 925 749 118 13 353 970 872 
 790 27 597 833 91 123 586 
 499 720 718 66 994 634 924 
 953 426 410 726 990 112 480 
 456 165 808 863 370 965 634 
 309 598 818 835 422 657 699 
 245 229 722 18 709 763 44 
 805 376 411 291 343 997 251 
 176 581 9 11 444 505 253 
 818 158 225 903 613 477 516 
 876 590 28 418 672 198 464 
 457 3 803 443 814 443 88 
 15 450 17 543 193 201 885 
 95 771 472 177 701 464 22 
 375 508 668 207 305 525 851 
 425 899 748 550 127 315 912 
 437 286 660 161 928 851 317 
 470 220 65 390 13 941 107 
 723 922 687 942 527 404 229 
 436 546 434 758 944 974 993 
 323 885 229 138 1 660 755 
 717 239 57 682 264 614 173 
 969 174 67 618 612 400 150 
 584 34 300 679 146 673 271 
 374 752 977 99 895 754 443 
 41 335 697 183 206 386 213 
 240 365 192 542 337 808 563 
 76 748 798 858 797 670 323 
 218 682 404 962 473 640 716 
 900 218 927 763 85 560 636 
 433 666 723 398 767 653 227 
 507 396 276 151 25 914 990 
 812 284 636 427 47 627 572 
 877 57 184 30 282 317 763 
 413 782 714 341 489 499 601 
 93 918 288 446 421 155 299 
 390 642 7 54 933 766 700 
 226 204 125 888 662 45 281 
 23 494 519 254 499 852 831 
 389 831 463 980 481 462 102 
 729 419 814 651 145 806 571 
 815 292 978 821 89 803 561 
 945 407 813 611 761 144 759 
 865 3 687 630 211 738 376 
 893 843 582 207 180 726 836 
 5 886 494 261 842 721 977 
 64 817 795 718 751 174 193 
 869 106 432 743 924 22 494 
 983 952 218 948 674 698 343 
 154 592 45 950 857 855 921 
 151 141 204 602 148 800 900 
 781 658 540 
 706 71 419 918 15 693 299 
 155 522 379 777 484 733 894 
 385 241 979 169 916 63 666 
 632 654 233 717 941 595 487 
 447 333 665 521 558 714 323 
 522 725 607 459 525 264 741 
 949 880 549 288 68 971 511 
 369 221 607 937 178 605 78 
 621 939 723 222 602 895 421 
 877 647 917 939 220 795 495 
 542 203 216 837 767 160 442 
 831 327 359 811 5 618 760 
 428 207 946 148 267 19 45 
 173 303 922 685 576 860 513 
 419 420 751 127 164 999 305 
 252 527 404 268 644 979 95 
 727 222 123 460 665 72 270 
 355 695 926 872 868 93 734 
 99 98 470 189 875 49 659 
 135 356 463 917 657 20 588 
 724 318 24 913 27 179 247 
 466 18 756 48 891 865 955 
 477 731 820 588 949 595 739 
 345 986 701 191 390 31 892 
 124 436 71 512 577 774 269 
 222 168 357 535 897 925 412 
 866 619 961 651 700 938 172 
 675 403 267 85 6 393 23 
 553 93 980 255 684 62 231 
 336 898 171 475 407 61 483 
 27 467 668 895 722 149 856 
 877 108 865 142 588 743 985 
 915 676 768 22 26 450 877 
 30 583 790 318 580 370 302 
 746 594 74 606 490 247 294 
 926 960 600 340 281 534 944 
 25 782 431 367 557 641 278 
 836 499 1000 272 442 724 893 
 946 355 438 126 833 656 263 
 325 262 132 460 928 110 996 
 199 296 538 198 724 722 739 
 236 27 48 356 191 163 749 
 365 155 699 730 923 367 927 
 3 369 673 372 488 868 683 
 892 189 274 408 368 137 248 
 781 681 967 893 695 565 750 
 698 640 978 337 470 809 92 
 373 91 447 662 462 98 933 
 601 264 407 517 624 470 740 
 350 776 573 983 435 176 14 
 227 754 564 694 727 632 816 
 572 545 324 871 519 88 250 
 610 966 179 468 71 837 933 
 840 759 162 374 308 733 387 
 864 498 559 758 422 699 638 
 837 436 669 550 199 198 524 
 997 344 514 562 275 148 885 
 54 893 710 303 221 241 58 
 990 747 777 452 274 432 256 
 263 109 27 629 925 777 384 
 891 362 615 513 348 343 467 
 221 465 503 368 907 331 403 
 333 124 550 421 980 644 435 
 119 559 759 225 298 729 211 
 993 22 197 1 622 372 930 
 835 262 28 609 732 596 231 
 196 754 873 221 870 301 543 
 612 154 413 851 61 861 893 
 36 494 906 697 480 207 177 
 872 369 173 856 313 762 464 
 797 424 621 701 280 533 928 
 787 795 400 
 74 694 430 447 161 501 588 
 843 97 420 144 910 923 344 
 229 173 292 182 288 677 561 
 498 454 447 99 913 181 155 
 358 205 716 125 609 364 609 
 882 189 911 878 441 46 275 
 58 18 219 850 593 672 389 
 446 699 934 361 531 197 850 
 358 570 338 275 485 204 736 
 844 451 789 906 62 448 852 
 129 647 205 500 145 397 111 
 924 236 265 966 646 745 531 
 252 746 978 737 334 776 841 
 991 316 224 760 981 440 233 
 650 75 137 363 5 782 124 
 862 317 399 103 318 463 672 
 933 701 194 198 545 343 173 
 108 35 268 120 909 547 791 
 652 552 489 433 513 985 448 
 341 436 220 733 833 597 352 
 851 34 1 508 740 860 693 
 101 240 843 725 555 542 253 
 791 79 330 684 843 236 348 
 756 887 64 957 929 844 1 
 495 822 890 328 236 925 148 
 447 907 378 539 849 561 782 
 75 494 701 36 48 595 274 
 997 190 235 75 971 203 328 
 464 56 918 455 483 100 211 
 607 824 329 694 288 24 839 
 371 867 884 14 159 469 506 
 160 33 690 138 378 653 180 
 797 549 614 769 226 201 841 
 573 303 876 762 445 641 133 
 159 654 292 532 246 713 42 
 646 176 848 484 265 466 877 
 906 723 615 222 250 595 312 
 354 417 164 598 403 869 61 
 85 841 862 546 97 67 912 
 680 868 996 90 99 823 894 
 467 696 717 642 786 481 30 
 947 170 380 208 29 439 458 
 133 121 236 664 373 5 655 
 24 322 101 459 604 517 764 
 4 584 828 697 896 196 800 
 450 370 420 575 457 670 880 
 791 177 843 218 885 726 460 
 396 697 887 109 341 146 229 
 45 863 424 273 216 322 414 
 935 746 678 75 437 11 787 
 429 289 164 936 965 229 173 
 829 632 580 437 370 10 417 
 766 291 379 212 158 882 398 
 59 78 859 534 650 832 453 
 856 555 443 454 798 36 374 
 556 977 290 894 691 572 937 
 135 633 144 961 628 218 859 
 240 287 20 663 98 935 523 
 708 8 276 538 261 428 628 
 238 387 880 859 451 492 209 
 925 522 705 575 131 633 810 
 169 614 249 922 794 527 806 
 323 342 282 656 415 467 806 
 580 595 655 749 42 932 902 
 252 965 822 808 873 596 296 
 700 232 451 138 359 868 64 
 170 482 45 399 593 487 71 
 925 168 913 916 628 273 582 
 374 91 896 238 487 842 854 
 888 36 201 337 809 158 638 
 597 900 686 128 465 504 315 
 663 569 436 
 478 239 975 291 712 665 825 
 528 64 88 8 384 342 300 
 661 994 934 408 84 63 165 
 379 542 296 125 921 632 420 
 881 863 533 839 831 601 107 
 370 600 611 960 20 65 290 
 28 732 895 880 427 340 5 
 841 824 140 45 257 739 867 
 856 473 830 150 125 894 339 
 551 683 256 334 348 62 251 
 737 332 315 272 907 962 68 
 136 448 191 379 677 342 153 
 967 561 69 837 311 139 644 
 438 505 125 260 939 272 774 
 686 178 649 304 626 943 437 
 626 702 882 317 715 203 483 
 638 339 918 38 633 978 60 
 710 842 516 762 156 243 555 
 679 45 296 507 227 12 754 
 427 908 612 511 729 893 427 
 936 202 285 896 360 572 95 
 555 821 828 583 430 257 758 
 528 767 709 585 630 187 602 
 54 982 290 303 675 351 236 
 306 276 759 359 63 349 629 
 622 968 671 683 592 146 368 
 695 453 284 569 853 329 271 
 318 255 126 798 871 775 580 
 298 505 530 528 44 444 77 
 261 368 74 588 756 415 181 
 751 629 761 789 796 907 876 
 668 914 257 439 722 114 599 
 877 663 926 506 346 772 670 
 870 639 264 655 148 365 932 
 930 676 803 965 102 505 192 
 684 933 200 672 327 615 94 
 726 238 112 852 589 149 250 
 123 591 805 411 391 690 17 
 260 790 405 944 231 733 462 
 903 334 422 737 276 35 947 
 1000 371 123 674 253 401 337 
 342 304 906 828 777 17 563 
 968 427 21 534 694 153 841 
 768 18 486 639 964 8 171 
 531 494 446 742 876 871 639 
 723 211 988 453 733 917 989 
 4 939 145 638 974 594 608 
 199 554 726 167 692 164 473 
 806 596 483 367 14 433 317 
 384 772 756 323 330 96 870 
 539 433 708 775 617 904 869 
 95 477 412 652 877 867 894 
 185 475 421 972 587 565 616 
 524 234 54 753 952 617 665 
 134 176 244 624 556 826 182 
 423 772 866 855 861 333 681 
 807 56 223 399 230 741 956 
 705 599 658 759 976 543 788 
 202 431 258 327 297 763 528 
 225 344 272 529 109 837 839 
 606 801 581 177 651 702 943 
 274 246 819 282 670 608 744 
 528 421 830 699 528 86 535 
 21 996 724 194 817 622 339 
 631 98 443 201 234 714 142 
 348 447 106 147 983 481 436 
 559 309 376 177 802 145 358 
 20 938 387 672 507 446 51 
 492 713 224 875 823 133 951 
 150 84 32 47 922 451 569 
 682 46 487 721 363 36 814 
 629 190 334 
 159 150 57 783 117 402 664 
 560 813 393 163 399 897 279 
 753 783 410 356 977 603 304 
 949 125 111 193 737 77 12 
 290 323 868 690 873 658 620 
 698 775 34 858 427 550 968 
 802 409 565 919 505 20 238 
 222 492 302 636 886 852 114 
 526 180 806 373 165 731 203 
 350 444 511 244 301 468 121 
 268 724 469 254 147 680 996 
 918 590 374 431 29 32 141 
 769 571 502 191 22 219 461 
 463 413 646 132 506 889 614 
 193 198 14 562 165 43 876 
 468 319 659 45 459 193 251 
 389 417 916 750 942 212 444 
 998 57 118 139 602 772 411 
 783 710 63 270 379 278 612 
 874 550 640 913 225 85 539 
 559 511 689 116 656 123 113 
 971 619 570 310 87 775 844 
 48 622 897 851 619 106 590 
 183 57 333 686 595 686 594 
 798 309 631 489 236 824 792 
 561 9 586 471 386 185 957 
 763 834 929 533 508 795 132 
 413 529 734 238 762 364 970 
 885 277 335 115 50 209 946 
 419 68 705 172 2 367 647 
 949 20 246 931 196 974 574 
 722 22 137 278 258 969 690 
 775 278 388 935 240 23 823 
 466 262 277 209 219 197 240 
 533 982 418 545 388 178 332 
 910 265 373 374 346 671 872 
 821 633 891 662 577 708 256 
 19 542 489 134 574 96 32 
 242 447 457 301 540 407 458 
 456 812 602 426 22 889 717 
 993 277 486 735 707 34 974 
 1 93 427 49 686 969 348 
 358 889 290 698 214 712 367 
 313 425 236 319 725 820 13 
 968 250 22 288 471 556 541 
 904 335 46 699 349 842 980 
 191 679 689 359 541 57 187 
 364 173 62 439 947 916 324 
 673 327 661 107 318 827 805 
 492 153 855 394 297 257 501 
 41 473 880 310 753 184 556 
 995 227 479 131 821 350 521 
 337 731 700 121 33 711 999 
 92 61 768 721 330 453 317 
 877 812 249 782 705 732 103 
 530 456 591 347 583 530 988 
 74 262 786 89 413 674 34 
 666 678 652 73 848 699 177 
 208 395 93 182 312 551 312 
 825 427 616 16 687 132 342 
 295 700 984 470 41 278 473 
 278 780 104 134 590 264 935 
 308 767 194 407 971 405 400 
 163 593 900 828 582 207 435 
 121 229 493 11 855 473 461 
 174 126 397 514 272 396 132 
 16 886 751 671 240 217 961 
 593 210 137 238 835 729 145 
 175 95 308 863 68 237 130 
 991 635 350 27 708 499 548 
 358 766 519 654 191 443 867 
 213 517 542 
 336 424 692 263 544 711 911 
 87 648 345 955 930 504 30 
 52 346 468 260 312 272 863 
 595 637 666 20 351 132 899 
 485 776 202 525 112 907 610 
 279 93 6 212 38 999 710 
 940 493 453 257 610 349 872 
 218 909 194 531 264 95 387 
 764 222 646 863 12 744 240 
 1000 303 530 956 809 964 265 
 280 983 437 813 782 304 244 
 37 805 318 57 257 441 626 
 885 990 355 16 533 748 734 
 695 696 206 686 933 79 102 
 753 301 79 39 714 880 88 
 527 498 171 739 891 285 478 
 686 192 798 544 615 370 922 
 923 569 264 196 187 553 113 
 246 110 63 983 986 563 894 
 976 692 970 538 580 136 30 
 412 506 42 333 111 160 593 
 356 711 174 947 146 567 586 
 560 651 743 354 734 985 103 
 548 439 762 239 893 571 397 
 594 714 239 409 574 434 251 
 827 140 544 477 990 543 34 
 695 7 911 619 153 831 427 
 984 382 760 968 725 855 660 
 179 77 290 352 216 923 616 
 196 537 236 665 648 501 49 
 360 37 710 53 846 32 905 
 282 264 527 139 228 304 841 
 112 227 779 376 459 913 735 
 469 820 55 571 871 757 567 
 988 459 147 394 883 147 493 
 967 424 190 77 280 212 899 
 721 941 954 149 217 549 483 
 621 286 256 603 355 279 973 
 439 42 459 252 731 134 717 
 619 718 94 402 449 868 730 
 644 101 815 699 548 452 436 
 45 882 971 38 469 12 59 
 542 594 920 22 285 605 473 
 282 591 824 539 781 32 248 
 791 803 731 106 277 319 151 
 39 141 184 40 399 395 862 
 478 582 294 745 543 513 991 
 936 205 887 169 122 376 584 
 861 719 26 335 619 267 677 
 983 568 224 332 390 482 33 
 860 524 36 302 864 754 90 
 138 711 882 196 166 23 506 
 522 795 773 752 460 58 628 
 909 382 252 321 537 565 192 
 432 586 237 528 176 476 470 
 226 527 831 202 231 334 747 
 927 478 362 973 276 566 888 
 870 958 277 29 416 648 331 
 320 384 540 150 321 513 837 
 364 614 287 119 818 521 558 
 965 647 811 830 800 424 575 
 623 552 98 166 692 741 33 
 686 361 58 714 818 116 918 
 274 367 725 18 406 980 733 
 25 815 935 503 323 715 655 
 361 584 341 509 154 5 223 
 938 480 344 373 319 144 90 
 313 998 605 346 293 668 60 
 356 685 659 797 755 736 889 
 594 524 394 562 549 270 348 
 582 852 130 638 714 707 295 
 825 143 221 
 530 671 229 394 392 255 118 
 24 499 401 450 673 30 654 
 694 352 888 349 35 811 538 
 117 632 134 729 278 815 590 
 42 470 640 176 465 268 223 
 541 848 454 110 175 936 155 
 803 64 256 424 463 423 808 
 107 532 305 524 873 299 472 
 673 176 512 15 954 939 783 
 721 591 985 644 773 426 741 
 763 666 689 947 739 114 299 
 919 340 280 747 901 82 400 
 285 88 25 3 675 603 423 
 919 389 881 583 856 909 869 
 963 97 63 513 998 313 856 
 248 469 246 245 98 428 522 
 241 594 672 440 867 320 672 
 917 981 160 810 910 629 31 
 774 709 953 137 69 499 845 
 188 463 988 141 626 79 326 
 568 169 96 807 362 754 860 
 281 936 380 440 999 449 150 
 49 876 641 838 125 304 637 
 172 729 169 854 502 606 155 
 14 354 770 424 499 893 744 
 454 326 350 87 987 683 625 
 723 929 238 581 165 377 618 
 837 667 953 408 759 360 509 
 857 206 66 638 788 871 854 
 125 655 581 267 839 582 213 
 976 62 452 202 943 211 812 
 558 598 717 670 885 394 863 
 786 849 722 429 774 604 284 
 157 152 482 594 222 410 794 
 826 697 721 416 729 522 43 
 340 325 709 475 888 596 944 
 367 781 864 300 900 562 759 
 50 750 249 964 488 257 498 
 831 249 294 411 77 126 639 
 662 728 126 945 217 284 878 
 836 12 358 313 964 717 365 
 190 876 955 990 469 151 548 
 537 231 167 23 53 719 522 
 633 939 812 1000 288 933 76 
 333 401 269 768 110 841 429 
 594 173 366 683 983 988 715 
 120 292 267 158 236 417 714 
 938 627 816 302 371 830 805 
 844 101 490 547 374 171 760 
 554 280 152 233 458 394 951 
 864 325 275 931 965 32 537 
 286 253 368 339 986 802 540 
 226 393 963 511 516 541 885 
 994 623 127 965 771 940 120 
 378 624 483 713 756 618 617 
 162 452 481 929 925 811 531 
 248 544 242 563 879 484 749 
 163 430 217 22 779 853 422 
 123 13 754 162 279 254 449 
 747 169 460 966 65 926 175 
 564 82 167 945 795 227 187 
 765 532 212 394 122 76 137 
 687 772 297 455 203 998 152 
 21 305 250 826 861 173 204 
 347 535 611 322 480 853 769 
 12 331 748 60 306 144 927 
 371 570 13 243 6 591 876 
 715 436 808 480 913 399 725 
 1000 952 104 866 86 797 74 
 874 711 583 632 722 48 522 
 397 554 365 536 648 356 105 
 650 291 290 
 661 937 856 345 545 455 922 
 536 882 700 564 822 121 314 
 68 294 208 167 269 660 747 
 366 848 317 531 492 688 80 
 289 99 200 438 252 177 684 
 178 66 894 114 513 537 32 
 647 504 387 182 689 720 611 
 822 920 307 762 495 475 915 
 968 501 220 774 339 40 35 
 811 633 276 715 628 534 183 
 95 697 483 964 482 240 732 
 898 448 799 552 243 625 197 
 503 829 223 411 158 355 236 
 62 105 553 981 625 12 322 
 699 213 506 673 96 104 930 
 529 692 414 5 125 971 922 
 816 447 383 227 681 153 148 
 311 267 93 991 624 738 653 
 869 912 750 258 189 742 152 
 885 534 30 541 310 863 538 
 892 232 759 387 874 769 763 
 653 384 722 185 93 689 307 
 6 268 694 988 644 840 966 
 276 697 383 174 738 632 907 
 668 676 912 252 923 450 199 
 304 653 257 292 323 469 889 
 455 751 272 142 993 698 38 
 679 130 857 164 585 303 200 
 350 856 336 983 119 10 490 
 484 161 716 89 459 75 584 
 763 981 862 477 885 715 14 
 526 535 369 136 710 567 387 
 608 248 278 313 527 960 628 
 178 623 784 971 825 510 597 
 574 610 676 902 1000 891 869 
 943 589 162 140 401 105 707 
 662 231 770 526 178 577 694 
 434 162 241 980 156 898 951 
 764 925 715 829 446 30 750 
 682 555 749 25 678 557 245 
 795 34 279 886 895 332 508 
 186 283 901 889 171 709 292 
 138 556 50 551 309 558 54 
 85 376 664 747 644 243 539 
 778 707 126 90 882 470 593 
 748 651 733 125 414 713 636 
 925 723 234 336 796 228 406 
 639 5 862 881 436 917 734 
 338 364 681 140 808 757 815 
 802 153 543 846 187 586 625 
 148 540 486 981 131 116 408 
 70 530 531 286 55 53 259 
 387 355 269 673 883 668 677 
 258 708 188 257 693 656 333 
 335 765 661 65 914 867 537 
 616 866 965 671 821 798 32 
 859 960 381 375 836 17 511 
 121 662 393 838 723 300 529 
 964 355 288 311 387 560 907 
 508 711 906 795 78 220 317 
 767 318 398 509 587 761 180 
 352 28 231 836 230 947 469 
 269 193 554 243 559 284 472 
 357 595 85 964 650 706 147 
 570 918 542 974 584 456 547 
 248 552 186 907 231 140 204 
 852 592 931 840 338 450 973 
 195 83 256 783 512 511 140 
 472 748 644 820 936 241 987 
 630 779 835 340 747 825 980 
 282 876 114 616 742 310 724 
 232 908 104 
 597 416 456 487 255 527 255 
 422 215 65 453 134 116 630 
 897 111 311 920 522 708 166 
 207 520 279 736 244 643 162 
 200 160 109 121 611 338 710 
 473 608 707 674 449 745 730 
 172 738 790 293 649 63 516 
 110 181 116 255 178 103 256 
 629 568 35 971 846 454 330 
 830 965 562 524 381 16 675 
 345 102 455 806 490 790 94 
 919 419 959 266 742 589 627 
 229 293 772 751 185 235 45 
 1 143 962 462 920 453 624 
 691 893 345 71 412 621 808 
 989 975 195 316 516 806 167 
 505 15 593 641 215 433 2 
 300 941 525 147 955 793 316 
 655 669 170 459 186 127 914 
 552 746 837 572 680 539 761 
 505 107 515 879 482 834 458 
 302 956 565 63 31 199 423 
 994 355 886 469 326 182 52 
 635 331 717 194 630 948 176 
 123 679 45 112 860 268 674 
 183 820 270 327 194 727 674 
 956 432 337 544 125 855 965 
 853 386 459 107 961 788 501 
 188 528 954 189 373 417 934 
 544 805 128 978 455 910 259 
 226 181 645 295 945 583 802 
 672 650 625 566 755 13 324 
 648 572 709 297 509 558 123 
 20 75 798 293 329 916 62 
 852 199 219 442 57 799 127 
 748 325 691 650 528 634 343 
 145 943 645 729 290 845 519 
 431 767 49 616 404 516 591 
 859 250 761 534 216 47 816 
 394 604 864 974 370 353 22 
 706 232 485 130 310 42 218 
 682 24 251 594 136 256 648 
 857 903 592 499 480 765 829 
 257 22 455 310 788 69 96 
 441 585 316 502 400 303 490 
 314 662 387 934 854 381 734 
 422 693 426 20 998 507 503 
 394 652 609 294 263 485 471 
 382 535 226 262 240 831 304 
 349 470 965 354 968 256 171 
 486 439 422 103 139 588 252 
 844 990 498 289 317 750 726 
 558 599 550 270 319 412 268 
 572 771 799 827 673 723 539 
 124 674 68 833 605 60 356 
 637 224 982 559 888 746 746 
 526 940 799 267 940 633 192 
 622 177 362 34 976 122 30 
 965 412 271 352 498 457 530 
 134 746 164 160 713 573 851 
 697 169 977 789 631 638 399 
 130 984 982 884 654 852 266 
 709 636 606 551 296 628 834 
 293 818 317 994 313 164 25 
 649 178 196 75 940 22 356 
 449 91 419 101 953 619 581 
 130 549 81 403 893 454 686 
 239 658 210 437 257 541 230 
 37 234 75 273 175 513 283 
 46 479 800 123 679 698 228 
 34 817 300 383 394 156 902 
 453 529 776 
 818 456 620 406 406 4 770 
 147 922 242 497 206 234 133 
 67 131 962 174 478 791 852 
 176 510 547 634 659 939 148 
 429 801 514 992 610 114 781 
 824 911 695 722 302 369 464 
 404 870 322 319 267 908 493 
 297 884 689 490 8 953 941 
 151 698 526 787 845 462 784 
 399 894 676 238 432 655 193 
 261 62 18 117 341 746 544 
 358 644 696 400 408 606 637 
 618 403 898 776 371 570 643 
 698 638 621 995 805 190 158 
 119 790 718 763 130 843 965 
 664 43 370 539 98 910 791 
 628 300 100 723 318 978 530 
 804 732 902 113 866 136 397 
 378 762 475 825 47 282 485 
 69 722 732 763 122 47 639 
 555 628 121 696 648 244 389 
 163 277 212 448 521 132 100 
 417 865 740 775 582 727 876 
 260 376 420 106 941 541 867 
 650 290 153 575 144 899 980 
 661 84 368 458 533 183 289 
 61 863 153 124 371 632 153 
 210 599 970 513 832 487 844 
 111 917 971 518 556 521 889 
 27 698 568 304 908 248 281 
 91 233 101 794 729 278 69 
 719 518 927 151 790 836 203 
 194 692 799 250 331 629 43 
 775 96 950 814 203 610 922 
 325 870 676 678 799 22 397 
 478 924 422 144 876 667 406 
 118 772 582 580 416 776 454 
 693 670 180 670 628 878 729 
 985 671 950 418 386 492 593 
 504 359 22 513 494 229 927 
 256 444 354 548 206 579 5 
 532 361 573 93 591 105 538 
 643 350 663 99 721 54 24 
 215 480 924 141 22 43 944 
 960 929 877 401 46 286 682 
 195 408 36 152 699 903 355 
 388 487 682 144 868 653 665 
 779 72 410 975 338 711 527 
 690 513 923 627 554 504 747 
 427 75 746 717 778 786 670 
 184 928 905 944 42 980 755 
 302 431 994 22 578 652 82 
 555 513 62 405 295 808 30 
 968 951 410 833 103 358 561 
 16 321 246 642 445 581 847 
 415 184 31 515 250 996 35 
 629 319 37 541 285 335 934 
 638 469 291 197 992 112 935 
 773 196 831 178 478 743 459 
 511 854 225 506 925 46 729 
 690 631 413 721 766 610 69 
 85 60 98 71 50 874 363 
 983 81 836 72 319 217 422 
 366 653 22 241 774 748 635 
 504 884 51 752 152 786 104 
 900 170 380 850 905 543 266 
 632 137 168 208 445 212 458 
 212 873 191 444 676 430 492 
 409 94 343 333 227 788 424 
 605 6 693 445 932 799 805 
 749 16 472 936 891 443 926 
 561 439 954 
 461 684 713 815 199 445 425 
 619 385 535 734 349 210 612 
 349 688 730 960 622 920 303 
 612 397 27 727 139 765 952 
 948 478 781 233 786 447 1000 
 295 681 792 749 689 899 866 
 131 620 749 421 577 226 110 
 666 769 178 481 849 923 675 
 650 843 521 856 954 495 854 
 338 290 398 541 48 569 158 
 779 351 518 182 923 130 989 
 525 822 33 1 291 599 225 
 893 45 183 286 731 113 373 
 91 352 470 235 381 598 600 
 489 3 231 462 922 614 882 
 588 81 768 368 327 57 822 
 331 716 7 324 483 583 600 
 13 760 485 114 104 775 808 
 68 370 173 750 948 758 492 
 248 84 308 168 283 987 468 
 944 473 293 592 101 988 466 
 253 956 96 328 904 603 662 
 416 249 6 167 456 137 319 
 479 61 426 862 773 895 162 
 390 940 138 839 532 163 32 
 241 613 324 632 691 399 999 
 244 599 659 980 134 924 589 
 291 536 337 340 355 694 95 
 311 844 788 728 406 94 214 
 1 332 149 275 256 245 339 
 505 829 891 28 567 794 705 
 944 469 203 452 938 172 292 
 452 579 284 829 494 126 154 
 150 607 217 934 282 536 433 
 286 717 748 586 268 372 666 
 936 167 849 51 993 500 436 
 747 887 563 377 872 750 690 
 132 523 226 722 932 225 182 
 739 753 488 868 360 831 106 
 16 914 697 180 259 21 948 
 315 199 957 880 83 999 798 
 327 191 709 878 555 431 841 
 644 706 564 796 413 928 293 
 792 754 632 680 749 154 690 
 343 851 297 867 488 572 446 
 840 218 621 605 240 1000 855 
 465 556 472 218 871 160 233 
 36 387 598 438 92 523 511 
 900 74 742 448 221 819 194 
 742 330 53 455 826 906 950 
 600 571 38 829 411 870 824 
 621 852 109 446 509 206 227 
 635 977 221 219 736 446 148 
 275 637 584 177 69 441 452 
 354 23 818 436 734 599 806 
 902 627 672 886 99 67 499 
 189 760 294 790 52 902 894 
 101 763 954 652 756 31 356 
 206 167 262 280 389 431 851 
 543 688 733 417 282 602 884 
 978 19 956 561 53 500 490 
 241 241 644 854 94 861 389 
 488 913 603 359 504 254 999 
 682 225 954 283 590 405 206 
 520 810 472 400 108 230 758 
 422 167 74 747 738 283 994 
 679 492 446 712 462 747 473 
 904 560 368 238 505 101 8 
 156 145 94 376 602 30 20 
 94 277 203 978 804 33 297 
 897 187 409 65 439 720 79 
 978 798 1 
 218 15 358 143 98 462 442 
 217 429 793 459 196 223 116 
 911 812 635 123 79 17 693 
 849 420 698 539 448 239 258 
 86 252 834 861 332 109 377 
 337 539 736 16 717 750 205 
 700 978 247 647 153 380 792 
 261 559 502 721 579 139 360 
 49 359 678 483 869 925 552 
 558 769 778 130 536 826 608 
 7 316 223 70 816 858 379 
 668 169 828 811 138 944 524 
 71 270 831 774 539 727 317 
 825 899 629 817 460 704 4 
 625 450 61 597 710 101 640 
 859 768 100 393 861 33 701 
 676 361 258 705 767 107 79 
 978 762 800 820 845 256 861 
 372 982 234 486 902 384 886 
 319 302 834 250 596 548 560 
 371 538 926 519 596 786 487 
 262 599 209 652 757 156 376 
 506 230 557 52 610 982 141 
 5 728 466 548 95 606 321 
 988 322 179 454 696 482 915 
 474 465 822 949 307 968 329 
 662 103 923 274 801 190 720 
 35 267 59 667 595 368 720 
 599 644 328 276 478 397 646 
 590 128 109 942 38 101 428 
 156 240 579 154 405 520 646 
 627 551 900 275 41 495 788 
 739 376 885 762 663 855 49 
 921 800 964 965 136 428 236 
 368 659 311 581 654 589 743 
 4 520 952 134 53 172 520 
 285 774 557 954 741 715 72 
 32 669 783 468 226 490 183 
 647 83 498 383 128 225 823 
 576 17 10 540 672 528 319 
 113 24 41 873 190 803 134 
 318 513 532 985 330 152 653 
 463 829 237 767 237 321 12 
 468 576 904 286 958 550 983 
 658 813 597 820 537 27 334 
 145 431 864 17 918 816 300 
 944 352 952 88 491 419 488 
 979 7 561 713 277 710 768 
 338 590 820 580 322 20 774 
 561 812 566 723 111 54 628 
 112 931 864 506 532 314 677 
 113 424 589 74 332 29 106 
 953 602 410 168 541 352 660 
 1 363 52 756 157 732 698 
 607 602 181 399 505 349 331 
 191 62 863 615 454 246 441 
 822 193 566 158 620 562 134 
 434 142 213 398 37 916 534 
 583 735 81 30 187 116 235 
 186 92 836 40 946 646 473 
 750 242 356 592 705 410 219 
 971 443 750 288 100 845 621 
 625 74 424 97 710 561 97 
 955 391 971 480 628 491 801 
 575 612 355 671 747 235 266 
 562 692 384 11 394 685 389 
 392 680 810 342 967 86 164 
 702 706 481 710 648 178 848 
 252 534 124 857 440 884 62 
 648 501 897 602 151 672 834 
 71 708 985 871 80 428 885 
 163 238 715 
 489 12 555 713 230 70 237 
 19 424 647 599 135 292 170 
 367 422 52 861 402 599 452 
 729 183 175 753 757 630 810 
 607 953 590 351 824 859 353 
 55 267 500 288 349 706 111 
 638 970 778 967 902 367 208 
 622 587 658 832 357 467 28 
 5 774 202 32 199 66 136 
 820 896 708 539 445 44 698 
 315 828 652 471 71 674 2 
 554 794 452 617 148 188 55 
 300 252 2 19 291 587 374 
 511 109 942 20 768 505 726 
 506 97 778 513 261 273 117 
 207 915 767 988 228 435 6 
 1000 40 118 192 496 808 669 
 28 5 955 528 407 705 500 
 114 204 523 714 989 204 603 
 577 406 396 261 198 529 280 
 448 604 947 947 148 298 473 
 748 821 897 308 295 378 878 
 1 89 44 284 321 960 662 
 407 374 630 345 536 456 197 
 853 260 154 455 551 83 248 
 556 157 625 925 146 58 710 
 326 652 178 989 240 667 172 
 551 810 765 939 942 386 287 
 819 593 681 571 427 74 446 
 506 919 80 755 473 963 125 
 793 716 983 455 556 291 13 
 552 574 462 523 108 477 401 
 440 390 708 527 225 497 82 
 776 665 559 404 627 98 795 
 612 162 806 303 278 296 292 
 893 934 995 795 302 443 306 
 288 620 249 781 327 455 826 
 678 755 786 691 123 478 731 
 446 984 855 285 762 983 767 
 830 996 8 369 567 819 142 
 509 375 703 702 275 694 320 
 409 63 10 413 44 522 12 
 267 820 922 543 330 491 646 
 550 646 584 460 546 906 106 
 823 342 140 3 745 772 321 
 204 820 27 607 916 721 630 
 21 673 92 278 603 130 589 
 883 1000 498 616 445 431 509 
 879 229 617 127 949 329 553 
 137 865 732 914 499 644 866 
 65 992 139 756 313 820 491 
 240 986 983 376 270 745 638 
 595 842 87 662 783 516 617 
 815 195 425 210 2 68 591 
 210 91 458 475 140 452 535 
 531 602 487 894 339 202 361 
 554 160 501 447 105 398 76 
 770 773 753 505 426 537 613 
 62 876 163 390 352 387 357 
 903 545 704 660 964 544 113 
 237 30 833 842 931 410 316 
 509 425 88 822 923 287 683 
 834 121 567 126 22 936 188 
 337 829 77 968 750 255 283 
 570 302 747 185 841 90 423 
 896 851 811 653 616 683 368 
 87 567 535 987 196 874 869 
 746 801 415 97 271 777 55 
 528 166 743 551 465 122 394 
 329 248 78 550 820 34 788 
 857 232 768 319 589 744 332 
 208 134 565 
 948 44 608 671 377 968 747 
 195 270 322 977 226 777 239 
 85 215 460 339 52 502 504 
 932 616 637 254 965 312 852 
 334 363 306 588 763 370 611 
 889 52 373 868 575 115 167 
 725 622 547 565 534 188 164 
 464 498 191 358 539 266 15 
 407 185 506 117 965 331 477 
 310 730 164 314 381 522 597 
 684 788 670 975 482 409 654 
 253 331 641 968 669 487 261 
 995 538 326 294 178 875 913 
 425 25 465 66 539 185 579 
 180 819 492 617 618 867 231 
 266 241 620 282 550 717 868 
 472 651 652 145 887 256 892 
 914 207 484 310 185 315 444 
 903 131 457 86 706 163 432 
 648 207 354 318 647 26 880 
 919 641 579 678 661 889 817 
 171 346 958 942 754 126 707 
 968 238 545 956 397 845 488 
 245 348 573 728 2 171 234 
 603 974 588 171 893 877 151 
 855 510 184 606 491 989 844 
 866 672 184 96 656 942 661 
 554 372 955 752 561 129 729 
 763 464 806 3 751 424 248 
 302 837 547 311 391 450 119 
 906 616 502 976 169 266 156 
 685 406 90 983 189 763 475 
 872 930 34 439 761 682 55 
 365 577 653 518 977 990 802 
 587 22 67 295 102 884 415 
 356 2 346 969 823 514 530 
 133 286 691 95 160 191 847 
 639 19 775 279 1000 889 707 
 709 956 359 266 620 228 401 
 631 841 294 791 920 399 998 
 10 880 771 702 40 364 83 
 13 920 808 79 321 671 191 
 413 564 647 812 862 127 563 
 428 698 161 482 296 268 134 
 302 235 734 448 580 543 2 
 174 241 880 53 175 73 958 
 275 604 391 387 346 457 35 
 816 49 738 751 479 221 253 
 960 545 23 587 156 805 335 
 966 208 517 759 106 807 761 
 823 731 834 904 707 970 690 
 914 774 518 390 814 70 860 
 452 476 4 144 242 650 546 
 431 402 535 875 33 879 57 
 625 249 882 264 33 274 35 
 462 911 721 384 29 577 869 
 574 455 524 927 963 946 977 
 681 656 900 4 496 391 497 
 138 337 496 204 681 253 218 
 347 133 444 964 929 454 523 
 129 619 514 533 69 169 507 
 498 419 50 945 226 986 902 
 62 280 315 161 324 310 651 
 781 503 53 336 141 57 785 
 901 689 633 166 422 276 458 
 581 810 175 77 957 28 347 
 367 577 936 817 184 869 438 
 474 512 360 392 397 466 712 
 362 940 782 889 278 909 775 
 267 757 225 929 295 494 239 
 856 47 302 102 41 48 435 
 52 793 640 
 328 705 895 871 991 211 907 
 656 730 672 467 20 984 5 
 705 803 776 857 558 393 431 
 913 965 106 362 210 952 389 
 98 568 114 169 625 600 313 
 971 641 935 426 667 943 970 
 617 186 594 250 511 340 886 
 965 626 341 159 533 484 828 
 862 503 195 866 228 644 99 
 321 42 303 253 460 452 530 
 422 355 577 865 920 139 908 
 395 777 807 104 812 829 113 
 437 221 828 270 532 214 747 
 181 820 40 732 550 362 125 
 317 418 530 276 488 454 281 
 21 408 303 646 745 118 492 
 980 527 671 126 177 414 606 
 81 939 974 464 319 855 373 
 956 209 209 778 982 133 130 
 3 552 757 773 575 528 917 
 217 691 111 275 444 405 839 
 772 515 802 458 731 187 120 
 82 168 934 506 52 474 743 
 911 611 100 501 793 733 720 
 79 295 537 359 251 106 900 
 396 654 911 670 955 507 624 
 55 125 757 619 984 896 650 
 856 723 881 965 571 978 97 
 809 278 185 624 830 348 178 
 284 302 413 588 919 684 444 
 75 483 434 441 262 919 895 
 608 435 647 818 854 10 557 
 177 207 436 570 912 177 322 
 571 426 838 772 555 377 588 
 312 36 374 268 919 980 263 
 61 279 201 459 158 810 773 
 406 253 377 992 293 202 288 
 713 121 155 56 330 644 38 
 983 781 940 392 704 298 634 
 120 874 742 650 842 265 347 
 72 973 135 602 838 820 392 
 33 760 109 416 460 436 267 
 564 189 26 619 963 11 608 
 368 427 851 218 367 796 809 
 171 467 645 397 502 694 80 
 438 459 643 46 120 98 879 
 113 189 545 281 286 100 726 
 653 135 571 755 613 874 894 
 948 546 652 429 162 325 107 
 679 517 360 429 329 371 827 
 364 284 899 632 790 554 129 
 54 158 374 967 686 876 462 
 911 238 469 58 418 360 827 
 826 344 434 370 185 262 948 
 616 531 64 260 169 919 596 
 889 501 116 250 689 379 613 
 741 587 906 197 59 444 596 
 265 131 682 280 503 659 826 
 347 963 647 65 415 275 249 
 381 247 7 924 873 415 483 
 966 611 646 312 416 238 128 
 262 871 142 974 329 824 15 
 157 870 741 12 518 420 962 
 24 786 539 326 414 644 430 
 691 673 348 703 484 27 455 
 327 664 846 792 586 475 868 
 516 892 607 335 944 614 909 
 128 91 94 262 1000 803 274 
 152 368 672 354 9 80 763 
 800 236 161 493 105 230 92 
 255 609 456 871 165 184 898 
 483 313 862 
 708 791 73 575 211 642 648 
 639 501 802 909 844 366 287 
 237 542 110 326 249 152 929 
 287 64 515 548 487 130 566 
 416 3 746 256 600 936 665 
 585 778 461 690 771 375 292 
 193 789 482 885 994 137 915 
 546 475 402 113 448 873 160 
 481 66 115 758 721 533 673 
 874 739 516 866 970 1 905 
 872 551 461 503 861 203 990 
 635 833 73 914 236 650 312 
 510 454 451 144 902 283 88 
 536 445 724 871 773 499 802 
 942 636 994 591 555 833 367 
 811 744 927 289 232 43 278 
 59 756 519 771 385 122 213 
 346 915 55 280 805 293 317 
 531 58 178 82 883 613 708 
 534 979 682 925 215 707 697 
 83 540 952 423 758 787 626 
 721 840 435 992 552 81 624 
 652 595 503 994 422 199 296 
 429 945 758 95 687 496 674 
 656 427 110 769 220 288 304 
 622 875 328 475 931 517 545 
 196 289 110 246 964 994 925 
 603 264 485 755 235 186 823 
 788 633 873 290 535 16 809 
 599 781 675 490 266 427 396 
 833 833 895 773 881 596 708 
 728 703 988 710 391 584 876 
 757 370 852 616 881 661 991 
 592 690 29 459 163 220 766 
 15 954 652 790 501 683 294 
 70 286 723 266 662 390 848 
 850 542 632 844 580 565 759 
 74 848 690 609 13 9 603 
 909 332 299 96 30 728 16 
 94 6 562 338 325 460 124 
 96 961 273 510 874 873 461 
 301 802 561 685 490 1000 808 
 137 801 532 889 574 340 849 
 297 32 906 134 445 910 443 
 724 361 635 1 967 17 863 
 966 916 136 314 671 615 121 
 436 219 649 40 93 107 987 
 823 599 242 774 474 469 249 
 310 763 267 897 451 867 154 
 528 869 308 705 871 650 17 
 5 353 969 554 317 276 19 
 41 645 365 95 894 392 685 
 50 363 597 262 841 518 629 
 315 590 2 242 858 180 332 
 839 171 587 70 303 189 969 
 494 431 501 799 404 611 214 
 959 606 857 447 726 867 623 
 423 941 969 349 217 591 23 
 771 351 803 369 801 168 311 
 783 552 762 944 53 75 790 
 587 888 381 502 675 550 929 
 662 153 826 332 421 516 617 
 739 715 134 424 492 879 490 
 18 158 64 478 579 743 168 
 373 430 577 470 521 886 300 
 820 27 798 809 524 755 945 
 924 456 925 825 143 280 41 
 800 270 755 289 896 439 345 
 281 515 285 174 496 609 65 
 159 40 261 55 506 487 743 
 889 887 564 167 710 168 448 
 198 400 978 
 906 445 385 801 865 634 739 
 932 518 581 930 294 937 823 
 858 368 425 974 983 334 216 
 328 896 896 380 533 651 709 
 358 130 383 463 696 823 460 
 282 872 720 883 498 63 404 
 77 550 545 391 845 432 258 
 456 532 594 61 513 287 592 
 611 786 355 903 845 101 924 
 521 379 31 537 973 888 355 
 191 913 91 78 239 639 854 
 650 105 817 733 3 797 12 
 94 43 782 605 970 302 773 
 622 791 301 191 758 299 100 
 533 860 176 594 247 570 83 
 563 344 538 626 487 55 273 
 576 384 755 829 75 214 61 
 160 240 394 506 642 531 781 
 775 912 872 230 483 134 760 
 974 434 525 125 756 431 893 
 4 806 535 985 589 462 30 
 493 452 873 139 841 277 774 
 802 786 89 603 69 541 283 
 254 297 267 513 118 329 890 
 379 184 190 865 893 64 721 
 961 644 574 590 429 362 652 
 993 824 9 857 21 552 945 
 615 960 102 323 476 72 402 
 65 898 308 905 3 79 418 
 822 115 37 748 266 451 687 
 586 35 627 432 630 645 669 
 923 170 179 500 449 369 339 
 624 63 711 429 738 275 242 
 170 839 842 334 644 415 212 
 17 394 259 938 515 688 65 
 180 19 432 95 188 138 882 
 145 290 712 892 586 119 72 
 978 539 689 268 341 191 505 
 728 651 530 933 192 362 925 
 398 521 508 875 881 928 672 
 665 270 692 623 423 106 133 
 993 985 149 585 891 396 667 
 18 969 505 266 577 907 347 
 329 433 850 608 539 627 823 
 249 70 389 215 826 486 481 
 800 105 416 807 234 366 592 
 866 982 230 753 619 200 999 
 264 736 916 978 543 699 130 
 772 466 738 937 68 67 929 
 500 866 254 33 94 876 988 
 175 799 879 520 109 45 647 
 44 768 537 31 33 407 230 
 456 503 910 530 722 754 638 
 897 363 209 573 558 377 230 
 524 90 881 447 940 696 214 
 711 456 382 641 651 585 539 
 427 277 204 73 803 458 20 
 505 832 612 758 193 925 920 
 609 783 792 933 241 418 721 
 128 304 597 434 802 859 970 
 731 6 758 664 690 100 391 
 644 197 904 707 409 784 647 
 411 360 700 638 588 925 78 
 819 889 383 915 224 193 461 
 371 907 456 529 589 791 470 
 958 325 543 810 889 501 424 
 452 881 97 172 253 69 88 
 54 559 330 810 745 516 569 
 207 174 335 146 930 1 261 
 291 343 771 402 63 906 46 
 483 727 571 850 230 688 595 
 362 891 274 
 943 709 602 700 103 966 817 
 232 29 971 956 99 622 765 
 403 928 42 964 497 745 387 
 984 546 821 415 335 747 960 
 174 866 278 669 43 398 524 
 564 906 210 137 140 501 158 
 542 591 262 510 889 88 956 
 473 196 829 719 597 785 276 
 498 46 504 647 570 963 710 
 624 386 462 398 347 12 303 
 932 501 432 295 78 792 972 
 717 144 163 815 115 203 35 
 462 598 326 173 506 936 736 
 831 56 333 202 17 662 31 
 96 295 982 538 537 571 84 
 495 43 924 944 801 936 753 
 266 561 22 908 248 330 481 
 870 281 508 937 182 743 825 
 580 937 478 17 681 249 751 
 309 937 510 179 885 718 340 
 440 347 448 202 645 268 580 
 118 781 306 908 632 654 586 
 868 966 583 758 850 985 667 
 651 18 177 23 247 764 221 
 356 450 343 521 102 802 210 
 597 513 939 142 394 70 437 
 909 4 841 707 553 573 64 
 13 596 199 515 413 467 871 
 878 617 993 122 480 117 189 
 465 32 86 932 932 116 599 
 932 360 426 107 437 504 819 
 31 743 220 514 245 355 596 
 696 336 652 19 164 315 250 
 300 333 671 793 373 248 752 
 670 14 624 55 205 463 305 
 29 787 325 946 197 991 483 
 566 439 239 704 409 771 924 
 597 338 939 804 122 389 679 
 187 733 301 751 129 554 428 
 899 946 281 395 155 440 707 
 344 165 577 66 690 50 8 
 491 6 550 204 244 159 491 
 42 398 111 958 899 393 816 
 508 125 546 840 508 707 981 
 992 68 452 562 284 912 812 
 961 664 630 837 901 759 595 
 603 658 691 907 994 678 115 
 410 256 793 951 310 890 188 
 165 345 231 555 233 984 295 
 546 494 733 969 824 103 740 
 479 158 165 607 802 662 606 
 754 805 723 473 958 547 37 
 12 614 767 889 89 819 295 
 122 557 360 88 826 623 172 
 888 903 928 267 638 390 942 
 308 673 903 880 768 803 38 
 714 304 92 517 70 43 981 
 802 294 729 707 164 708 979 
 296 244 77 95 369 502 361 
 804 57 4 964 969 656 927 
 26 622 123 869 52 704 706 
 217 37 925 404 53 379 820 
 235 983 270 866 799 383 650 
 147 11 588 4 110 969 850 
 558 647 686 332 699 388 86 
 137 161 431 238 784 361 685 
 787 747 400 459 446 13 131 
 676 820 802 589 994 143 187 
 456 578 646 519 508 950 660 
 848 554 536 892 42 864 76 
 32 924 867 451 995 964 869 
 262 405 276 
 20 697 536 575 366 387 588 
 682 693 71 311 346 519 500 
 42 793 858 245 852 224 745 
 15 159 700 145 518 308 760 
 451 862 671 622 735 458 163 
 444 141 327 971 816 995 318 
 533 109 517 243 255 848 176 
 552 927 67 540 641 492 535 
 397 350 350 167 568 979 70 
 561 614 814 868 667 226 365 
 644 463 946 982 760 94 120 
 139 524 286 917 203 957 699 
 674 666 631 446 126 276 160 
 961 798 579 687 894 368 94 
 932 706 694 838 223 781 203 
 359 856 30 631 699 569 737 
 26 342 893 456 562 49 207 
 810 908 327 659 590 636 721 
 877 317 709 257 515 539 768 
 633 819 596 29 450 796 390 
 810 219 838 426 286 512 872 
 114 772 70 349 593 392 239 
 110 549 107 170 718 582 726 
 736 424 44 360 887 577 786 
 456 654 437 156 337 12 578 
 937 89 961 606 496 96 794 
 449 356 528 309 730 8 849 
 321 323 105 578 290 580 150 
 374 591 905 360 124 540 282 
 217 885 478 766 678 827 802 
 222 100 478 836 395 556 878 
 609 543 646 496 811 68 590 
 192 152 783 225 867 985 170 
 918 977 843 180 741 508 263 
 641 721 500 82 730 165 623 
 829 570 703 537 538 757 582 
 366 298 56 637 106 721 481 
 149 349 94 541 420 32 932 
 395 872 24 570 708 194 181 
 786 15 674 385 188 159 438 
 441 968 459 218 933 525 192 
 438 696 261 1 474 558 493 
 450 650 376 110 839 962 632 
 148 967 48 13 761 80 821 
 542 649 73 457 62 404 82 
 624 429 253 340 9 872 741 
 320 264 381 311 520 56 169 
 617 535 571 525 999 450 669 
 444 96 339 4 397 197 489 
 888 249 749 474 386 236 258 
 163 493 619 64 757 559 162 
 923 480 606 643 94 620 771 
 813 979 684 960 994 438 321 
 904 870 903 847 379 385 379 
 362 526 963 402 55 396 994 
 231 817 375 469 794 250 164 
 334 812 878 610 834 423 462 
 720 791 211 434 874 874 856 
 315 242 158 535 355 117 371 
 32 669 44 892 945 812 704 
 791 403 13 722 386 980 276 
 343 75 219 536 111 964 168 
 501 8 239 160 92 612 632 
 393 941 599 979 345 696 895 
 513 847 774 977 303 246 987 
 560 712 509 823 972 248 576 
 225 115 16 996 691 915 487 
 237 411 451 871 760 487 765 
 691 791 318 995 898 208 310 
 676 404 908 881 853 831 408 
 711 936 753 717 346 310 522 
 856 51 107 
 129 297 464 614 315 916 242 
 773 635 602 448 218 853 468 
 677 183 417 220 906 371 335 
 388 547 954 446 883 211 934 
 597 467 815 144 829 564 242 
 316 709 238 102 64 628 561 
 29 98 564 236 11 932 883 
 567 532 473 352 330 749 420 
 872 633 627 749 190 558 21 
 26 940 349 466 63 100 341 
 842 54 941 236 271 692 286 
 288 95 489 731 884 264 878 
 387 745 914 4 493 80 667 
 177 326 720 430 497 572 444 
 120 21 376 938 119 366 301 
 516 643 489 275 798 826 8 
 418 892 566 435 942 849 525 
 819 767 583 203 699 334 482 
 609 741 455 962 451 416 729 
 676 933 370 822 768 580 31 
 699 881 980 775 783 326 469 
 281 899 491 404 954 70 54 
 298 459 381 3 775 221 540 
 567 205 134 191 140 4 641 
 376 449 848 455 726 46 749 
 359 890 11 198 446 441 686 
 328 7 696 726 817 121 707 
 147 328 843 771 937 923 352 
 99 545 91 267 521 798 640 
 25 901 975 436 536 723 482 
 312 323 56 387 112 251 702 
 847 120 245 88 411 475 486 
 708 539 344 606 628 811 139 
 775 739 303 484 133 767 748 
 458 291 258 899 29 361 73 
 945 62 238 297 679 831 519 
 676 994 377 773 904 154 234 
 329 490 723 971 671 964 541 
 331 691 780 380 646 118 624 
 903 667 670 658 881 519 728 
 608 577 837 687 392 961 770 
 538 366 584 930 239 237 768 
 293 201 822 104 470 274 628 
 287 945 722 636 685 506 419 
 981 114 14 921 523 138 987 
 853 995 79 806 123 253 413 
 423 489 261 67 687 359 161 
 367 917 52 375 822 947 783 
 102 758 860 368 121 500 953 
 297 314 516 696 480 85 516 
 516 314 720 776 43 751 259 
 443 849 807 979 258 415 552 
 390 969 124 956 750 649 999 
 173 390 528 857 544 14 415 
 110 394 798 841 45 637 68 
 361 76 825 461 353 661 491 
 501 258 278 357 344 646 827 
 643 996 135 996 82 476 389 
 662 326 269 554 402 10 110 
 790 184 61 826 105 610 406 
 245 420 809 561 408 94 7 
 949 517 175 521 683 945 615 
 186 398 140 908 879 515 257 
 205 711 103 70 802 375 371 
 979 263 695 248 218 204 933 
 378 531 815 677 399 725 44 
 317 196 923 969 634 323 676 
 612 205 726 537 193 739 275 
 796 181 168 717 662 644 945 
 694 901 898 787 814 694 20 
 86 138 856 908 745 973 948 
 630 668 880 
 990 126 216 321 125 357 383 
 484 714 168 995 300 235 303 
 168 216 812 862 1 181 641 
 789 763 423 407 592 675 320 
 955 813 648 756 753 313 600 
 98 262 322 107 355 319 170 
 938 760 282 617 974 645 313 
 927 552 303 805 59 803 639 
 640 86 859 747 873 287 429 
 393 781 134 692 603 106 799 
 102 265 948 996 187 249 3 
 745 233 639 602 485 135 444 
 841 13 800 992 429 785 699 
 512 12 835 596 661 891 20 
 172 122 275 981 826 252 239 
 853 118 127 359 631 777 980 
 186 705 487 380 324 156 535 
 819 717 479 473 309 678 330 
 300 258 505 803 674 385 72 
 379 228 949 674 189 149 962 
 764 4 8 509 638 82 296 
 327 289 7 899 48 216 664 
 110 115 862 891 119 470 121 
 180 404 862 257 289 295 580 
 268 13 182 833 252 375 516 
 731 839 48 825 13 221 103 
 970 199 783 237 881 347 476 
 655 731 946 538 86 219 538 
 510 792 505 961 877 805 930 
 262 150 577 230 204 46 740 
 292 373 529 835 93 920 272 
 725 475 395 424 613 240 695 
 628 554 622 301 504 519 67 
 572 429 211 752 512 635 457 
 269 617 745 926 719 321 78 
 76 412 451 685 360 228 164 
 762 5 320 315 336 87 999 
 319 294 119 756 645 924 282 
 425 590 177 416 786 482 570 
 773 82 744 187 249 262 856 
 789 543 283 230 3 856 369 
 999 444 822 76 737 696 791 
 309 76 435 231 69 714 98 
 101 197 440 457 385 166 273 
 96 98 316 559 656 770 506 
 681 346 741 51 67 274 294 
 533 136 678 288 494 889 337 
 445 220 74 477 16 414 953 
 644 267 707 750 37 616 438 
 880 503 311 102 581 983 789 
 528 431 753 743 860 615 896 
 145 575 627 846 937 757 840 
 314 146 380 381 212 858 785 
 221 626 114 523 194 544 233 
 394 970 490 375 990 827 345 
 810 727 477 998 147 79 732 
 482 429 977 154 297 795 1000 
 374 10 998 127 15 472 153 
 733 239 605 373 116 864 435 
 964 125 119 354 766 686 2 
 785 701 263 771 605 41 287 
 137 107 50 745 11 797 696 
 342 901 869 148 721 110 813 
 902 885 718 539 267 119 531 
 389 588 635 982 512 159 951 
 135 112 60 745 422 38 783 
 281 892 565 360 918 389 35 
 996 410 494 368 689 197 38 
 512 316 186 878 665 651 652 
 880 891 730 926 810 273 174 
 285 543 684 650 838 281 682 
 565 222 432 
 409 144 982 209 542 776 659 
 231 220 928 271 802 165 500 
 161 906 90 869 5 370 362 
 8 723 85 716 629 376 497 
 821 823 503 494 120 592 886 
 125 680 835 528 216 750 935 
 349 838 483 78 236 779 197 
 121 500 56 26 585 989 304 
 102 941 353 990 724 47 657 
 15 982 125 529 243 965 9 
 940 427 111 487 662 345 515 
 498 827 658 989 509 218 629 
 450 329 425 736 194 364 23 
 798 673 548 692 643 501 311 
 121 923 349 306 678 430 301 
 987 176 813 227 575 535 680 
 697 378 232 511 424 370 487 
 589 569 226 371 91 91 575 
 799 2 404 269 899 118 160 
 135 407 611 474 920 891 784 
 661 453 71 726 545 623 414 
 951 278 465 49 351 490 406 
 108 91 634 543 211 228 571 
 135 66 370 30 143 903 24 
 236 24 536 931 695 53 28 
 882 373 156 595 789 179 544 
 557 181 141 264 283 384 871 
 501 879 896 874 133 316 584 
 127 307 821 238 653 355 407 
 55 747 86 646 749 781 442 
 104 761 599 702 644 753 466 
 17 136 448 600 664 100 328 
 105 201 682 792 228 74 234 
 261 709 752 224 242 73 41 
 813 600 754 728 837 891 850 
 204 285 946 793 360 938 588 
 767 720 50 51 745 360 852 
 314 180 524 326 845 610 71 
 42 13 999 501 992 985 34 
 47 650 99 780 481 641 151 
 907 845 459 164 83 454 553 
 336 497 188 617 134 135 674 
 161 486 486 721 646 408 391 
 987 600 665 519 214 662 897 
 846 598 680 202 814 273 496 
 736 868 585 544 665 985 277 
 962 60 317 708 682 120 687 
 893 548 899 255 418 628 840 
 328 598 258 157 807 90 322 
 905 444 460 580 616 979 2 
 144 28 289 1 903 491 254 
 673 250 195 255 100 59 710 
 833 882 254 990 733 118 85 
 574 263 590 598 814 180 541 
 269 780 110 760 281 627 177 
 291 951 957 851 857 800 135 
 150 869 988 33 508 172 228 
 34 767 711 57 974 582 969 
 885 455 326 972 620 28 31 
 852 298 868 106 856 652 577 
 779 645 454 36 554 745 639 
 812 201 175 718 174 76 864 
 44 772 276 427 510 333 179 
 690 953 288 581 365 956 904 
 522 195 43 294 782 124 442 
 42 572 591 580 655 134 252 
 310 745 838 81 254 975 90 
 405 379 161 185 182 83 544 
 672 859 359 95 259 353 663 
 182 444 782 876 736 301 55 
 410 226 141 394 626 899 844 
 187 88 721 
 678 975 810 161 786 257 91 
 443 752 295 258 82 604 164 
 542 439 421 45 518 912 452 
 802 690 852 357 762 778 459 
 415 21 978 968 466 607 467 
 230 37 738 321 923 877 33 
 750 175 606 244 281 554 673 
 198 469 409 265 352 11 383 
 222 451 688 763 485 976 852 
 37 949 712 200 544 290 2 
 380 815 176 136 651 663 159 
 992 671 680 1 3 20 202 
 364 168 230 97 784 422 458 
 817 983 995 438 609 696 95 
 967 487 514 440 605 542 312 
 764 48 346 921 360 538 255 
 276 83 802 549 366 802 235 
 564 627 873 1 679 526 270 
 423 722 881 502 840 651 667 
 996 364 354 557 318 518 999 
 3 85 968 152 138 767 862 
 680 805 126 338 478 408 335 
 716 843 185 315 759 473 682 
 77 541 908 631 167 288 625 
 487 61 445 72 133 454 313 
 995 371 782 592 36 675 261 
 722 665 622 574 44 14 184 
 191 432 854 650 363 668 33 
 973 464 506 92 983 193 629 
 60 335 772 422 608 528 257 
 802 34 119 111 228 235 837 
 222 609 641 972 444 920 217 
 641 72 238 316 253 952 642 
 84 531 315 749 131 17 126 
 639 103 999 255 178 600 810 
 131 496 965 157 848 915 914 
 219 241 432 202 583 621 842 
 556 415 246 584 519 925 427 
 366 196 276 693 340 720 18 
 473 753 103 802 329 197 455 
 294 187 809 2 751 463 511 
 881 708 57 489 456 396 211 
 251 910 492 1000 151 913 431 
 360 628 291 584 310 742 887 
 840 730 732 898 265 375 556 
 745 847 77 358 614 857 61 
 835 2 51 798 292 897 168 
 602 962 144 258 639 408 240 
 73 566 474 40 661 910 765 
 612 156 950 68 31 243 68 
 277 657 405 784 111 384 691 
 976 386 480 729 274 229 499 
 685 523 312 887 398 442 157 
 626 920 995 455 742 361 917 
 368 188 363 971 996 89 800 
 11 503 772 319 496 711 947 
 720 151 800 256 632 323 468 
 72 309 305 111 917 729 131 
 227 792 647 614 825 520 319 
 338 810 352 330 461 769 76 
 156 894 168 786 523 377 173 
 513 172 600 571 834 96 460 
 839 928 353 246 537 393 15 
 384 526 306 448 42 512 477 
 587 486 85 649 811 259 232 
 237 364 657 418 36 367 233 
 973 967 422 610 190 653 814 
 819 336 235 375 668 369 572 
 237 971 622 623 4 375 508 
 123 421 230 101 972 2 703 
 791 34 667 423 900 461 719 
 92 892 291 
 290 651 538 133 641 73 664 
 317 398 564 691 8 547 583 
 206 35 969 464 704 950 574 
 554 894 531 279 849 998 830 
 259 481 88 554 412 20 156 
 263 332 680 836 980 331 45 
 536 510 794 967 995 735 735 
 168 537 29 446 490 277 223 
 564 743 716 248 155 681 267 
 593 268 529 865 624 272 664 
 724 283 892 423 469 66 856 
 550 338 712 615 334 287 888 
 668 656 532 782 336 658 229 
 180 54 301 333 74 634 328 
 903 114 125 906 281 616 626 
 257 297 205 454 525 812 502 
 729 971 211 334 751 899 437 
 856 869 161 515 755 443 653 
 69 331 207 817 7 915 91 
 916 339 885 764 891 861 117 
 74 19 873 313 422 175 61 
 1 351 932 414 837 122 373 
 508 155 885 375 836 749 673 
 485 177 877 979 681 609 736 
 226 686 497 515 350 257 625 
 632 188 57 781 647 428 402 
 1000 861 511 430 176 693 241 
 350 714 617 642 835 908 902 
 900 511 453 722 156 90 572 
 775 145 701 283 621 981 977 
 186 857 478 662 842 968 372 
 18 752 273 216 87 358 501 
 177 155 193 23 38 726 340 
 212 618 798 647 97 235 682 
 711 719 976 920 980 343 606 
 159 6 13 497 379 732 391 
 587 500 73 946 262 518 824 
 865 113 975 929 244 901 58 
 618 41 396 230 655 38 502 
 349 973 642 219 813 665 526 
 135 537 572 671 433 205 275 
 936 338 548 784 410 989 145 
 914 835 443 903 573 759 244 
 9 273 969 341 513 931 184 
 797 177 878 242 989 763 295 
 329 138 681 564 431 67 651 
 394 467 299 988 480 745 910 
 916 167 763 236 852 534 346 
 271 979 119 690 660 202 883 
 712 915 185 654 637 694 880 
 883 671 267 790 934 740 978 
 426 851 478 421 698 785 157 
 363 526 589 743 451 331 369 
 776 664 313 729 858 993 180 
 665 298 165 851 825 336 745 
 938 947 757 338 312 202 210 
 249 936 538 172 225 663 240 
 946 497 474 936 650 274 29 
 648 646 759 675 72 538 152 
 881 325 314 461 394 474 870 
 227 904 822 397 424 30 108 
 866 726 136 860 481 17 792 
 413 880 720 343 215 485 670 
 615 186 12 326 587 504 773 
 832 699 587 863 565 625 343 
 935 364 237 133 654 842 681 
 780 85 772 291 351 626 612 
 110 191 296 637 31 279 663 
 734 592 594 785 496 487 853 
 40 344 68 580 463 939 597 
 285 311 854 433 134 774 208 
 694 336 639 
 93 890 680 205 27 436 657 
 333 427 617 475 469 247 870 
 105 832 629 456 230 367 15 
 628 502 439 112 1000 243 469 
 767 270 678 33 147 876 665 
 549 899 661 350 148 58 317 
 370 387 100 47 671 801 323 
 254 333 470 608 941 678 764 
 578 87 75 832 272 149 489 
 279 63 196 779 408 994 859 
 191 670 588 517 920 306 759 
 2 911 330 98 485 344 339 
 188 461 45 376 747 869 405 
 808 307 403 843 440 200 145 
 302 838 513 892 971 513 818 
 671 645 41 384 968 144 162 
 2 182 832 520 149 63 29 
 417 188 387 730 13 840 959 
 610 710 757 419 626 639 577 
 483 52 654 619 478 944 545 
 823 264 27 635 388 239 13 
 299 641 240 316 696 539 384 
 122 807 832 761 158 567 240 
 883 254 51 297 366 984 893 
 631 960 98 819 77 995 871 
 211 142 723 751 637 434 506 
 162 77 282 772 300 525 930 
 538 353 389 457 568 875 826 
 169 829 887 694 406 845 499 
 533 441 512 94 411 530 632 
 485 311 823 157 249 784 200 
 328 866 713 934 570 553 678 
 822 906 752 155 217 409 842 
 578 729 797 955 640 291 487 
 70 652 351 830 608 231 721 
 504 823 401 381 532 297 194 
 404 919 687 995 289 498 102 
 744 313 961 193 655 990 346 
 153 533 531 145 671 940 709 
 190 855 822 798 179 861 872 
 521 30 492 696 52 668 106 
 493 648 880 949 272 858 661 
 852 165 423 721 894 578 986 
 958 571 108 85 375 843 20 
 112 831 370 197 852 105 689 
 226 47 982 731 986 765 987 
 501 90 635 398 386 710 27 
 788 625 888 398 485 400 116 
 725 825 836 433 478 195 87 
 808 447 738 777 770 243 279 
 978 579 575 387 77 600 420 
 916 468 481 946 115 675 551 
 505 766 822 284 487 78 978 
 413 96 488 780 889 449 548 
 755 982 954 527 991 272 551 
 889 646 872 677 974 962 726 
 557 668 484 863 962 466 535 
 988 762 603 292 56 926 245 
 481 824 306 84 808 567 715 
 477 481 121 539 396 288 492 
 22 884 764 125 378 282 676 
 864 345 192 193 268 782 274 
 915 666 313 786 181 284 538 
 532 928 670 678 201 353 78 
 389 748 962 18 832 439 801 
 645 235 26 218 569 990 640 
 253 220 83 666 167 523 823 
 216 673 303 505 780 59 409 
 524 252 311 686 860 186 813 
 219 866 54 193 384 719 839 
 191 972 850 59 898 300 810 
 452 711 650 
 482 423 781 39 872 114 256 
 881 83 37 554 315 944 422 
 793 71 108 393 166 28 566 
 590 626 504 404 713 577 324 
 641 543 92 49 233 613 752 
 478 373 225 688 158 645 445 
 11 460 9 495 37 599 766 
 905 598 395 48 321 365 644 
 516 417 2 467 330 716 502 
 159 244 477 171 730 586 967 
 171 57 417 683 946 209 960 
 917 562 961 432 822 938 355 
 742 704 430 546 506 235 149 
 731 468 914 12 931 836 556 
 350 965 622 132 400 600 367 
 744 46 9 539 601 728 366 
 690 927 897 677 831 114 957 
 104 150 856 489 242 951 18 
 343 295 551 644 864 245 666 
 912 952 556 80 171 800 134 
 332 858 78 462 813 324 917 
 186 34 327 964 192 448 911 
 759 722 748 306 559 385 159 
 853 786 227 276 133 819 900 
 898 524 192 518 690 705 501 
 873 992 830 932 368 913 752 
 113 888 785 121 190 481 898 
 229 372 83 579 774 452 159 
 14 856 568 586 319 916 469 
 619 573 789 301 734 643 884 
 446 1000 100 268 949 786 768 
 525 47 193 512 401 909 243 
 419 856 229 649 47 475 184 
 309 62 242 144 555 14 391 
 126 623 870 407 156 754 529 
 388 359 684 229 875 90 120 
 776 70 411 162 511 793 678 
 129 847 853 531 741 535 183 
 225 271 347 798 39 91 466 
 870 558 126 210 23 184 591 
 384 12 575 423 945 957 461 
 416 144 836 695 695 726 255 
 353 993 66 970 216 303 982 
 858 217 433 909 298 876 204 
 990 21 840 27 977 328 21 
 550 580 645 828 789 757 783 
 136 731 300 344 273 227 208 
 388 652 83 398 660 483 923 
 905 266 133 740 21 399 390 
 720 601 462 445 846 847 654 
 160 505 781 450 120 749 26 
 721 564 738 200 468 334 100 
 147 155 543 808 77 830 314 
 6 295 573 316 142 375 606 
 431 477 916 906 449 836 803 
 437 800 621 895 617 609 869 
 737 794 789 968 621 1000 211 
 543 505 903 203 937 572 358 
 671 437 571 273 986 972 866 
 22 102 958 628 434 55 43 
 506 737 441 173 438 39 810 
 128 749 482 719 97 957 412 
 544 295 525 42 930 797 149 
 990 920 218 777 492 640 327 
 753 606 31 838 230 880 972 
 411 140 587 221 147 530 594 
 412 111 658 302 112 199 288 
 10 211 86 61 301 302 465 
 337 739 767 607 363 211 902 
 192 576 782 226 85 604 677 
 342 187 572 423 747 271 519 
 836 483 592 
 143 581 979 680 412 71 703 
 784 771 588 226 902 97 984 
 572 343 826 652 642 676 279 
 29 220 999 787 297 129 170 
 140 295 427 316 673 779 346 
 162 528 180 953 375 910 566 
 250 363 283 518 211 661 98 
 258 5 640 604 452 472 463 
 623 641 777 448 577 278 742 
 33 767 726 71 862 891 595 
 381 262 121 834 111 816 473 
 885 17 640 50 374 51 873 
 171 769 906 50 368 119 89 
 649 342 633 493 769 383 11 
 795 314 972 764 578 596 382 
 951 264 827 603 243 150 834 
 713 875 555 320 796 588 129 
 290 687 490 41 829 867 529 
 7 906 91 628 502 32 932 
 456 169 355 437 413 815 942 
 602 770 340 921 656 102 246 
 362 215 838 14 141 707 218 
 331 556 41 918 342 885 226 
 432 127 502 849 222 970 409 
 172 885 441 679 85 426 273 
 942 517 265 964 826 621 695 
 393 621 468 399 693 302 975 
 766 352 578 964 288 415 726 
 261 399 133 920 477 199 9 
 304 123 722 669 761 10 508 
 428 815 892 886 665 568 546 
 67 48 587 397 364 853 378 
 321 619 294 374 159 874 769 
 478 847 586 725 519 943 186 
 746 602 917 142 239 409 134 
 459 191 720 821 419 963 835 
 331 13 462 571 618 858 571 
 631 223 552 23 196 82 678 
 214 541 758 667 214 49 865 
 647 877 360 602 711 595 171 
 782 57 584 517 186 339 291 
 806 245 532 399 657 589 887 
 767 83 54 44 979 26 705 
 797 586 278 11 904 470 467 
 545 257 69 74 452 517 236 
 779 56 982 948 787 900 106 
 114 53 313 890 904 505 475 
 419 870 143 377 222 101 593 
 356 960 257 436 361 962 460 
 477 927 965 362 276 31 597 
 304 881 118 979 396 465 908 
 351 835 887 362 707 917 266 
 821 145 497 122 205 32 663 
 17 676 777 721 484 911 508 
 280 103 350 928 728 746 507 
 951 572 446 109 310 992 317 
 33 677 496 516 5 547 539 
 585 468 735 151 404 33 670 
 227 95 876 648 191 638 477 
 968 620 933 980 455 851 60 
 572 664 534 171 418 569 632 
 452 585 734 262 830 595 390 
 906 995 200 626 460 134 903 
 825 711 927 797 797 644 586 
 287 394 88 346 873 556 886 
 489 748 790 997 148 210 490 
 656 296 338 412 224 704 633 
 716 786 553 142 111 31 531 
 916 205 423 440 254 537 253 
 554 580 915 736 367 560 844 
 607 651 446 454 282 785 823 
 457 745 649 
 477 29 445 360 283 283 528 
 219 364 611 381 825 240 587 
 424 675 414 988 804 492 460 
 476 661 449 783 514 428 919 
 715 278 756 695 562 668 870 
 691 621 517 690 501 124 908 
 440 963 445 417 633 445 853 
 39 1 218 666 293 936 310 
 932 343 877 220 751 98 730 
 146 410 58 525 810 989 852 
 884 98 868 314 782 368 677 
 66 489 271 995 117 576 416 
 929 840 392 673 293 164 446 
 262 738 774 715 818 300 406 
 370 36 825 336 359 706 492 
 61 320 446 745 438 248 843 
 695 821 968 389 73 828 101 
 260 491 522 679 751 788 329 
 638 735 360 937 860 587 107 
 346 11 765 45 932 533 199 
 63 446 46 55 962 304 186 
 499 994 369 14 461 532 672 
 687 981 621 956 612 665 478 
 962 253 733 649 961 848 691 
 565 263 95 985 657 330 667 
 245 258 733 662 697 660 976 
 195 182 418 495 775 609 262 
 246 325 352 231 273 762 108 
 573 430 293 108 478 407 708 
 757 782 32 238 563 273 829 
 700 62 648 633 126 301 68 
 350 279 883 270 496 880 980 
 882 983 406 238 607 400 114 
 616 967 499 108 291 839 899 
 71 298 845 327 491 35 765 
 187 933 907 394 917 798 643 
 348 96 262 245 383 756 927 
 708 245 456 497 326 368 764 
 760 27 762 208 592 251 40 
 516 100 345 731 886 321 832 
 693 661 198 625 434 681 335 
 819 142 270 334 463 593 45 
 968 792 242 905 160 693 329 
 105 335 196 610 771 247 918 
 802 451 410 885 483 62 68 
 621 608 745 842 581 487 759 
 898 805 57 87 240 541 299 
 178 532 913 618 742 485 654 
 993 412 219 435 770 233 967 
 80 742 918 803 783 484 720 
 409 389 739 471 388 399 351 
 135 601 612 13 160 363 135 
 551 62 873 353 87 384 33 
 776 36 216 873 946 365 48 
 985 391 752 439 537 377 136 
 973 372 733 331 676 522 487 
 7 211 943 935 584 17 212 
 229 242 110 273 573 839 625 
 887 683 704 817 303 781 402 
 901 381 819 840 618 842 423 
 315 63 588 620 593 170 749 
 713 11 960 558 498 964 103 
 178 122 186 12 651 771 335 
 379 100 185 804 274 971 33 
 2 5 893 677 768 887 494 
 749 540 501 832 228 970 338 
 151 280 749 122 93 311 928 
 168 219 130 218 206 826 890 
 94 895 684 781 926 590 46 
 295 459 837 354 512 838 149 
 198 370 131 376 574 743 11 
 248 322 388 
 750 749 223 191 74 481 583 
 850 246 268 616 333 909 78 
 388 205 227 304 390 62 401 
 377 656 313 8 89 60 726 
 623 576 664 425 413 348 481 
 60 774 12 579 71 541 528 
 134 634 397 956 505 391 216 
 80 474 296 60 465 973 435 
 416 270 257 583 146 754 720 
 853 446 956 687 888 414 856 
 984 155 868 515 95 676 64 
 265 707 500 642 358 592 548 
 639 247 718 94 548 38 620 
 873 827 447 818 466 520 502 
 881 266 242 84 460 596 882 
 702 395 355 501 596 338 702 
 562 802 142 899 882 336 955 
 620 58 985 558 899 906 406 
 318 415 307 313 753 228 730 
 625 703 948 847 496 649 79 
 292 790 240 364 334 403 869 
 405 990 902 244 91 52 336 
 823 407 239 632 539 675 87 
 117 405 84 343 118 907 889 
 99 474 514 1000 638 542 283 
 373 160 625 164 98 81 128 
 408 252 329 483 582 419 443 
 676 602 352 981 579 54 124 
 392 60 294 460 511 611 134 
 710 265 260 68 515 775 332 
 836 754 269 751 536 672 369 
 753 580 401 820 875 123 140 
 643 531 259 306 949 426 48 
 757 330 51 692 545 55 441 
 226 396 755 558 501 588 817 
 58 211 277 884 106 513 791 
 828 116 981 97 803 204 765 
 639 774 48 923 308 803 339 
 789 585 575 132 886 985 517 
 500 495 330 213 122 51 124 
 963 670 652 774 682 536 321 
 101 260 230 196 572 315 239 
 861 394 324 955 441 582 617 
 862 904 147 11 760 961 915 
 866 262 397 557 996 279 686 
 742 215 894 14 161 422 946 
 520 759 477 862 375 724 285 
 777 239 335 661 478 471 264 
 799 338 228 486 638 655 628 
 584 449 394 183 831 785 894 
 198 645 697 319 888 369 314 
 102 704 69 452 624 961 86 
 108 917 205 617 208 704 735 
 701 619 956 846 269 321 881 
 591 385 138 329 575 977 638 
 717 29 778 644 158 586 324 
 131 941 724 281 349 58 287 
 614 174 429 804 191 280 909 
 957 571 756 540 701 492 240 
 774 505 477 564 749 622 338 
 434 247 554 209 464 347 299 
 114 159 637 864 951 938 783 
 632 27 85 507 822 508 666 
 337 258 216 749 358 686 57 
 867 583 157 145 109 904 339 
 340 669 927 100 287 77 175 
 110 756 346 438 838 794 955 
 61 108 223 268 643 349 597 
 776 224 308 453 315 394 304 
 503 779 218 3 388 498 331 
 888 410 20 208 234 909 16 
 234 612 53 
 181965 192783 189353 182695 190013 174560 183064 
 190371 192321 180125 187835 186306 181827 182120 
 186032 185900 195242 190426 189671 189710 188879 
 179732 178105 179936 193245 192827 184919 189005 
 187053 180305