 500 30 0 
 954 451 967 983 718 559 833 
 825 822 882 662 762 474 586 
 943 749 543 830 777 478 542 
 957 575 648 503 1000 738 547 
 986 655 898 713 928 592 795 
 622 1006 555 662 1013 851 655 
 964 1052 853 651 862 664 859 
 611 803 523 659 638 775 576 
 625 916 887 600 1059 461 612 
 554 989 670 868 582 551 928 
 627 683 796 876 959 574 777 
 517 896 614 647 676 648 588 
 867 1001 752 925 593 956 876 
 740 533 916 640 804 775 767 
 973 846 792 889 698 773 622 
 812 934 891 903 946 939 840 
 851 1051 500 1095 967 954 953 
 754 791 648 542 680 563 729 
 653 626 950 850 780 948 529 
 930 743 725 980 518 530 975 
 635 925 921 982 603 881 823 
 633 1011 480 972 832 999 903 
 579 959 477 640 556 844 701 
 837 893 933 755 609 624 582 
 786 886 650 644 1017 838 861 
 603 705 950 926 932 735 500 
 970 632 543 620 896 574 709 
 672 552 641 766 748 919 404 
 876 921 596 558 725 550 615 
 600 727 1028 958 664 820 622 
 746 997 902 1063 863 725 731 
 905 950 984 926 646 972 740 
 1004 784 871 860 582 639 489 
 709 503 699 972 864 815 793 
 662 853 453 662 477 989 723 
 863 732 953 903 667 915 590 
 586 620 640 552 692 861 1018 
 947 589 579 684 705 736 695 
 681 929 672 929 489 907 944 
 725 979 693 811 920 567 618 
 767 808 758 654 579 938 741 
 949 1101 931 751 585 502 503 
 778 772 942 482 582 653 549 
 929 830 982 868 770 775 577 
 936 932 847 518 687 861 675 
 719 859 927 768 984 877 793 
 811 680 650 814 988 567 800 
 967 575 530 994 784 704 819 
 525 561 885 788 510 910 568 
 725 1014 552 648 812 534 935 
 649 581 722 972 704 639 673 
 631 661 585 944 929 726 664 
 925 726 605 918 914 702 878 
 707 1014 736 810 714 899 788 
 804 745 600 894 917 773 568 
 586 861 827 784 540 792 924 
 1095 630 521 461 547 605 761 
 944 532 667 979 515 673 547 
 612 435 495 701 981 532 939 
 731 707 521 538 480 791 624 
 995 677 584 620 570 1076 741 
 917 740 649 819 540 857 547 
 615 542 853 691 614 685 836 
 809 752 760 633 585 666 676 
 880 757 666 654 1000 700 691 
 525 607 608 614 888 798 1027 
 669 732 753 494 1009 777 940 
 916 935 562 919 1004 765 964 
 990 955 876 867 781 480 804 
 926 493 551 773 952 658 756 
 731 815 726 789 685 808 707 
 891 546 877 
 822 146 483 490 836 296 74 
 987 183 502 432 94 782 950 
 897 526 690 509 237 661 280 
 283 786 820 463 876 497 319 
 528 721 112 450 792 691 4 
 798 479 725 661 889 310 62 
 831 449 858 224 388 86 995 
 949 531 699 3 490 542 331 
 7 307 799 555 991 676 624 
 483 573 496 253 563 984 732 
 921 807 397 536 595 515 698 
 291 743 317 355 716 508 661 
 328 320 761 182 708 262 694 
 849 286 652 820 573 846 528 
 435 313 775 678 16 653 838 
 92 747 156 726 918 226 834 
 218 826 351 949 719 292 385 
 965 111 952 261 18 566 192 
 827 98 361 155 409 88 196 
 474 904 699 864 137 960 676 
 55 194 364 77 872 768 53 
 473 400 174 623 96 366 678 
 998 623 901 393 574 329 408 
 682 373 672 279 48 738 41 
 12 711 18 354 19 222 182 
 309 141 662 325 354 748 591 
 107 118 699 450 975 430 589 
 134 717 593 882 44 480 56 
 281 881 237 903 424 791 352 
 216 108 890 735 692 226 259 
 921 688 129 646 340 169 101 
 212 448 952 613 80 408 348 
 983 114 690 906 144 237 850 
 564 14 984 739 493 33 639 
 41 976 93 783 311 548 297 
 996 251 744 941 771 555 141 
 413 446 830 104 983 163 378 
 469 502 699 289 738 69 835 
 907 392 962 460 682 739 320 
 91 775 516 763 616 568 162 
 889 639 774 229 349 696 200 
 39 995 399 801 128 906 331 
 762 656 645 55 391 867 984 
 826 970 451 250 206 547 81 
 191 731 746 641 691 729 2 
 120 6 383 157 151 665 431 
 95 549 437 286 508 677 406 
 756 912 76 873 832 715 641 
 372 321 201 779 470 884 274 
 220 394 352 14 998 118 75 
 446 265 715 266 811 66 253 
 499 264 59 320 219 302 693 
 631 287 523 733 940 795 425 
 586 638 635 904 530 886 757 
 699 487 415 123 3 101 472 
 849 310 64 812 923 493 344 
 428 660 41 60 945 86 195 
 440 284 388 325 221 961 97 
 115 564 359 591 361 187 312 
 199 564 971 569 291 904 368 
 953 61 461 974 841 158 952 
 35 423 909 98 904 338 29 
 883 614 926 165 652 443 613 
 438 648 442 145 992 824 12 
 172 337 16 240 508 969 694 
 443 743 497 812 216 666 453 
 329 326 809 582 732 668 405 
 520 291 109 217 515 391 571 
 475 205 48 718 59 434 951 
 993 693 720 680 144 390 630 
 204 108 424 965 16 498 6 
 773 79 31 
 262 161 304 331 577 206 999 
 872 780 630 692 481 77 895 
 125 611 716 170 708 61 342 
 140 897 31 675 478 246 572 
 546 573 85 326 50 337 226 
 309 943 598 295 848 998 308 
 779 751 378 271 370 590 474 
 494 563 770 1000 315 771 977 
 314 575 677 828 886 43 486 
 387 239 615 554 531 867 643 
 984 746 752 599 62 567 418 
 442 397 866 318 652 754 439 
 67 308 586 682 693 625 154 
 369 17 186 202 788 759 812 
 119 77 203 230 882 24 890 
 109 789 865 29 761 263 887 
 751 621 364 364 87 743 749 
 90 388 779 864 661 538 167 
 728 315 529 830 714 691 416 
 414 989 648 413 305 239 405 
 44 979 975 309 504 160 431 
 665 908 107 549 889 359 974 
 181 527 588 324 745 262 318 
 592 627 173 507 420 112 27 
 311 361 957 538 669 249 351 
 764 526 117 259 590 450 824 
 618 511 327 697 282 846 908 
 161 276 366 956 568 178 915 
 315 871 12 82 730 309 447 
 746 418 426 389 860 922 821 
 186 443 473 255 539 59 395 
 220 303 932 12 813 763 107 
 357 478 718 437 984 559 793 
 171 37 661 781 99 106 463 
 433 948 253 688 274 960 42 
 855 473 687 427 600 179 383 
 786 888 987 174 959 131 560 
 619 266 677 438 399 288 18 
 990 263 390 15 12 590 766 
 381 852 396 524 89 228 450 
 439 444 111 929 424 323 687 
 765 124 350 280 396 682 889 
 349 846 459 228 907 492 228 
 442 998 89 701 652 47 673 
 127 748 27 451 903 377 27 
 120 653 829 637 753 132 511 
 253 370 590 185 35 568 287 
 226 91 939 654 433 143 188 
 914 734 181 998 131 96 671 
 700 212 342 350 405 809 910 
 566 826 253 7 816 427 192 
 800 123 597 122 196 367 45 
 307 916 615 144 22 178 371 
 474 889 798 144 251 517 299 
 73 57 533 848 314 40 912 
 550 337 121 759 59 651 941 
 78 875 55 680 595 449 925 
 190 560 89 236 567 55 150 
 774 65 354 994 380 938 304 
 248 833 498 758 99 679 290 
 331 532 540 584 650 782 275 
 237 766 995 233 764 519 586 
 886 795 127 383 536 151 483 
 488 486 41 137 192 490 282 
 126 702 740 672 325 651 821 
 253 862 990 338 4 141 679 
 349 51 581 342 234 575 904 
 433 55 187 584 863 409 182 
 890 159 533 143 272 656 373 
 593 459 247 175 118 587 586 
 893 629 878 103 959 676 114 
 580 152 915 
 258 333 298 598 330 982 354 
 305 259 494 324 881 445 808 
 5 974 759 856 162 858 224 
 747 12 816 675 427 96 309 
 708 4 775 648 902 818 418 
 552 543 494 564 946 474 780 
 101 967 43 327 786 95 88 
 183 222 360 324 128 870 165 
 67 586 975 759 341 175 272 
 732 82 792 679 425 505 134 
 309 233 609 466 753 619 460 
 860 597 596 382 796 674 490 
 129 937 300 868 894 76 157 
 650 515 668 307 488 656 24 
 689 569 719 887 822 653 38 
 703 815 795 471 143 885 173 
 650 965 487 854 870 471 702 
 708 837 402 618 510 120 612 
 807 292 783 290 239 80 74 
 752 135 56 979 740 937 665 
 844 929 60 954 666 365 741 
 502 932 737 739 63 646 163 
 446 147 499 614 197 184 159 
 925 2 262 448 817 543 113 
 952 832 877 603 803 753 560 
 587 352 601 931 760 385 368 
 804 436 611 896 608 40 221 
 907 165 260 624 737 226 627 
 179 187 535 623 315 563 579 
 498 956 472 89 384 931 915 
 130 861 63 707 553 922 395 
 304 721 951 4 202 895 975 
 787 703 878 967 521 518 934 
 980 733 222 332 214 672 958 
 313 713 395 251 594 853 413 
 419 906 443 430 260 513 847 
 562 763 834 147 326 198 735 
 513 420 481 526 934 943 33 
 72 824 470 865 462 69 112 
 648 690 689 875 487 46 581 
 988 35 127 903 526 407 231 
 951 995 999 757 243 276 68 
 125 63 752 82 615 606 94 
 403 496 310 986 618 435 831 
 577 375 422 442 414 838 52 
 809 216 501 525 386 385 49 
 247 571 943 520 43 837 272 
 396 888 121 208 796 641 579 
 298 842 957 952 568 636 441 
 792 890 275 192 923 640 894 
 189 582 160 764 159 195 199 
 396 858 785 991 932 4 369 
 932 355 383 219 327 631 31 
 468 654 838 848 992 138 357 
 562 887 799 289 959 489 521 
 121 90 249 810 40 872 564 
 398 516 651 325 611 872 938 
 864 193 234 547 3 493 331 
 811 226 717 258 59 315 843 
 639 603 957 506 336 755 847 
 930 349 958 188 588 444 932 
 711 972 228 556 736 624 530 
 38 692 36 22 66 575 492 
 858 227 497 382 447 80 888 
 997 792 744 611 470 467 179 
 266 728 643 833 454 502 551 
 515 956 885 871 459 577 620 
 596 844 405 165 670 257 999 
 479 770 919 548 409 737 66 
 838 959 857 168 230 60 209 
 215 458 844 55 56 469 78 
 706 568 513 
 35 295 106 981 514 605 918 
 598 886 679 144 95 766 356 
 72 104 451 535 517 640 360 
 639 57 138 323 439 450 577 
 77 187 310 27 763 143 612 
 695 849 511 394 814 276 30 
 506 978 93 768 764 425 156 
 534 849 416 242 132 517 352 
 28 484 466 177 897 633 276 
 393 506 411 849 458 92 637 
 53 839 79 768 558 773 92 
 725 20 793 201 901 286 302 
 700 753 564 931 664 992 672 
 525 90 764 404 90 890 227 
 338 616 467 167 534 913 345 
 548 580 184 933 684 368 480 
 242 541 978 937 188 501 885 
 450 694 547 60 469 512 237 
 508 341 995 200 559 568 268 
 683 734 948 881 651 115 971 
 159 197 217 894 783 837 805 
 19 308 81 978 462 966 52 
 725 985 628 803 820 347 587 
 26 559 74 865 172 820 600 
 647 836 204 22 386 823 319 
 259 89 725 912 603 732 524 
 752 728 320 659 956 873 437 
 223 686 285 891 415 115 21 
 696 319 145 37 828 416 687 
 585 766 682 610 239 110 462 
 475 104 898 870 2 518 517 
 841 73 293 10 120 328 305 
 820 97 267 355 275 447 477 
 99 294 486 131 964 828 903 
 369 938 952 784 630 68 391 
 488 166 777 307 85 891 997 
 29 518 618 768 741 888 783 
 146 185 273 160 369 839 462 
 834 894 98 477 61 739 478 
 50 80 93 28 985 797 497 
 60 200 491 864 710 146 310 
 546 174 851 998 60 547 223 
 953 409 246 777 657 865 250 
 797 958 236 704 564 490 909 
 536 834 327 575 903 241 216 
 368 339 364 34 951 399 371 
 209 887 87 353 961 289 219 
 878 195 564 187 958 284 996 
 103 718 556 66 875 674 67 
 417 884 585 444 35 46 466 
 535 807 617 847 975 245 375 
 422 472 755 382 302 534 198 
 494 456 606 562 833 226 469 
 13 917 850 746 176 508 391 
 973 827 262 383 204 378 179 
 231 889 340 746 54 885 61 
 352 600 27 873 217 956 140 
 455 744 277 454 23 767 569 
 436 211 197 603 708 990 723 
 512 850 440 964 492 271 277 
 376 810 481 441 663 341 826 
 283 550 754 984 404 443 385 
 695 726 904 976 624 324 601 
 718 512 902 773 351 857 209 
 470 685 473 448 513 417 652 
 565 309 412 274 486 987 848 
 344 415 386 78 176 579 879 
 613 911 362 823 479 514 297 
 60 100 792 181 953 347 342 
 677 245 772 206 618 201 486 
 516 128 794 641 845 169 21 
 971 608 934 
 14 499 9 845 351 719 570 
 968 305 126 801 756 51 333 
 223 308 197 938 62 528 475 
 786 191 450 147 698 991 858 
 789 392 503 967 773 976 814 
 804 433 285 871 372 531 429 
 210 381 398 51 492 349 600 
 611 788 128 724 16 437 52 
 452 990 397 115 977 62 103 
 446 618 860 333 713 238 578 
 35 787 602 482 459 410 544 
 926 20 864 222 424 602 64 
 922 505 420 894 494 650 560 
 82 400 876 142 35 623 368 
 919 787 388 245 243 318 454 
 85 637 9 267 934 176 813 
 903 945 294 889 807 292 805 
 528 130 752 391 112 260 355 
 389 453 698 115 875 985 661 
 790 642 965 327 276 176 484 
 263 66 360 212 323 605 841 
 435 34 506 519 866 983 768 
 916 301 517 34 108 782 525 
 653 82 476 592 966 942 784 
 534 730 924 185 914 402 235 
 204 3 308 331 205 947 58 
 219 412 53 801 269 184 513 
 697 826 229 160 935 836 405 
 870 541 280 495 457 52 376 
 137 829 735 426 527 462 55 
 731 985 114 877 361 30 645 
 427 234 811 818 985 568 825 
 657 81 545 890 405 138 128 
 874 90 716 605 877 769 480 
 589 43 596 85 426 766 256 
 442 128 176 365 855 781 205 
 223 786 389 964 217 610 264 
 796 263 861 917 288 424 898 
 867 147 253 301 180 674 373 
 502 375 748 84 785 737 666 
 895 692 916 598 136 770 75 
 396 577 514 162 195 498 366 
 880 3 827 709 297 436 953 
 879 846 466 297 812 724 874 
 694 955 900 907 522 251 599 
 197 493 932 440 699 776 346 
 55 135 320 631 441 338 972 
 357 376 440 230 982 36 829 
 481 988 727 298 710 784 57 
 437 534 475 904 956 382 277 
 796 343 462 433 174 408 697 
 877 127 740 602 291 1000 599 
 898 625 693 993 339 640 752 
 450 140 190 215 847 131 476 
 13 33 580 600 721 625 587 
 200 560 14 211 650 355 251 
 996 54 177 329 999 144 258 
 87 825 775 353 668 680 576 
 343 856 745 535 295 102 86 
 242 285 434 640 238 437 929 
 439 510 413 37 580 895 330 
 486 955 124 203 528 34 570 
 656 566 19 659 672 313 185 
 868 693 737 355 101 825 16 
 251 307 908 873 414 568 780 
 556 10 229 996 438 953 4 
 728 394 63 904 973 969 532 
 713 236 355 562 321 336 331 
 230 89 940 748 54 872 958 
 774 319 720 201 694 852 104 
 822 296 94 705 64 590 614 
 522 194 910 
 747 258 257 548 292 681 928 
 948 540 900 495 62 288 261 
 683 304 562 415 452 860 676 
 273 873 846 403 698 708 612 
 465 103 157 931 416 133 527 
 213 399 361 589 629 574 321 
 82 286 498 736 595 110 8 
 116 37 894 888 352 93 383 
 129 240 884 316 694 496 279 
 17 748 962 800 871 211 484 
 854 156 773 78 324 572 66 
 732 549 50 439 839 491 693 
 970 196 538 946 207 674 79 
 150 687 716 623 432 637 386 
 858 96 825 799 68 522 568 
 59 343 664 682 310 586 954 
 97 153 847 975 241 221 143 
 249 29 824 814 457 204 411 
 903 344 901 132 749 289 15 
 764 758 999 311 96 289 202 
 336 9 321 168 909 874 400 
 893 326 620 261 282 675 835 
 105 871 771 934 708 969 579 
 945 19 514 255 699 334 763 
 274 343 42 881 630 458 787 
 706 259 673 944 119 383 144 
 356 247 145 98 231 919 758 
 268 745 427 167 48 474 123 
 696 627 82 502 722 733 747 
 759 235 531 896 634 987 934 
 300 989 718 554 3 550 664 
 862 433 720 371 102 364 654 
 81 826 419 131 491 204 634 
 879 605 292 580 18 824 428 
 440 150 85 130 23 894 402 
 937 731 344 678 622 287 988 
 588 987 798 721 426 70 421 
 612 630 791 576 536 797 987 
 213 900 747 587 90 271 306 
 284 927 588 811 621 108 990 
 485 659 329 794 760 180 927 
 982 529 732 313 997 947 611 
 66 88 625 179 277 75 822 
 83 167 685 17 901 629 718 
 465 799 885 126 444 804 590 
 33 776 568 974 764 869 709 
 191 78 809 593 912 126 873 
 172 741 969 240 386 335 824 
 114 340 169 220 885 599 463 
 65 532 441 903 266 362 743 
 580 834 457 985 878 6 424 
 832 340 452 14 892 533 668 
 33 904 441 328 877 442 690 
 925 429 315 354 863 947 203 
 827 342 784 162 33 242 378 
 558 232 527 304 288 148 144 
 974 749 844 86 1 213 678 
 349 42 366 529 259 299 110 
 181 552 811 810 955 235 681 
 753 196 706 785 751 371 207 
 337 394 553 188 835 703 131 
 29 785 523 886 247 338 824 
 286 468 998 149 753 140 235 
 228 839 282 229 306 118 460 
 679 129 143 512 644 214 418 
 846 668 265 882 594 863 975 
 552 590 876 545 361 929 102 
 162 454 842 483 748 831 411 
 908 552 959 942 51 350 197 
 496 488 978 952 591 1 499 
 777 5 21 651 509 690 759 
 40 345 379 
 492 885 84 924 43 671 546 
 142 38 384 758 105 349 318 
 909 40 669 321 11 640 747 
 950 63 382 114 262 237 603 
 478 374 166 144 654 381 554 
 17 323 623 329 355 548 100 
 204 573 173 488 151 921 59 
 344 867 647 576 18 717 133 
 303 689 632 824 46 162 178 
 377 614 954 961 569 956 476 
 788 58 597 932 97 482 883 
 100 594 201 602 250 599 13 
 314 117 746 26 354 979 933 
 363 864 37 299 126 235 773 
 976 467 725 653 562 547 257 
 975 885 944 456 947 871 609 
 83 940 8 650 240 682 655 
 725 573 117 28 434 557 414 
 714 263 453 942 921 577 174 
 898 20 550 368 565 895 279 
 627 605 414 697 821 952 470 
 374 858 230 444 182 102 950 
 687 231 668 798 799 21 740 
 731 994 505 463 972 794 315 
 842 903 336 551 284 664 382 
 377 976 526 240 49 56 995 
 377 780 623 31 556 920 965 
 404 497 221 945 47 811 300 
 280 651 315 753 432 588 63 
 800 307 574 969 153 548 533 
 759 211 482 601 213 425 959 
 79 164 647 136 304 249 818 
 683 495 334 523 698 29 440 
 602 193 693 278 274 728 727 
 860 121 73 781 43 908 937 
 847 281 916 167 446 687 530 
 94 587 990 587 178 317 169 
 940 243 757 361 957 253 385 
 363 965 36 138 242 505 159 
 711 523 163 444 925 332 644 
 445 421 180 202 901 356 154 
 896 958 689 804 64 437 728 
 230 737 348 305 278 841 173 
 304 561 120 255 234 512 210 
 715 508 688 131 763 228 44 
 199 383 36 971 777 623 954 
 841 383 415 392 230 528 446 
 724 168 845 773 39 530 376 
 112 359 434 256 614 51 627 
 183 928 185 399 105 747 834 
 401 781 77 856 830 825 74 
 749 810 200 196 851 57 899 
 923 946 892 40 90 797 360 
 252 533 99 997 505 820 87 
 636 176 425 742 902 358 833 
 540 364 830 228 582 145 754 
 476 524 545 129 632 407 584 
 239 549 660 243 360 481 675 
 840 162 159 891 868 948 538 
 537 728 314 170 85 986 814 
 151 227 444 782 776 522 415 
 409 898 358 878 159 994 997 
 683 482 225 892 762 808 434 
 423 551 397 892 547 95 51 
 512 508 585 401 802 37 179 
 5 423 19 101 353 107 751 
 238 414 695 256 391 731 917 
 877 332 924 275 979 20 707 
 521 883 253 791 283 920 465 
 959 61 147 782 965 513 895 
 608 18 866 92 927 909 766 
 283 961 964 
 701 542 149 118 548 718 28 
 342 376 673 712 888 747 905 
 273 64 568 14 252 335 519 
 894 363 205 7 666 938 141 
 390 97 398 11 409 584 310 
 126 492 504 671 206 97 366 
 713 52 9 216 843 804 579 
 877 318 75 679 698 436 456 
 282 83 63 36 823 647 289 
 681 794 787 943 972 188 834 
 692 946 548 193 63 820 244 
 469 581 938 879 456 972 345 
 843 384 244 756 595 431 53 
 275 394 288 168 222 830 413 
 904 808 482 139 485 420 282 
 403 995 856 164 983 543 508 
 867 864 701 825 930 738 618 
 601 147 652 693 970 733 537 
 148 930 415 281 80 682 832 
 252 783 226 1 331 845 648 
 89 246 970 992 935 157 26 
 90 396 176 503 927 217 405 
 31 521 314 316 757 237 900 
 524 88 162 228 940 741 174 
 939 793 605 580 875 379 910 
 616 163 246 427 542 538 512 
 723 950 380 967 610 224 144 
 481 634 391 862 528 343 247 
 504 604 157 582 175 926 602 
 92 219 669 595 578 319 291 
 719 940 490 501 518 790 599 
 333 471 735 607 287 68 80 
 27 765 222 995 331 579 408 
 444 86 418 893 752 887 109 
 600 55 396 5 911 172 926 
 828 239 847 287 348 686 998 
 623 390 227 432 581 186 133 
 53 918 369 54 30 894 971 
 30 952 953 322 454 432 768 
 883 275 181 357 48 583 496 
 85 110 823 621 417 383 390 
 854 162 831 516 196 79 111 
 766 821 353 76 364 212 96 
 100 725 603 573 974 883 41 
 599 646 966 323 786 499 713 
 36 819 793 254 964 868 757 
 538 562 400 412 329 737 597 
 770 440 411 533 404 164 673 
 98 109 766 182 77 48 843 
 887 637 946 685 802 199 245 
 859 353 715 571 864 341 72 
 745 479 746 988 647 138 255 
 550 593 172 186 856 672 757 
 861 749 78 623 723 878 203 
 98 769 300 602 196 820 405 
 130 190 390 591 749 759 720 
 342 315 529 39 509 964 261 
 734 277 528 647 231 649 191 
 290 113 901 503 41 215 98 
 592 298 447 636 145 707 854 
 61 233 362 579 393 933 718 
 954 609 213 55 349 19 164 
 29 730 648 547 779 543 787 
 397 866 478 714 112 149 216 
 254 577 640 771 355 708 896 
 379 102 445 73 786 586 970 
 593 271 889 317 223 463 154 
 707 603 246 71 990 189 252 
 570 762 845 392 333 169 173 
 774 183 551 848 760 582 580 
 457 605 552 733 796 484 687 
 970 581 590 
 183 398 922 663 744 169 657 
 827 396 4 361 448 96 217 
 58 87 99 304 283 498 936 
 618 767 684 851 470 695 484 
 901 732 718 399 287 517 543 
 976 256 70 647 849 991 241 
 786 830 760 570 6 526 190 
 450 217 648 420 621 627 584 
 508 12 971 670 171 690 211 
 770 395 359 619 578 207 686 
 31 327 995 38 391 731 227 
 91 994 803 152 403 9 476 
 283 440 925 223 9 663 416 
 724 130 485 668 175 434 388 
 486 605 187 721 712 93 585 
 366 793 15 555 197 29 686 
 450 907 668 221 923 704 580 
 114 756 824 6 532 97 308 
 264 214 940 237 824 401 942 
 501 859 644 311 126 488 362 
 327 319 848 535 690 483 82 
 330 966 367 241 665 381 367 
 524 728 312 599 64 79 289 
 706 960 54 206 837 368 994 
 727 624 388 356 975 978 987 
 374 714 210 251 533 723 629 
 819 108 426 794 475 150 239 
 655 4 786 857 762 871 628 
 869 319 166 824 760 564 516 
 325 691 173 942 282 273 408 
 590 460 426 241 259 499 668 
 779 403 616 30 19 979 478 
 933 773 876 163 42 627 446 
 870 874 353 241 341 356 993 
 240 701 119 30 860 560 67 
 275 233 790 796 930 571 916 
 758 252 614 661 804 276 480 
 139 526 689 896 763 141 31 
 651 916 536 541 674 894 845 
 428 773 418 254 284 909 757 
 961 486 52 587 486 1 333 
 662 366 206 995 316 575 754 
 931 961 170 807 641 610 721 
 705 764 788 649 425 848 896 
 356 675 790 536 995 856 102 
 374 661 931 56 168 819 203 
 453 661 599 550 536 511 640 
 288 524 350 622 694 597 369 
 733 173 254 67 892 105 269 
 390 962 151 856 763 262 489 
 966 997 667 541 461 352 997 
 428 655 589 70 555 492 650 
 407 195 686 979 672 65 342 
 747 838 13 610 873 303 347 
 795 451 878 675 744 787 790 
 657 276 76 89 220 496 962 
 286 15 848 692 165 753 111 
 555 346 356 42 192 394 392 
 268 199 992 357 47 110 326 
 42 565 539 69 161 802 192 
 419 311 66 992 952 316 313 
 638 438 159 447 162 707 7 
 928 706 912 785 732 410 847 
 260 923 924 879 622 174 846 
 991 596 286 109 684 636 334 
 165 266 739 487 390 692 990 
 535 686 780 609 456 729 201 
 752 218 904 755 537 544 749 
 264 302 739 658 884 371 393 
 908 570 380 531 27 38 732 
 546 830 150 909 943 144 891 
 690 500 981 
 60 406 973 675 908 371 446 
 720 361 218 996 520 612 829 
 899 411 919 582 155 248 378 
 141 385 276 420 60 270 144 
 442 411 274 158 672 642 279 
 305 571 42 813 415 42 826 
 408 104 112 19 764 419 562 
 530 732 629 704 985 477 329 
 566 908 613 118 440 404 643 
 163 680 909 373 507 614 535 
 940 385 332 832 472 674 158 
 852 755 941 715 529 518 27 
 40 981 173 29 109 700 868 
 394 429 395 350 414 713 670 
 530 818 911 770 4 926 245 
 793 412 550 600 177 56 263 
 355 971 35 424 176 948 475 
 160 23 237 355 124 258 587 
 20 230 788 942 284 668 477 
 298 828 77 951 215 715 484 
 53 473 269 114 608 263 833 
 397 282 939 796 483 974 566 
 729 820 149 41 925 746 914 
 292 900 546 864 71 118 552 
 73 226 670 516 277 692 800 
 662 60 365 656 882 60 108 
 363 963 545 592 375 586 328 
 528 681 4 250 536 441 68 
 161 514 688 573 227 200 525 
 813 569 419 778 123 750 486 
 354 639 56 543 350 83 545 
 930 940 885 162 213 87 322 
 716 347 469 674 598 146 770 
 109 645 68 559 369 527 637 
 139 153 406 689 429 324 349 
 35 46 994 236 53 801 543 
 787 434 56 693 848 109 502 
 164 409 192 478 569 552 539 
 781 839 361 267 2 383 213 
 750 490 185 396 472 851 896 
 36 911 366 975 180 159 611 
 158 943 61 628 234 969 275 
 498 871 627 112 231 398 814 
 628 600 423 505 302 568 757 
 651 215 44 661 584 315 75 
 188 387 826 426 659 447 691 
 432 867 886 955 470 608 470 
 832 213 656 470 209 276 856 
 612 993 264 778 716 487 90 
 136 208 551 95 552 762 742 
 819 421 34 40 226 945 912 
 193 148 652 137 765 294 739 
 217 433 792 777 317 254 674 
 503 958 753 797 683 460 459 
 91 561 496 145 990 340 295 
 163 354 171 335 580 162 315 
 372 63 3 209 784 356 554 
 188 788 533 854 852 817 36 
 84 869 276 200 759 1000 85 
 443 253 360 814 972 423 608 
 516 949 488 189 375 589 667 
 912 970 971 778 135 185 367 
 195 800 109 368 57 469 353 
 181 58 318 865 444 798 97 
 560 324 771 450 654 460 824 
 770 35 831 879 593 111 902 
 402 108 125 539 514 685 882 
 878 161 772 537 898 445 553 
 709 125 233 911 723 467 531 
 175 485 975 904 602 927 990 
 959 820 151 243 936 569 606 
 922 962 969 
 97 166 263 275 134 328 104 
 34 863 398 512 370 953 592 
 570 697 353 296 417 133 83 
 121 491 753 338 957 308 728 
 158 99 421 941 713 694 801 
 448 672 535 19 289 345 806 
 769 554 585 979 246 214 907 
 623 394 859 759 529 90 449 
 992 169 792 999 692 510 728 
 18 530 865 168 740 61 830 
 437 134 10 829 949 518 411 
 461 720 55 97 787 517 948 
 828 301 101 786 506 177 74 
 311 576 380 62 902 956 244 
 99 344 206 613 567 745 786 
 580 715 992 607 117 879 140 
 717 556 575 311 456 613 900 
 468 575 749 723 496 635 413 
 557 498 167 570 212 122 468 
 533 416 658 906 642 540 983 
 646 347 108 518 630 635 547 
 606 661 354 358 865 271 212 
 418 202 147 936 382 230 180 
 976 537 755 126 789 721 1 
 208 696 312 706 614 337 591 
 291 4 360 215 695 218 36 
 844 400 898 134 257 749 314 
 989 665 418 81 768 682 59 
 380 366 18 30 70 893 799 
 123 57 52 240 228 847 1 
 84 420 591 882 990 857 904 
 716 445 433 791 469 870 206 
 800 650 440 898 190 799 571 
 57 707 18 416 632 278 478 
 462 617 472 464 698 363 396 
 972 227 380 274 93 305 294 
 690 751 652 98 801 29 715 
 807 901 408 371 289 871 22 
 692 146 430 454 466 410 262 
 125 320 317 10 635 181 704 
 63 802 571 580 811 532 467 
 726 618 945 59 604 847 66 
 747 528 691 25 34 786 423 
 533 419 150 440 223 23 283 
 960 982 505 159 934 546 860 
 819 875 291 733 778 396 607 
 367 8 518 125 451 628 829 
 84 268 878 859 354 291 207 
 768 399 63 307 230 678 890 
 967 554 430 668 674 593 60 
 432 838 48 390 720 787 393 
 328 802 879 255 351 24 799 
 256 806 776 844 614 532 807 
 574 724 706 518 410 960 493 
 602 627 597 888 741 545 861 
 839 542 916 104 595 849 87 
 776 984 422 61 360 632 834 
 381 648 830 272 84 106 530 
 302 126 265 175 919 828 207 
 374 403 437 891 665 905 813 
 276 471 904 494 40 242 624 
 456 603 57 459 265 848 742 
 586 973 424 703 953 116 350 
 85 523 407 967 903 892 640 
 802 212 760 404 915 515 542 
 858 999 546 740 752 335 88 
 601 538 261 43 757 425 183 
 792 913 509 470 999 661 770 
 573 642 941 340 331 529 708 
 595 23 535 604 836 910 26 
 690 925 133 589 781 598 311 
 518 440 64 
 110 918 883 719 185 92 766 
 231 178 80 785 615 980 296 
 460 264 287 196 658 212 867 
 442 116 927 30 137 710 206 
 654 814 940 490 853 448 602 
 59 591 244 614 380 693 952 
 686 907 399 895 609 732 851 
 642 71 290 272 489 232 454 
 209 628 669 179 90 979 672 
 815 284 607 764 433 161 431 
 860 250 878 547 869 478 235 
 345 163 600 243 104 172 574 
 364 727 135 177 78 276 666 
 995 956 998 933 590 660 98 
 634 105 901 103 345 153 253 
 472 894 721 512 595 706 906 
 520 830 89 856 455 957 336 
 978 734 547 204 423 659 255 
 131 113 995 714 668 931 661 
 337 717 306 259 815 512 316 
 558 464 773 435 889 317 678 
 520 394 74 692 711 727 689 
 821 895 679 605 626 886 227 
 494 889 127 824 919 808 203 
 790 753 740 143 238 237 477 
 947 14 684 826 846 635 447 
 243 746 299 269 546 668 568 
 232 353 927 979 30 50 733 
 614 497 329 549 432 245 394 
 603 791 604 577 410 479 300 
 918 706 940 307 373 889 377 
 640 678 820 950 25 129 922 
 99 467 399 684 864 653 105 
 24 224 500 249 990 993 885 
 251 536 92 780 833 796 372 
 823 577 926 113 169 7 327 
 290 39 418 841 588 964 215 
 974 404 910 607 51 126 581 
 882 192 692 871 17 781 349 
 596 485 939 371 330 72 383 
 43 776 358 991 818 267 99 
 858 900 2 44 490 444 649 
 189 496 90 33 829 923 576 
 218 275 272 203 469 279 785 
 378 564 345 766 463 934 283 
 739 144 796 629 358 485 76 
 155 175 727 729 313 734 453 
 951 426 22 869 751 75 419 
 525 671 890 876 439 198 837 
 553 590 898 365 555 411 186 
 880 470 174 235 87 871 837 
 99 627 117 542 751 504 689 
 636 229 879 837 411 24 716 
 582 676 535 636 201 327 941 
 685 319 835 166 835 64 791 
 542 638 240 430 953 356 436 
 372 98 624 716 780 581 959 
 117 109 371 190 93 280 584 
 638 374 34 654 819 502 241 
 327 895 453 80 614 641 540 
 467 347 140 229 882 743 913 
 486 509 134 541 61 627 333 
 776 499 747 752 690 480 759 
 645 142 402 452 734 804 461 
 474 385 655 153 979 272 731 
 542 997 919 692 745 567 848 
 423 979 358 857 665 246 645 
 80 985 671 6 75 223 209 
 435 315 721 584 859 274 506 
 56 837 352 296 865 30 945 
 849 827 75 924 358 625 917 
 668 547 71 
 615 543 363 539 200 120 198 
 173 696 932 919 134 581 783 
 279 585 219 684 117 660 54 
 390 464 198 455 658 905 261 
 608 744 139 142 903 821 312 
 652 756 43 930 436 43 619 
 550 790 671 200 793 901 141 
 459 583 368 524 141 952 144 
 669 280 809 129 959 917 660 
 147 759 923 431 857 241 356 
 548 200 890 344 414 50 617 
 294 430 58 385 574 505 174 
 888 639 922 546 52 961 926 
 139 882 730 356 438 38 865 
 432 676 682 124 444 559 191 
 170 190 849 60 224 535 401 
 881 92 801 236 514 803 14 
 180 708 498 992 484 50 583 
 436 959 204 758 213 372 324 
 194 274 666 968 401 439 99 
 398 94 716 938 556 245 40 
 923 226 409 131 647 582 630 
 390 332 285 125 675 710 722 
 418 12 184 800 199 653 569 
 623 438 600 687 417 97 844 
 500 714 130 437 347 305 482 
 442 137 456 722 617 59 637 
 555 42 355 662 294 486 98 
 503 90 766 140 555 921 995 
 479 124 441 56 281 963 315 
 17 828 182 597 75 203 420 
 616 584 249 73 626 305 614 
 402 1 866 768 976 299 524 
 611 5 584 822 81 751 421 
 752 296 447 999 292 430 49 
 347 493 525 633 16 549 766 
 17 873 496 103 925 859 570 
 668 219 883 104 574 819 101 
 697 311 915 45 59 689 687 
 318 814 193 482 179 585 71 
 559 793 182 146 350 80 142 
 725 751 821 660 172 456 842 
 946 677 847 80 581 959 222 
 178 139 963 969 41 86 365 
 281 486 575 241 502 523 499 
 437 871 888 500 282 705 239 
 8 633 64 798 986 1000 80 
 760 314 562 202 931 645 216 
 191 407 957 705 703 283 646 
 722 71 879 702 894 603 184 
 626 932 985 168 671 684 409 
 858 423 911 46 318 152 864 
 838 968 268 366 553 984 155 
 415 690 66 480 100 480 772 
 333 519 260 641 71 893 561 
 528 121 395 245 675 722 137 
 577 97 231 353 338 274 422 
 231 93 581 823 670 108 652 
 322 14 483 979 817 519 474 
 251 884 43 240 712 870 47 
 315 228 75 536 114 73 262 
 725 526 313 20 449 620 638 
 218 925 44 641 615 231 903 
 211 993 845 99 20 377 320 
 670 975 149 200 283 738 705 
 787 631 927 677 653 523 868 
 541 254 87 530 708 774 275 
 415 829 649 637 812 814 659 
 680 510 893 250 267 510 535 
 854 806 751 869 697 178 970 
 718 550 295 275 427 772 213 
 729 76 391 
 31 913 469 450 651 831 112 
 95 450 529 737 258 592 444 
 484 985 922 827 783 900 410 
 451 807 811 340 887 611 188 
 790 484 987 322 698 84 535 
 716 523 716 598 802 96 740 
 13 592 203 1 99 313 665 
 76 463 386 519 17 713 35 
 537 607 600 814 218 602 217 
 925 651 434 986 885 59 81 
 633 869 994 824 552 92 270 
 414 366 997 218 165 884 276 
 538 716 619 798 758 124 88 
 554 666 596 189 1 954 19 
 119 455 981 945 457 358 977 
 939 219 726 32 243 610 247 
 757 236 590 515 33 69 55 
 188 796 909 572 904 908 681 
 208 558 359 910 421 584 776 
 721 422 78 795 640 374 54 
 33 750 114 174 610 825 319 
 869 182 692 730 500 129 987 
 276 488 794 170 226 348 306 
 963 950 721 773 68 295 813 
 426 421 873 996 890 138 500 
 633 98 644 605 539 232 904 
 703 472 463 165 455 754 475 
 78 771 868 924 123 952 210 
 602 199 957 323 765 634 603 
 528 289 468 505 994 691 30 
 249 245 199 193 908 118 653 
 803 630 510 407 821 322 819 
 564 813 475 219 737 572 168 
 576 932 879 949 522 760 511 
 48 63 319 567 778 603 243 
 912 698 896 547 510 49 924 
 655 984 472 884 266 10 833 
 276 953 275 567 52 735 77 
 790 210 366 664 395 394 365 
 390 754 589 293 884 769 4 
 146 213 223 755 353 318 924 
 718 990 777 296 37 866 563 
 211 903 134 396 808 647 779 
 265 455 745 670 651 231 467 
 348 334 1000 388 208 625 466 
 125 407 744 31 953 920 659 
 705 214 396 860 500 561 850 
 91 873 251 976 586 23 621 
 992 591 529 701 16 117 80 
 662 343 777 279 744 328 581 
 257 965 161 519 627 415 536 
 759 713 666 754 666 425 28 
 467 993 769 503 549 697 698 
 507 441 561 417 491 454 414 
 969 454 468 318 250 570 39 
 237 895 303 349 19 315 833 
 942 946 633 348 142 329 246 
 613 243 10 352 532 839 91 
 226 443 829 903 334 381 715 
 378 1 863 572 14 69 672 
 202 33 114 888 430 770 161 
 705 424 600 654 80 436 353 
 67 482 266 834 908 598 212 
 92 439 87 262 49 383 614 
 695 66 509 441 841 128 29 
 165 690 299 473 653 809 910 
 304 848 944 103 685 420 83 
 87 439 548 572 150 611 186 
 443 92 916 869 568 159 302 
 817 10 568 165 210 883 172 
 993 870 401 371 157 301 501 
 651 308 1 
 489 546 515 789 259 261 908 
 887 828 130 231 582 40 80 
 337 674 59 250 970 773 392 
 886 712 629 72 192 821 31 
 300 941 304 10 220 73 871 
 97 619 927 183 527 128 260 
 145 519 878 162 693 170 414 
 238 539 352 753 184 46 562 
 535 517 479 374 990 470 307 
 824 852 702 195 456 451 671 
 255 800 824 906 514 585 841 
 63 788 899 802 530 850 953 
 726 362 749 893 573 657 268 
 641 138 517 675 409 801 865 
 521 826 476 794 738 691 234 
 498 450 733 611 687 460 971 
 23 529 524 257 759 501 763 
 206 578 92 668 890 536 379 
 569 94 20 929 527 142 868 
 922 977 384 520 334 568 121 
 788 489 885 395 485 32 532 
 688 989 1 369 677 174 935 
 39 616 129 671 108 32 300 
 662 6 318 725 159 116 583 
 609 878 972 118 962 477 433 
 539 596 778 24 646 774 972 
 38 842 130 233 620 58 619 
 258 445 37 737 1 166 9 
 365 232 490 120 805 993 344 
 300 415 908 38 595 141 900 
 497 507 628 921 275 597 516 
 739 836 202 864 859 764 214 
 35 282 94 78 798 581 4 
 186 716 15 242 291 577 125 
 596 115 974 704 95 159 54 
 293 80 662 478 300 918 238 
 175 907 209 795 666 775 223 
 366 719 735 290 335 254 609 
 411 387 874 489 269 11 489 
 662 73 162 709 394 485 653 
 695 701 51 568 784 920 955 
 372 711 922 400 458 49 470 
 476 174 404 678 171 628 649 
 911 247 555 149 413 872 820 
 703 776 249 473 223 661 227 
 870 915 205 211 361 320 27 
 355 376 858 880 257 974 756 
 991 257 494 471 320 987 75 
 27 997 740 181 374 310 933 
 924 886 68 390 729 712 80 
 145 74 415 633 694 657 444 
 615 753 297 904 19 750 744 
 58 195 904 795 729 391 644 
 501 976 116 289 165 885 675 
 595 546 8 953 956 878 827 
 381 137 814 790 803 654 366 
 815 867 681 348 356 800 447 
 299 705 202 361 779 224 171 
 636 179 419 938 11 855 90 
 945 109 271 853 614 590 565 
 568 195 142 460 530 574 892 
 249 764 720 864 226 706 975 
 83 225 747 930 791 79 64 
 479 454 473 934 31 563 340 
 699 76 531 607 138 488 898 
 988 623 580 405 598 834 787 
 594 346 556 653 881 789 402 
 402 298 34 700 324 619 192 
 972 203 544 532 343 448 857 
 148 621 1 97 183 280 726 
 124 293 110 616 111 18 919 
 884 476 865 
 734 378 732 338 279 897 851 
 12 92 6 770 121 599 273 
 343 300 983 534 717 403 452 
 556 531 204 57 679 917 497 
 763 181 932 123 973 971 934 
 184 57 325 606 909 335 232 
 994 41 590 568 878 991 186 
 208 692 601 235 245 56 948 
 593 392 244 561 129 224 729 
 445 809 308 472 52 899 369 
 219 602 732 992 463 982 273 
 212 998 821 413 158 758 321 
 957 905 243 582 328 797 589 
 416 128 163 458 149 617 301 
 713 783 436 188 675 789 234 
 950 922 598 913 789 887 597 
 1 609 612 235 859 48 750 
 136 557 411 712 559 944 249 
 360 836 230 415 754 343 676 
 414 838 605 252 555 147 298 
 615 516 72 177 508 496 286 
 71 179 588 879 923 800 76 
 637 382 65 663 322 546 398 
 897 955 293 395 544 220 466 
 111 502 873 155 785 313 266 
 320 648 379 468 453 767 370 
 815 927 730 415 115 870 819 
 760 809 296 99 780 172 784 
 978 241 676 227 132 576 406 
 63 905 963 524 65 123 531 
 181 365 6 180 389 644 9 
 605 699 829 607 825 237 380 
 996 647 60 330 111 338 711 
 722 556 808 775 47 527 722 
 784 126 559 544 178 79 888 
 897 547 242 223 302 669 196 
 900 12 598 231 441 99 468 
 802 324 370 476 293 542 86 
 279 419 273 175 395 261 804 
 329 707 763 478 874 110 705 
 643 16 568 499 705 945 67 
 96 706 55 811 896 912 738 
 772 726 242 243 708 923 840 
 681 824 136 856 814 816 944 
 374 631 321 153 997 45 206 
 626 641 111 397 129 824 452 
 235 435 315 9 975 779 960 
 502 119 359 997 161 413 925 
 940 176 280 744 250 550 762 
 986 702 933 884 825 625 934 
 756 529 977 777 146 837 741 
 455 645 725 993 32 832 886 
 815 774 619 549 969 446 603 
 874 385 722 434 580 396 775 
 941 167 418 7 727 400 271 
 302 216 877 471 213 685 508 
 787 89 662 258 206 544 850 
 368 310 904 859 637 363 632 
 681 750 641 988 439 86 317 
 321 935 358 337 316 846 154 
 392 354 416 121 16 479 458 
 354 386 432 322 486 251 615 
 614 467 72 938 494 826 916 
 235 475 141 225 805 492 530 
 655 962 4 397 160 887 38 
 226 271 260 796 878 412 333 
 666 752 304 731 629 386 473 
 464 282 343 461 268 640 947 
 582 786 317 182 466 329 850 
 927 807 451 862 464 368 576 
 283 893 642 8 162 452 670 
 651 767 11 
 596 433 565 580 668 320 23 
 18 900 760 747 160 696 128 
 576 190 133 855 849 987 812 
 818 24 825 510 152 204 618 
 468 559 86 318 83 237 206 
 259 618 710 976 688 300 856 
 998 450 963 552 173 691 314 
 842 839 387 25 162 619 456 
 287 166 294 260 41 192 672 
 644 109 973 254 146 613 7 
 651 655 204 674 398 546 34 
 880 825 294 527 788 783 767 
 889 873 699 627 781 777 121 
 361 423 69 109 915 387 832 
 869 146 879 866 159 205 574 
 444 690 457 205 640 750 760 
 323 6 818 673 275 463 625 
 843 641 722 948 649 102 31 
 246 884 539 711 90 211 95 
 423 109 755 209 569 731 95 
 156 681 426 903 326 976 656 
 160 671 226 557 894 353 832 
 992 60 716 165 963 967 655 
 905 374 966 397 671 677 546 
 285 846 256 653 24 98 366 
 668 928 577 656 724 557 549 
 383 237 175 643 277 737 667 
 344 100 636 733 414 985 313 
 610 82 230 944 442 14 651 
 297 168 844 41 54 898 857 
 364 372 638 293 254 152 738 
 324 11 106 737 295 528 723 
 543 335 907 365 476 446 169 
 374 233 974 177 636 99 582 
 188 727 306 801 129 554 232 
 412 819 744 210 978 513 261 
 704 690 152 651 693 468 699 
 674 733 342 694 156 745 496 
 213 790 324 833 111 174 530 
 256 490 996 421 338 757 243 
 832 110 752 44 264 826 836 
 974 325 548 570 72 36 127 
 964 202 370 588 781 87 496 
 596 538 707 17 774 325 332 
 972 126 246 10 682 927 808 
 37 567 246 244 835 961 175 
 375 63 729 948 636 16 340 
 121 786 599 728 960 996 301 
 55 308 931 240 806 776 723 
 460 146 734 640 34 687 511 
 767 202 423 654 316 198 612 
 498 166 462 959 135 548 837 
 357 28 46 222 236 746 484 
 73 833 913 359 371 447 306 
 393 569 686 268 829 938 305 
 920 775 935 174 27 506 996 
 604 607 194 595 638 456 440 
 861 993 607 271 695 655 872 
 352 646 345 52 19 387 782 
 182 584 733 342 845 480 9 
 358 799 335 433 953 144 573 
 336 283 149 265 737 61 347 
 229 179 790 614 935 13 440 
 315 421 976 414 468 214 633 
 807 702 808 595 564 93 133 
 183 760 291 341 35 924 866 
 802 428 480 55 406 571 984 
 810 300 559 404 839 312 264 
 711 590 168 279 274 699 15 
 615 344 277 110 13 616 527 
 570 878 417 80 131 636 898 
 290 33 664 
 901 453 438 734 750 769 124 
 459 719 101 621 904 161 443 
 237 196 474 504 504 282 185 
 428 747 559 307 886 59 890 
 499 477 919 226 427 86 302 
 344 757 952 96 441 480 337 
 15 634 723 710 257 745 186 
 173 284 480 668 811 168 448 
 593 861 427 382 75 207 520 
 465 603 269 644 255 313 869 
 886 138 185 880 356 422 752 
 909 973 343 401 5 682 917 
 103 588 83 191 427 132 803 
 825 187 776 707 100 230 115 
 480 993 378 167 795 614 482 
 405 308 812 112 919 158 47 
 958 271 729 266 604 909 314 
 109 721 611 322 361 770 345 
 929 61 491 287 785 376 985 
 662 474 981 11 829 872 940 
 507 253 7 423 689 491 418 
 792 354 25 638 35 771 531 
 545 655 528 10 586 787 794 
 698 336 882 700 107 985 790 
 28 394 8 838 714 822 54 
 248 578 506 5 885 377 117 
 870 543 865 603 600 35 541 
 801 885 389 236 579 636 48 
 701 886 273 339 782 356 244 
 362 44 475 252 274 66 940 
 9 762 466 308 316 882 212 
 396 111 653 426 385 220 493 
 599 947 222 770 467 782 626 
 899 976 290 299 192 185 227 
 664 229 815 200 983 999 19 
 347 318 580 707 725 197 788 
 101 591 92 698 661 369 126 
 304 550 51 515 717 234 788 
 926 440 825 494 467 817 643 
 478 207 532 510 924 404 605 
 470 959 243 778 96 421 424 
 579 581 429 412 266 806 582 
 757 483 868 459 909 970 564 
 861 789 486 589 519 224 657 
 714 895 216 669 541 249 128 
 86 10 811 710 921 975 264 
 103 864 468 894 583 931 182 
 767 760 77 467 79 566 356 
 381 618 75 726 247 979 807 
 460 185 531 534 304 443 560 
 863 485 683 794 256 898 766 
 748 339 470 865 886 486 347 
 741 301 917 363 203 551 600 
 755 261 904 580 641 816 294 
 99 79 675 941 443 309 233 
 490 958 528 310 231 247 252 
 595 851 663 27 898 614 307 
 579 160 951 598 48 517 959 
 581 86 76 810 495 421 219 
 856 353 570 842 72 259 274 
 475 903 179 638 974 171 293 
 420 522 507 616 123 811 466 
 902 573 77 671 740 178 60 
 902 892 464 426 380 914 260 
 413 348 773 248 246 493 121 
 498 57 448 710 960 501 635 
 835 557 171 527 608 585 79 
 433 862 508 784 642 952 170 
 23 982 557 44 538 144 308 
 921 677 824 471 913 589 298 
 979 901 796 822 605 647 947 
 582 308 774 
 962 108 406 878 489 423 907 
 857 973 841 364 560 801 833 
 474 591 130 729 974 171 768 
 120 891 628 973 293 678 675 
 528 168 321 579 775 656 706 
 831 565 956 415 206 609 762 
 293 729 170 809 373 680 804 
 903 21 72 252 634 272 118 
 602 439 453 663 531 836 304 
 639 332 510 211 654 630 665 
 698 257 340 955 417 374 606 
 784 373 974 667 675 653 856 
 848 41 744 937 162 589 211 
 541 725 155 336 115 827 966 
 248 844 987 831 708 875 879 
 332 455 833 220 485 340 79 
 831 612 790 43 588 396 355 
 14 598 702 112 283 101 12 
 67 832 986 22 330 106 164 
 982 431 282 241 204 544 953 
 883 424 400 732 176 379 464 
 56 728 236 722 869 532 675 
 731 306 107 847 103 668 379 
 81 313 654 842 733 577 63 
 50 283 628 486 854 666 946 
 494 423 111 586 601 908 184 
 957 918 822 571 453 770 343 
 349 620 632 110 708 165 681 
 155 412 659 162 234 218 602 
 695 610 826 865 51 363 40 
 253 357 993 648 668 865 930 
 87 846 812 633 990 988 324 
 889 106 269 51 465 972 148 
 347 25 288 475 358 320 536 
 310 916 92 639 368 443 70 
 517 726 542 162 622 126 6 
 258 97 605 705 733 944 658 
 676 51 844 549 745 264 710 
 367 154 841 982 465 729 314 
 475 20 493 379 303 268 909 
 590 208 620 441 185 478 671 
 325 963 528 939 908 113 13 
 862 614 558 635 46 810 484 
 361 706 490 733 821 177 345 
 384 229 926 981 660 582 769 
 949 534 494 580 329 274 562 
 906 75 611 14 119 33 123 
 80 159 959 17 963 744 487 
 197 116 919 817 701 375 596 
 904 357 575 428 33 953 288 
 754 989 362 685 693 481 657 
 167 847 210 247 764 771 50 
 360 555 484 440 859 433 205 
 467 707 302 437 181 970 260 
 798 479 474 324 650 168 299 
 937 388 174 820 345 839 640 
 522 39 754 897 962 994 630 
 125 638 547 180 64 928 657 
 105 371 162 572 31 278 818 
 315 219 324 694 295 353 641 
 587 900 847 21 613 962 931 
 901 349 151 149 678 598 99 
 796 352 350 105 522 468 133 
 384 319 862 695 525 142 504 
 226 134 202 420 438 575 958 
 799 255 220 239 366 115 683 
 970 826 571 200 188 820 412 
 93 870 214 156 735 573 710 
 507 769 899 884 414 231 823 
 182 773 290 453 856 255 438 
 493 108 699 29 53 427 230 
 594 606 930 
 707 853 830 787 805 297 282 
 208 37 415 930 231 85 297 
 58 646 912 358 644 126 264 
 871 623 383 69 718 389 160 
 86 658 711 587 585 706 345 
 185 498 679 350 250 598 312 
 242 907 900 444 625 974 936 
 34 874 138 463 712 971 727 
 42 757 467 832 650 7 746 
 975 784 683 857 233 490 193 
 24 246 652 163 804 398 828 
 721 589 68 308 198 216 84 
 877 320 761 116 496 706 503 
 77 348 354 365 949 799 905 
 836 419 341 477 969 506 353 
 689 615 18 142 40 429 273 
 716 211 6 445 835 224 563 
 502 393 214 744 653 372 114 
 105 415 742 43 250 519 379 
 646 497 855 308 857 404 669 
 721 551 738 214 536 753 843 
 59 272 351 127 581 220 872 
 471 377 984 871 149 412 253 
 18 564 206 844 977 496 862 
 581 492 467 384 749 273 756 
 721 600 519 57 663 892 797 
 318 257 385 665 156 730 522 
 74 794 28 356 69 274 206 
 745 385 37 533 692 433 524 
 556 714 851 371 67 429 525 
 541 281 7 59 111 177 448 
 56 839 14 160 875 216 558 
 300 453 604 911 161 483 536 
 389 545 768 630 399 944 944 
 46 572 461 36 154 601 233 
 336 899 199 498 294 287 358 
 380 361 239 740 20 977 809 
 771 244 753 595 158 573 674 
 802 490 840 533 430 692 130 
 635 246 366 259 693 418 921 
 5 714 301 786 733 716 798 
 356 908 233 642 593 218 610 
 388 544 591 342 88 765 104 
 308 51 699 787 459 738 450 
 380 897 356 921 899 133 176 
 146 844 597 246 864 276 134 
 119 777 147 175 508 459 639 
 517 32 752 514 125 548 537 
 473 891 509 548 124 349 208 
 981 331 686 937 646 639 59 
 47 694 892 71 520 851 632 
 664 659 95 677 494 673 571 
 453 471 210 894 682 867 705 
 252 699 152 887 631 838 61 
 408 86 656 327 776 24 981 
 757 852 934 112 763 728 316 
 657 50 851 238 306 770 436 
 666 368 644 732 441 777 42 
 184 373 482 963 909 394 966 
 256 194 772 221 223 155 740 
 867 795 412 497 684 584 368 
 57 599 383 44 261 169 726 
 262 661 175 924 773 688 945 
 879 487 321 481 406 637 531 
 446 982 503 339 945 477 590 
 224 316 208 286 227 862 301 
 192 294 647 167 465 278 12 
 637 972 264 665 618 527 749 
 417 970 624 941 480 633 158 
 629 2 235 24 56 803 355 
 470 542 766 917 225 591 586 
 578 771 254 
 479 886 445 533 236 235 69 
 613 831 843 20 314 65 24 
 721 168 767 125 816 528 384 
 776 511 153 751 326 294 718 
 224 116 876 675 539 846 810 
 903 706 106 720 744 313 786 
 337 706 634 324 216 805 270 
 906 254 690 915 704 499 35 
 97 792 504 989 955 424 974 
 686 61 326 721 758 577 160 
 353 568 833 262 734 149 844 
 485 2 517 385 202 972 260 
 781 458 783 526 388 676 71 
 154 393 227 519 96 918 69 
 554 458 42 805 568 331 358 
 136 485 419 270 242 400 638 
 287 342 16 472 749 607 750 
 88 49 346 90 479 612 39 
 463 535 823 451 263 339 982 
 304 228 947 1000 439 739 964 
 944 115 761 97 456 517 778 
 764 810 806 510 10 575 496 
 771 434 603 156 792 692 327 
 17 446 713 500 401 231 846 
 640 372 299 280 354 176 167 
 414 981 160 68 321 878 192 
 208 709 998 65 735 700 815 
 656 984 687 518 783 120 100 
 852 697 198 357 996 998 843 
 534 908 515 727 469 484 798 
 804 303 857 756 484 655 958 
 82 489 469 150 174 248 928 
 92 92 108 299 519 503 788 
 937 862 389 932 176 703 537 
 820 270 967 663 555 310 569 
 970 473 217 167 54 879 909 
 434 356 127 951 513 760 955 
 16 667 988 151 96 333 946 
 238 557 594 668 316 113 661 
 620 768 223 992 627 576 355 
 874 346 170 628 714 402 823 
 652 622 4 781 1 922 335 
 168 707 345 540 848 308 53 
 116 585 958 710 469 5 360 
 628 302 225 853 166 32 274 
 746 958 64 869 518 562 439 
 354 912 595 976 286 2 138 
 908 731 271 312 175 24 356 
 259 177 239 785 367 356 347 
 391 971 816 446 823 590 880 
 532 631 781 617 321 219 918 
 968 683 573 793 257 966 796 
 987 856 532 149 58 112 561 
 772 320 700 599 473 985 337 
 591 699 259 631 338 430 31 
 259 979 532 115 311 261 836 
 693 892 283 140 687 20 499 
 376 165 579 937 104 520 263 
 437 427 48 403 261 654 995 
 959 312 714 208 949 967 969 
 562 627 492 102 526 356 288 
 608 939 782 350 364 475 745 
 984 5 221 524 277 13 232 
 455 887 944 824 751 742 109 
 441 742 111 163 860 255 809 
 741 356 290 701 942 494 571 
 236 35 188 18 198 675 369 
 747 102 511 522 404 246 800 
 689 448 179 133 232 94 577 
 186 296 152 444 248 783 37 
 660 863 27 69 110 971 809 
 903 186 593 
 595 517 625 328 901 259 298 
 200 526 506 208 364 391 862 
 949 318 614 992 821 711 943 
 341 179 835 895 44 884 278 
 216 840 205 377 451 665 285 
 770 961 731 346 327 888 699 
 605 504 797 301 157 351 710 
 767 931 809 349 115 619 298 
 451 511 270 490 291 204 159 
 457 249 808 91 427 598 932 
 111 876 85 821 945 850 403 
 372 543 53 240 20 264 352 
 816 438 523 132 664 806 475 
 432 289 3 63 707 686 417 
 243 253 13 911 425 448 119 
 984 69 59 231 434 795 400 
 245 311 801 738 696 791 780 
 729 29 50 668 824 2 414 
 582 437 680 909 509 862 548 
 348 999 460 909 315 81 377 
 843 479 555 344 988 753 25 
 961 485 589 694 457 194 610 
 352 211 294 84 724 8 609 
 323 384 624 13 625 195 998 
 831 958 44 413 942 972 269 
 581 956 10 214 603 911 880 
 913 659 263 943 993 495 405 
 222 448 453 1000 948 861 105 
 359 225 251 127 717 146 824 
 367 464 241 802 783 24 992 
 609 377 847 649 732 657 261 
 288 317 941 808 43 523 546 
 373 87 964 930 842 633 519 
 888 88 127 546 567 489 548 
 897 61 53 934 481 819 700 
 816 864 210 202 902 316 405 
 350 860 669 40 169 132 980 
 547 23 436 768 599 383 931 
 301 629 401 328 947 577 828 
 617 367 361 182 164 364 357 
 24 824 480 334 183 224 414 
 431 282 260 926 301 68 383 
 110 485 33 377 743 601 353 
 410 688 625 590 75 299 492 
 613 181 169 580 582 182 327 
 538 299 247 5 655 298 126 
 82 358 915 164 73 282 392 
 830 489 586 872 28 39 319 
 34 660 573 58 617 756 631 
 101 724 585 873 952 994 818 
 731 160 256 11 759 783 107 
 635 64 702 500 212 186 282 
 558 886 266 905 544 507 212 
 268 891 176 446 890 986 728 
 864 568 869 152 599 602 116 
 674 766 159 492 51 604 664 
 619 459 748 512 779 551 279 
 449 424 304 809 689 433 666 
 493 585 289 556 610 505 131 
 938 195 613 63 428 639 272 
 990 68 861 370 167 58 45 
 459 47 759 870 685 203 220 
 915 483 85 849 461 107 848 
 332 384 245 524 727 981 800 
 967 136 481 425 130 279 114 
 155 551 513 285 365 875 183 
 944 94 95 278 116 169 990 
 517 990 816 495 337 721 90 
 864 776 605 517 390 678 590 
 818 438 211 828 939 331 881 
 102 364 149 127 589 132 774 
 287 722 91 
 901 399 831 585 286 170 190 
 474 343 972 292 323 347 255 
 827 243 52 489 811 9 291 
 537 462 418 527 829 469 695 
 599 534 77 720 336 86 81 
 492 733 911 855 651 385 907 
 450 753 774 83 19 83 947 
 976 982 471 671 106 293 613 
 40 468 431 727 850 164 791 
 122 425 643 556 826 500 265 
 508 7 791 806 63 89 831 
 160 20 84 635 632 678 867 
 632 763 789 862 489 81 668 
 612 32 336 966 719 598 765 
 344 619 12 647 508 516 432 
 60 530 817 367 809 183 348 
 469 890 883 951 253 237 404 
 206 48 414 252 174 335 226 
 203 297 361 549 20 414 76 
 562 408 515 484 230 669 170 
 916 363 892 805 871 814 157 
 217 141 271 91 507 895 611 
 439 517 177 331 133 694 58 
 26 201 661 492 762 559 396 
 195 811 101 821 704 944 258 
 509 803 402 11 906 755 161 
 833 990 581 447 60 953 589 
 162 653 416 799 165 222 319 
 980 85 811 983 118 164 637 
 720 178 224 658 109 832 521 
 534 467 76 988 111 239 962 
 938 595 537 899 552 851 21 
 74 29 228 860 717 621 274 
 388 179 120 195 28 474 426 
 499 614 598 504 229 322 473 
 384 669 198 734 197 942 999 
 283 348 918 430 673 922 547 
 427 797 778 556 83 308 608 
 112 577 881 254 919 854 278 
 90 713 872 307 995 210 635 
 361 39 571 114 214 415 472 
 923 694 13 619 910 310 979 
 299 668 808 563 299 783 445 
 37 84 558 422 644 482 493 
 89 792 776 214 916 145 139 
 329 10 704 694 140 304 173 
 763 939 495 432 869 567 519 
 481 621 430 600 814 890 278 
 584 240 216 305 323 524 364 
 118 310 666 413 838 753 183 
 499 545 280 371 948 588 48 
 898 898 564 122 867 750 582 
 537 482 35 390 923 350 402 
 636 433 425 241 501 223 155 
 43 575 442 605 61 730 932 
 582 486 207 889 688 52 570 
 831 552 542 47 832 416 173 
 934 439 77 481 790 764 119 
 933 498 943 795 555 685 766 
 274 53 647 878 111 872 590 
 91 899 953 323 8 841 732 
 73 286 313 993 6 436 765 
 701 46 650 405 465 676 62 
 474 125 289 403 509 179 304 
 109 733 715 735 949 874 794 
 381 244 205 169 884 153 652 
 446 829 755 855 261 198 581 
 475 125 661 13 713 274 481 
 419 950 870 837 617 89 503 
 923 447 814 726 738 507 981 
 349 215 379 465 981 453 610 
 954 474 709 
 804 2 232 971 762 199 474 
 102 100 22 359 510 538 58 
 603 106 25 398 934 136 301 
 208 879 244 827 569 78 285 
 987 375 996 554 183 209 67 
 952 887 325 773 200 192 396 
 838 642 9 848 496 516 43 
 395 98 521 507 94 784 890 
 817 28 177 860 477 61 434 
 919 575 105 478 770 267 346 
 866 799 359 832 298 683 308 
 140 614 57 318 819 930 355 
 772 480 199 816 661 992 285 
 540 745 892 206 730 290 249 
 504 258 87 455 98 667 719 
 107 692 671 949 245 196 913 
 120 241 101 999 584 142 142 
 360 55 400 603 44 989 381 
 677 893 794 218 986 537 369 
 779 157 780 849 317 540 240 
 355 412 667 940 411 779 84 
 174 735 22 275 136 920 201 
 130 451 19 744 562 750 774 
 907 260 389 211 543 914 858 
 14 269 321 916 718 288 795 
 274 838 337 846 654 857 467 
 375 737 863 669 132 666 945 
 827 451 926 606 996 925 655 
 780 210 587 829 165 163 780 
 284 535 457 996 491 273 604 
 621 112 654 986 865 427 180 
 324 367 954 417 417 353 254 
 122 414 847 535 780 876 269 
 364 710 144 693 289 676 368 
 333 910 741 51 367 44 367 
 261 818 751 391 237 323 473 
 227 695 851 4 75 176 847 
 589 291 38 243 577 746 211 
 332 233 783 709 983 61 488 
 934 844 306 611 908 882 459 
 937 568 58 440 933 16 715 
 729 208 83 88 737 161 127 
 363 627 823 149 464 13 103 
 495 769 215 452 598 542 114 
 770 638 657 280 712 958 818 
 663 936 129 822 421 649 182 
 920 723 847 976 902 577 415 
 221 354 653 420 982 629 619 
 24 99 211 43 836 403 86 
 918 534 599 419 78 173 492 
 703 816 286 610 728 418 108 
 352 475 5 217 779 833 233 
 895 523 913 731 516 348 635 
 727 105 788 762 821 210 1 
 407 981 955 193 996 394 623 
 750 928 520 776 424 652 461 
 613 496 694 729 686 709 317 
 517 697 737 560 693 946 545 
 388 877 700 158 820 260 362 
 719 222 539 692 75 895 620 
 987 991 38 706 675 987 225 
 941 563 996 955 154 557 515 
 528 60 30 56 317 485 188 
 918 730 627 851 262 317 219 
 678 536 38 597 485 93 732 
 245 163 493 514 29 365 242 
 817 259 242 177 812 542 636 
 179 781 255 547 608 939 690 
 876 647 560 537 452 173 28 
 765 319 99 868 324 62 270 
 608 281 4 772 239 726 119 
 235 483 210 
 815 634 892 770 568 645 45 
 112 271 401 648 111 110 811 
 803 722 71 848 767 864 507 
 356 356 504 928 12 975 428 
 476 290 574 727 988 612 177 
 357 266 459 145 455 939 148 
 621 300 668 753 25 430 703 
 581 861 297 394 809 102 476 
 729 857 423 909 825 726 149 
 118 116 634 973 554 116 501 
 294 102 552 754 703 903 598 
 928 390 207 710 705 997 799 
 235 5 685 724 464 836 328 
 761 135 174 768 768 1000 459 
 336 640 507 305 886 28 158 
 712 461 466 829 511 92 503 
 661 261 600 754 534 103 210 
 671 868 644 849 480 988 354 
 22 883 743 479 129 334 520 
 423 735 107 341 384 343 275 
 976 695 585 820 962 992 278 
 986 20 47 45 103 677 146 
 491 842 266 467 232 800 753 
 23 401 637 460 191 993 33 
 758 137 215 59 575 991 590 
 559 559 810 982 367 36 334 
 54 626 467 373 942 599 232 
 336 749 447 814 50 312 222 
 318 963 773 328 672 436 51 
 59 386 463 322 176 3 492 
 849 209 685 708 132 209 886 
 758 465 174 374 730 423 112 
 711 689 669 271 6 944 219 
 406 883 449 940 953 857 192 
 494 255 150 286 591 263 994 
 999 135 949 887 436 510 809 
 101 40 596 907 370 3 626 
 713 660 824 203 508 263 206 
 386 702 661 273 618 740 160 
 303 568 331 672 826 721 996 
 29 407 635 111 275 139 644 
 72 489 224 748 380 104 843 
 860 2 988 213 772 170 84 
 659 933 167 801 359 555 884 
 424 50 808 399 408 840 280 
 271 218 450 441 439 835 217 
 254 920 83 791 895 80 611 
 606 363 269 712 13 409 896 
 378 903 441 137 571 857 45 
 30 960 606 766 387 169 949 
 121 200 784 782 934 885 100 
 15 668 294 450 920 766 583 
 744 856 348 183 34 86 225 
 52 960 983 343 121 925 210 
 293 297 360 165 548 907 481 
 118 533 339 275 336 642 324 
 667 164 543 208 604 187 246 
 107 449 924 324 563 823 411 
 880 496 384 91 709 819 408 
 641 156 167 444 129 371 322 
 488 669 706 906 493 672 596 
 216 173 95 632 878 447 138 
 266 279 616 445 94 107 951 
 322 741 279 687 938 567 486 
 963 816 183 850 771 475 84 
 136 233 791 941 119 18 682 
 298 759 84 848 459 89 484 
 942 921 962 852 910 230 678 
 959 703 206 959 701 418 818 
 915 613 236 960 6 493 959 
 12 172 394 607 764 677 561 
 341 958 855 
 25 237 563 964 382 32 200 
 528 975 601 992 273 322 271 
 771 948 956 448 781 332 955 
 784 119 913 247 772 581 82 
 76 305 700 650 761 291 714 
 611 606 262 482 550 407 847 
 342 478 634 416 420 431 202 
 158 260 985 906 346 686 13 
 513 937 566 852 743 597 733 
 754 435 775 870 222 962 115 
 93 438 615 905 472 980 446 
 293 19 746 902 502 372 271 
 402 55 555 423 742 343 31 
 924 137 8 288 495 479 682 
 721 244 196 733 697 401 184 
 96 790 12 709 509 704 559 
 601 865 822 549 107 324 676 
 73 16 549 551 363 979 731 
 406 337 246 555 521 487 355 
 428 766 319 384 220 503 166 
 142 608 493 740 761 878 114 
 538 989 899 114 865 797 899 
 199 287 59 357 79 792 78 
 954 718 349 327 985 491 352 
 409 627 84 931 539 999 816 
 371 304 798 480 784 89 995 
 116 145 543 522 311 481 939 
 646 410 812 705 992 866 288 
 304 515 409 99 674 992 500 
 313 300 793 681 42 69 360 
 183 493 518 461 507 535 93 
 98 255 785 18 63 848 325 
 614 332 171 190 86 602 399 
 138 283 232 217 753 591 271 
 514 554 888 620 216 930 460 
 81 63 100 816 554 590 399 
 72 167 257 234 213 887 410 
 232 242 463 62 788 29 357 
 193 979 190 576 385 915 745 
 651 603 719 403 37 600 648 
 694 674 212 651 109 759 917 
 725 62 656 622 487 179 18 
 38 344 390 87 724 383 944 
 325 711 646 848 77 863 77 
 443 683 653 963 705 491 979 
 157 281 967 915 117 250 888 
 40 81 144 818 919 80 72 
 533 996 645 5 532 555 705 
 94 536 13 578 213 539 335 
 269 512 52 777 733 509 925 
 292 9 479 382 1000 39 924 
 583 408 475 698 751 63 572 
 829 80 398 333 298 759 869 
 927 416 292 941 838 699 262 
 223 947 320 99 663 747 215 
 490 494 209 908 434 322 752 
 348 886 173 102 480 855 64 
 674 500 719 974 884 828 263 
 345 614 610 736 965 30 778 
 425 829 113 305 117 617 31 
 793 194 893 112 791 866 72 
 994 95 305 257 919 428 715 
 601 105 833 242 833 517 437 
 178 914 40 555 238 934 636 
 358 647 658 609 812 87 696 
 964 249 401 838 600 576 887 
 96 934 266 520 590 302 583 
 120 573 979 669 845 711 392 
 859 274 538 53 364 318 169 
 566 340 971 492 226 636 990 
 208 631 437 152 278 94 119 
 768 508 314 
 838 487 615 640 641 241 27 
 629 971 438 544 842 309 853 
 733 656 753 635 617 27 551 
 678 253 929 30 589 219 751 
 313 107 189 575 895 871 885 
 579 985 421 800 585 545 570 
 505 460 863 825 199 526 35 
 577 590 703 50 531 774 156 
 473 621 142 928 98 200 190 
 644 657 664 191 926 949 225 
 460 754 471 372 389 339 852 
 293 142 880 475 620 276 102 
 877 701 835 569 263 72 920 
 699 177 799 874 904 796 964 
 991 479 6 582 167 689 548 
 791 739 119 860 862 404 781 
 199 829 187 744 1 819 228 
 321 665 631 73 574 710 137 
 95 101 128 496 851 552 82 
 131 883 839 809 864 284 952 
 853 462 87 887 641 131 482 
 965 540 837 312 618 550 993 
 1000 811 10 533 974 801 470 
 926 988 895 27 600 830 706 
 660 569 96 430 793 269 328 
 980 304 927 434 469 840 492 
 408 29 862 951 750 872 916 
 556 591 238 12 549 265 6 
 912 734 193 691 583 818 662 
 657 558 545 990 438 997 712 
 427 544 164 71 99 482 313 
 232 947 198 883 861 593 698 
 716 902 123 123 497 365 723 
 250 593 154 815 176 254 269 
 434 227 902 687 797 614 769 
 111 235 33 760 733 166 974 
 593 584 125 63 149 849 954 
 927 694 36 365 967 314 289 
 571 45 136 39 52 908 204 
 219 687 382 293 235 694 26 
 825 981 328 358 182 718 58 
 339 951 188 726 610 176 379 
 631 554 138 640 521 759 917 
 703 499 169 464 308 426 762 
 370 83 316 469 742 977 233 
 951 704 735 530 895 299 193 
 590 573 533 579 760 243 601 
 718 675 325 299 893 161 290 
 9 659 453 641 550 80 975 
 962 510 816 97 633 441 194 
 475 155 207 464 275 958 47 
 299 490 466 8 276 686 193 
 140 26 219 144 311 375 322 
 650 611 970 573 393 737 834 
 479 492 359 135 790 207 301 
 840 693 350 685 60 587 943 
 734 161 789 89 215 606 820 
 729 75 193 767 863 480 976 
 974 82 872 464 356 56 116 
 687 402 195 436 258 867 844 
 872 397 315 753 995 926 166 
 647 828 848 906 102 147 552 
 636 630 78 178 844 172 129 
 841 47 133 288 761 736 623 
 380 124 934 746 254 94 971 
 338 311 290 346 545 131 592 
 150 214 145 293 355 976 475 
 905 573 633 334 502 290 739 
 441 285 480 587 669 481 213 
 335 865 24 811 497 274 837 
 737 136 804 623 488 843 292 
 423 834 438 
 737 268 586 328 846 150 930 
 329 832 740 585 79 680 535 
 602 635 728 843 123 621 85 
 392 626 517 680 116 887 124 
 884 351 25 758 311 931 34 
 176 169 890 234 641 870 158 
 500 378 91 662 179 646 555 
 989 226 464 942 874 718 294 
 46 960 276 553 985 419 66 
 425 405 880 102 995 271 761 
 808 618 722 586 169 430 424 
 406 369 807 746 921 169 600 
 191 676 61 748 878 362 151 
 217 36 374 203 367 379 344 
 238 423 33 203 909 179 940 
 856 336 2 734 713 243 840 
 389 644 32 734 175 285 886 
 671 840 547 967 798 11 126 
 100 560 818 109 618 461 101 
 825 673 454 300 657 472 917 
 453 228 986 135 29 489 86 
 163 615 662 466 63 588 826 
 213 103 496 755 231 884 225 
 974 681 702 965 403 883 313 
 803 852 546 201 14 697 966 
 366 664 29 476 309 533 166 
 329 668 163 759 105 531 842 
 974 786 963 791 828 436 96 
 184 879 205 374 63 698 557 
 628 759 335 894 643 216 394 
 234 653 259 558 274 438 596 
 691 658 307 777 734 534 165 
 702 806 546 956 623 600 876 
 691 994 698 771 640 266 991 
 364 55 61 264 496 803 191 
 765 286 300 71 285 385 552 
 566 547 890 601 62 597 13 
 186 984 307 627 65 123 604 
 178 267 718 217 613 434 29 
 102 589 727 340 651 997 928 
 996 222 526 208 543 934 920 
 57 893 440 563 282 45 218 
 224 40 434 793 34 134 371 
 427 764 589 641 388 874 449 
 247 713 382 969 3 733 353 
 580 886 279 797 596 445 360 
 420 868 117 645 620 600 904 
 121 397 457 786 207 815 534 
 106 155 742 425 761 614 603 
 278 340 835 401 796 306 901 
 348 953 652 628 610 392 352 
 603 110 474 427 995 745 812 
 129 613 647 798 319 754 314 
 631 107 723 625 689 784 327 
 703 880 355 752 275 146 140 
 372 883 662 510 276 943 132 
 821 607 430 903 106 564 788 
 349 168 786 206 171 507 271 
 603 312 494 794 554 448 425 
 721 627 397 757 969 487 845 
 119 481 407 254 125 702 694 
 722 492 381 109 131 925 402 
 66 44 331 426 335 397 854 
 139 980 940 445 631 172 140 
 269 578 936 703 548 970 974 
 730 299 807 111 693 903 854 
 667 599 87 306 805 540 715 
 525 966 238 704 514 338 924 
 950 170 717 549 133 680 540 
 355 235 429 531 727 296 2 
 754 528 491 874 630 419 372 
 987 64 74 
 633 72 288 340 805 392 647 
 792 243 500 255 777 30 538 
 572 280 694 644 775 853 986 
 617 422 67 17 799 509 462 
 886 180 282 421 366 202 204 
 416 371 28 257 832 7 642 
 658 952 791 897 799 16 740 
 639 818 924 395 65 716 742 
 544 389 537 344 956 478 861 
 951 803 755 571 920 76 695 
 481 156 687 558 909 179 240 
 892 326 761 30 301 187 267 
 74 780 964 344 207 36 986 
 656 134 721 999 390 367 972 
 284 285 743 984 431 699 108 
 375 641 536 121 603 913 773 
 522 455 755 420 191 209 990 
 27 448 70 311 736 893 299 
 624 59 554 492 425 919 956 
 503 178 63 863 622 134 312 
 635 431 656 666 18 92 273 
 429 674 889 185 534 315 752 
 849 358 623 390 930 871 932 
 892 720 206 220 413 363 902 
 151 762 12 75 901 864 378 
 185 389 836 911 248 604 371 
 366 432 390 980 816 44 942 
 954 371 96 910 379 242 738 
 189 658 818 466 476 892 314 
 297 30 868 168 898 275 784 
 179 643 515 992 916 954 99 
 817 540 288 921 502 436 135 
 967 865 710 619 281 965 175 
 665 414 811 193 497 289 966 
 841 501 460 127 238 519 401 
 871 948 621 400 264 996 331 
 320 563 804 212 350 663 493 
 160 63 614 793 700 845 184 
 448 101 163 459 15 746 265 
 530 895 829 709 681 374 79 
 631 953 577 622 51 751 492 
 143 685 485 303 883 327 670 
 601 900 258 378 760 580 61 
 974 800 514 312 288 71 963 
 39 109 66 105 664 218 482 
 815 555 933 708 872 668 210 
 35 819 785 748 950 183 444 
 929 921 845 848 148 572 810 
 67 865 334 58 216 699 927 
 532 441 261 864 79 887 755 
 460 167 761 654 162 207 374 
 945 761 830 731 238 139 18 
 843 407 669 701 65 894 364 
 458 518 940 358 550 212 754 
 987 558 94 417 483 692 806 
 497 108 497 180 748 450 481 
 823 944 733 730 53 959 993 
 378 146 407 256 251 147 943 
 23 248 599 464 227 836 915 
 671 314 399 409 661 105 415 
 285 821 929 368 960 784 904 
 820 177 330 176 625 759 138 
 451 733 526 533 81 2 996 
 400 839 241 3 286 448 903 
 556 927 336 363 688 453 373 
 547 455 197 500 873 364 835 
 116 354 886 458 804 712 231 
 389 494 84 866 664 32 613 
 239 350 414 878 767 481 794 
 483 78 180 455 970 458 256 
 248 682 224 31 739 764 817 
 133 52 436 
 831 440 411 589 282 67 286 
 463 424 198 4 123 400 443 
 190 664 365 856 878 181 427 
 736 757 13 747 801 166 489 
 215 403 275 896 812 165 555 
 511 850 583 568 585 349 486 
 738 29 584 868 46 3 151 
 588 844 548 121 46 747 379 
 223 574 84 447 512 836 737 
 62 120 364 372 129 252 820 
 423 674 958 887 935 350 360 
 444 64 570 186 29 47 334 
 909 760 353 732 787 32 678 
 688 748 241 45 341 386 550 
 807 387 775 554 275 473 883 
 160 412 660 999 796 524 182 
 984 157 447 861 461 393 592 
 72 104 943 396 850 500 826 
 456 956 930 90 603 516 707 
 35 963 168 748 778 945 665 
 149 411 660 95 209 196 38 
 808 523 87 824 535 452 90 
 646 702 182 662 874 501 528 
 369 465 414 248 836 672 685 
 330 68 877 427 994 18 46 
 845 979 689 538 750 373 690 
 824 305 873 273 403 837 52 
 293 314 614 412 322 897 799 
 830 775 2 162 628 607 49 
 835 559 208 370 408 872 964 
 931 321 437 915 17 6 558 
 381 604 437 901 664 673 144 
 735 670 131 217 262 763 665 
 477 794 290 29 905 939 509 
 506 736 382 598 235 743 139 
 945 171 6 923 781 984 583 
 594 350 495 916 872 380 894 
 106 655 953 20 720 740 261 
 417 709 301 82 668 756 999 
 23 424 137 741 828 470 881 
 72 698 777 179 833 632 203 
 496 351 277 483 499 425 825 
 308 489 530 521 76 983 351 
 790 489 910 594 149 507 216 
 117 781 673 719 565 835 941 
 953 396 189 103 125 460 432 
 386 485 596 329 112 57 684 
 782 599 287 169 898 176 77 
 800 979 291 746 137 492 29 
 511 347 216 468 529 593 101 
 376 323 872 469 890 350 728 
 587 737 976 411 842 377 5 
 601 70 890 112 863 990 9 
 160 587 976 289 835 657 650 
 384 123 114 153 89 818 713 
 797 780 367 222 351 759 238 
 374 288 763 417 105 136 135 
 617 329 288 229 946 714 721 
 463 633 583 729 903 543 647 
 993 184 82 105 375 568 240 
 780 308 242 811 157 717 677 
 859 439 866 295 166 589 689 
 479 720 679 384 829 667 741 
 596 809 188 22 204 22 27 
 319 180 333 497 180 779 57 
 943 336 283 463 331 437 660 
 401 545 27 560 550 922 176 
 484 387 599 131 411 384 356 
 841 538 539 77 315 971 348 
 26 806 554 493 786 408 458 
 800 120 235 621 366 280 483 
 357 267 888 
 61202 59829 65640 62358 62589 62767 62300 
 61764 64266 61249 63234 64490 60540 62420 
 62223 63762 61200 63494 63344 61174 62322 
 61203 61529 62413 62363 61488 63983 63239 
 64309 61368