 500 30 0 
 588 839 950 955 737 687 649 
 845 742 829 723 953 625 686 
 897 803 656 841 457 630 610 
 910 701 553 655 837 633 748 
 797 630 1005 592 568 1039 907 
 967 773 706 788 490 697 517 
 984 707 936 682 850 832 737 
 882 857 604 637 671 782 817 
 670 855 738 562 857 498 755 
 520 990 741 875 629 626 827 
 824 922 899 554 617 584 836 
 864 749 514 918 674 1019 569 
 860 647 979 675 805 845 855 
 776 705 493 912 687 1031 620 
 789 547 638 910 663 686 583 
 863 887 665 925 555 583 633 
 603 690 878 789 1012 759 712 
 962 651 687 819 587 484 573 
 501 732 803 636 748 749 799 
 916 783 824 553 933 839 574 
 1016 432 597 675 929 931 956 
 604 620 733 827 941 724 640 
 523 791 986 968 638 816 665 
 541 613 945 583 963 931 840 
 786 746 880 716 617 616 830 
 823 542 477 566 624 718 900 
 585 944 787 954 682 951 690 
 543 634 543 730 663 981 480 
 987 579 724 604 922 987 563 
 546 862 801 915 920 836 677 
 858 582 1056 795 901 729 585 
 545 907 514 729 940 867 836 
 553 645 800 692 807 609 768 
 1053 762 685 894 955 600 828 
 1112 871 727 600 925 856 555 
 527 615 621 980 676 657 575 
 412 792 631 951 679 640 836 
 776 672 549 834 907 887 456 
 880 910 636 646 673 539 618 
 593 689 733 712 861 601 494 
 921 539 591 1063 859 467 696 
 847 897 885 971 684 729 395 
 634 803 590 922 989 863 830 
 815 528 561 793 686 520 620 
 802 806 796 576 502 784 825 
 673 760 842 476 902 620 499 
 762 988 551 852 895 743 786 
 757 961 600 913 716 759 759 
 493 635 684 907 1033 698 750 
 696 740 717 733 1023 592 690 
 588 897 847 589 783 634 897 
 438 1017 564 644 564 470 854 
 888 976 910 986 965 689 955 
 683 740 963 879 1084 661 810 
 627 722 962 878 626 506 680 
 491 867 607 657 600 801 584 
 480 610 1036 715 939 735 551 
 846 566 976 645 699 735 696 
 591 873 749 618 924 563 798 
 933 812 1001 631 884 742 619 
 755 820 959 956 711 766 686 
 769 591 665 741 493 660 633 
 714 594 853 1073 485 847 638 
 950 872 1050 829 571 858 696 
 834 771 875 783 513 668 669 
 790 834 604 911 634 537 783 
 984 768 784 902 728 542 650 
 770 1037 701 866 638 947 764 
 611 716 874 786 609 682 943 
 786 952 944 541 783 607 922 
 890 648 969 716 884 862 563 
 581 527 468 
 20 977 813 478 818 451 709 
 900 818 378 797 730 796 702 
 444 566 177 162 232 294 911 
 6 410 602 436 763 8 365 
 619 592 798 329 401 886 213 
 781 407 245 182 312 469 406 
 303 898 131 757 834 192 799 
 132 485 219 493 896 942 261 
 9 513 626 307 654 45 970 
 336 628 842 901 295 587 517 
 684 678 827 133 119 540 39 
 622 82 209 517 375 879 8 
 310 707 2 469 590 751 471 
 965 330 184 324 106 820 90 
 302 644 88 81 917 415 684 
 736 142 502 674 786 652 931 
 605 339 893 539 52 566 390 
 243 505 237 647 61 681 354 
 108 169 937 280 184 428 789 
 377 617 601 440 326 148 378 
 643 984 575 28 173 641 889 
 669 94 385 241 423 924 666 
 905 754 890 450 65 339 244 
 996 498 527 795 558 481 373 
 264 416 328 430 10 272 308 
 765 175 296 336 463 269 629 
 116 977 86 134 573 484 133 
 921 204 97 843 685 774 956 
 664 399 773 763 930 685 219 
 971 759 723 411 534 331 257 
 589 727 327 777 911 697 535 
 138 165 362 738 998 564 980 
 144 35 954 781 646 620 717 
 91 288 981 773 217 98 961 
 635 552 503 107 182 246 478 
 398 482 503 888 877 535 550 
 258 930 914 650 626 63 94 
 272 139 566 800 109 489 785 
 286 200 156 393 765 393 789 
 367 228 244 921 539 948 139 
 831 184 492 343 700 284 518 
 596 841 25 899 911 73 61 
 543 88 989 49 237 320 52 
 979 849 762 195 724 487 993 
 704 337 462 245 126 290 883 
 84 455 877 440 666 414 39 
 953 920 991 247 194 966 853 
 355 451 793 522 696 430 419 
 731 266 134 437 171 175 135 
 516 140 132 510 558 445 379 
 471 836 39 164 488 501 430 
 287 801 502 447 690 631 275 
 598 71 549 484 244 18 922 
 496 51 526 649 10 473 45 
 515 62 742 945 436 674 486 
 621 311 828 844 659 371 48 
 445 204 899 398 392 184 278 
 973 423 636 787 601 294 341 
 642 910 638 997 690 562 336 
 45 118 571 826 36 951 54 
 915 91 944 851 126 753 716 
 769 81 365 184 957 258 710 
 8 394 774 660 786 223 913 
 429 476 307 213 167 639 49 
 971 433 976 540 242 399 58 
 449 74 57 965 742 687 27 
 100 870 815 235 514 954 818 
 772 251 319 652 644 657 753 
 44 352 773 451 137 307 673 
 388 113 416 279 272 409 541 
 868 108 996 604 122 503 229 
 136 649 408 
 210 820 235 924 46 883 201 
 564 421 423 400 17 380 250 
 139 447 808 990 672 345 860 
 261 602 938 175 311 306 7 
 708 743 332 326 423 893 898 
 359 359 553 419 148 392 756 
 362 810 829 559 422 5 760 
 288 28 285 458 440 151 746 
 921 917 43 360 764 552 900 
 714 615 934 970 537 159 463 
 504 889 461 744 761 488 379 
 929 378 94 856 262 709 834 
 842 238 914 250 544 973 918 
 664 749 458 801 630 172 440 
 369 264 87 588 296 147 821 
 99 197 833 70 993 814 258 
 671 881 265 793 423 216 172 
 452 350 48 314 617 320 525 
 667 800 629 618 583 637 853 
 841 282 258 118 548 304 455 
 710 14 115 176 7 200 48 
 858 446 101 85 790 330 797 
 345 273 740 754 169 465 746 
 300 830 880 11 765 64 534 
 922 371 208 88 716 425 848 
 114 816 756 675 317 232 790 
 461 681 396 125 385 745 41 
 544 468 74 971 567 588 113 
 648 72 119 263 256 633 534 
 293 38 593 926 471 40 404 
 722 514 942 810 451 285 916 
 255 842 578 863 464 531 281 
 441 514 834 976 692 411 578 
 708 369 413 705 758 702 286 
 677 695 777 553 333 225 503 
 393 160 739 250 659 854 602 
 150 713 975 255 515 326 575 
 773 912 829 679 111 659 112 
 338 995 339 441 5 137 345 
 626 611 514 219 940 499 385 
 143 130 587 778 687 964 832 
 140 704 202 781 400 74 543 
 311 686 752 913 617 413 885 
 393 533 199 522 599 693 573 
 698 715 797 312 794 243 937 
 658 24 520 478 520 514 127 
 753 809 628 936 9 395 191 
 784 454 706 44 183 926 719 
 468 465 979 418 84 453 30 
 815 626 359 834 386 91 317 
 704 491 833 868 990 615 485 
 24 655 636 744 246 24 235 
 433 714 800 514 869 535 597 
 960 898 754 518 936 754 389 
 468 234 351 532 647 125 307 
 513 18 260 933 528 542 323 
 99 66 1000 415 666 595 114 
 145 798 906 706 937 195 923 
 996 458 439 262 528 66 645 
 669 859 166 506 935 862 7 
 333 336 81 574 168 101 86 
 560 201 65 245 610 552 689 
 963 444 102 663 81 69 706 
 225 429 570 43 238 235 173 
 917 486 810 783 347 199 558 
 486 552 223 481 269 565 532 
 145 190 114 549 55 400 822 
 79 500 41 500 774 156 97 
 763 82 624 612 20 373 181 
 574 945 341 446 131 2 86 
 882 806 127 109 485 837 156 
 701 631 391 
 624 210 399 13 916 494 885 
 521 556 742 450 458 447 588 
 24 954 470 619 257 93 30 
 900 249 490 789 772 978 783 
 38 377 907 287 621 496 264 
 675 810 216 128 145 14 932 
 16 126 54 372 883 396 266 
 56 990 628 532 425 573 539 
 297 199 520 932 113 130 59 
 89 694 546 231 689 958 325 
 820 792 265 764 275 82 386 
 516 101 197 53 845 686 736 
 164 668 575 223 698 937 886 
 700 884 760 294 390 866 135 
 86 393 825 756 234 720 45 
 285 595 692 442 900 519 243 
 856 577 337 929 967 189 239 
 712 648 767 501 479 542 153 
 317 908 929 440 723 401 562 
 462 833 239 395 175 920 837 
 373 117 937 783 233 780 278 
 391 972 637 812 228 339 35 
 365 869 274 680 95 188 979 
 572 687 538 544 714 115 22 
 658 283 841 374 326 615 722 
 193 890 383 726 818 131 372 
 807 125 35 861 662 214 645 
 794 94 134 257 44 633 605 
 837 33 605 334 786 160 367 
 597 130 89 740 673 762 250 
 313 114 852 840 464 113 841 
 460 687 834 984 737 807 10 
 1 767 634 608 425 26 562 
 797 35 991 617 851 538 787 
 580 15 929 108 15 694 463 
 44 823 729 164 448 385 256 
 4 765 229 904 293 126 874 
 836 514 549 504 164 965 359 
 825 616 527 510 869 139 8 
 925 223 416 285 461 651 405 
 716 682 811 754 176 917 846 
 800 52 832 416 481 234 243 
 216 475 977 553 636 956 992 
 305 725 789 453 997 442 342 
 788 429 749 93 585 114 671 
 574 588 553 412 738 270 69 
 974 15 935 603 746 202 774 
 724 813 303 821 309 301 605 
 490 94 823 586 670 532 876 
 945 627 862 315 942 856 818 
 940 653 708 190 602 886 891 
 70 870 337 132 496 762 137 
 518 673 476 282 718 149 631 
 930 546 369 361 401 770 753 
 671 520 980 872 713 539 500 
 178 540 750 829 707 395 304 
 435 358 236 378 348 333 396 
 646 41 732 778 368 24 164 
 260 29 551 8 621 21 185 
 193 505 515 88 186 141 471 
 166 59 393 47 835 502 939 
 458 261 778 235 344 204 811 
 824 938 329 854 125 221 41 
 485 619 830 381 511 357 292 
 983 69 637 656 540 989 202 
 174 324 750 382 16 131 280 
 897 151 717 593 904 353 443 
 926 539 497 152 744 305 73 
 938 642 36 712 1 548 140 
 195 513 145 116 117 967 865 
 30 134 53 894 552 205 702 
 614 107 301 
 808 189 583 737 868 976 897 
 855 143 881 879 437 798 278 
 873 343 564 960 232 667 667 
 236 923 939 43 228 398 696 
 582 115 865 982 479 698 601 
 876 710 309 561 488 509 381 
 182 725 103 851 13 939 933 
 881 141 978 96 961 517 998 
 806 675 595 481 157 271 489 
 36 808 598 432 748 805 40 
 273 564 466 773 273 958 179 
 956 544 729 244 213 701 25 
 70 536 379 321 804 642 873 
 705 691 122 940 847 996 280 
 413 775 584 864 195 579 672 
 545 207 345 897 289 633 967 
 114 972 261 143 406 624 725 
 962 351 89 918 406 129 414 
 826 543 769 688 448 975 321 
 878 365 309 702 130 73 990 
 435 872 793 119 309 260 208 
 797 526 521 653 651 286 65 
 682 217 645 288 98 924 9 
 319 632 722 56 649 168 506 
 588 583 222 821 809 204 184 
 623 591 967 652 44 928 228 
 905 626 833 330 919 362 793 
 290 125 838 283 684 95 217 
 739 73 171 594 50 977 504 
 590 569 178 613 432 103 997 
 970 762 411 144 570 568 977 
 963 571 657 196 899 619 805 
 383 848 994 325 788 287 288 
 44 264 399 29 945 877 324 
 770 170 517 805 570 192 847 
 838 383 669 84 364 151 46 
 246 996 476 88 789 658 684 
 428 761 59 76 2 95 489 
 637 126 428 874 684 973 122 
 631 587 471 181 277 498 329 
 516 182 130 833 712 397 935 
 697 902 515 851 575 756 556 
 746 123 94 440 970 197 990 
 459 574 721 196 36 422 21 
 427 598 641 924 784 616 782 
 610 664 780 885 78 345 834 
 144 406 708 650 848 38 37 
 460 162 118 707 111 766 966 
 941 827 507 163 443 872 492 
 806 624 651 104 401 712 67 
 325 425 429 351 474 385 626 
 78 351 52 620 308 845 905 
 955 567 701 772 780 365 233 
 41 388 803 540 839 228 590 
 363 517 839 274 440 672 156 
 51 19 336 820 279 335 518 
 995 64 917 702 255 195 234 
 411 57 793 561 927 726 800 
 457 791 940 217 317 168 565 
 120 758 965 214 6 217 979 
 908 862 295 458 235 521 536 
 12 661 761 335 435 573 576 
 411 916 993 367 27 478 329 
 405 295 385 483 957 919 190 
 281 535 4 554 881 298 72 
 177 402 94 359 165 303 739 
 618 532 814 193 735 234 334 
 14 681 156 186 810 49 327 
 255 74 746 908 423 278 581 
 733 499 531 922 420 714 911 
 537 615 381 233 579 205 726 
 140 980 696 
 427 584 965 56 687 102 130 
 212 387 927 408 495 695 123 
 412 243 362 370 444 905 610 
 725 23 644 933 282 828 632 
 940 234 859 942 794 386 836 
 156 232 508 355 150 686 138 
 489 463 305 48 689 174 911 
 95 887 329 219 232 497 658 
 304 559 619 964 544 843 347 
 275 490 598 833 638 445 801 
 804 846 264 198 148 372 685 
 42 172 205 352 80 915 900 
 587 983 903 890 375 206 624 
 864 546 581 917 521 179 868 
 442 432 335 776 516 829 73 
 832 266 222 723 115 812 911 
 271 176 536 498 988 314 680 
 469 169 466 325 206 179 387 
 537 934 598 475 728 672 669 
 774 332 521 906 634 763 989 
 228 363 593 158 555 628 405 
 515 381 578 301 577 478 281 
 384 68 593 210 975 60 18 
 331 402 240 599 693 588 171 
 321 364 278 393 694 129 533 
 936 628 550 291 319 950 910 
 965 759 166 763 113 43 166 
 556 958 337 550 589 593 222 
 37 677 651 619 256 717 492 
 362 611 309 606 134 523 62 
 145 485 495 767 906 687 938 
 425 170 163 193 481 247 30 
 380 496 773 451 279 189 851 
 65 182 21 805 567 618 120 
 357 161 342 843 728 103 112 
 620 618 857 568 946 89 973 
 426 824 634 764 763 5 62 
 735 614 245 545 837 643 309 
 193 890 812 489 289 87 495 
 581 520 932 514 494 325 893 
 370 406 823 455 74 673 102 
 521 28 467 459 859 480 110 
 360 855 256 244 47 954 743 
 968 171 809 693 61 41 11 
 636 428 285 475 31 822 203 
 106 263 973 204 878 805 635 
 613 813 311 135 182 95 475 
 427 104 358 885 359 803 583 
 256 3 530 54 870 782 480 
 947 239 610 406 630 579 147 
 220 771 568 196 747 566 458 
 920 396 429 62 89 283 144 
 933 243 713 257 576 829 804 
 819 528 701 462 940 827 352 
 792 939 829 940 461 960 324 
 6 807 365 193 851 114 321 
 848 399 81 398 271 526 460 
 807 814 294 559 740 914 576 
 209 984 393 803 65 225 205 
 647 968 101 457 554 543 364 
 317 397 783 594 969 460 946 
 113 971 591 101 33 737 387 
 674 223 717 656 799 198 379 
 880 808 351 891 813 813 674 
 887 32 891 226 709 48 508 
 666 169 240 134 794 561 679 
 955 327 952 502 374 189 615 
 668 969 293 296 906 790 695 
 528 301 795 519 839 262 133 
 359 544 539 496 543 497 412 
 84 687 490 277 840 976 838 
 663 763 998 
 210 661 790 343 960 366 587 
 840 907 759 284 67 144 7 
 963 611 152 463 917 595 536 
 815 349 713 429 426 834 94 
 144 829 592 754 557 698 63 
 778 27 918 726 114 44 852 
 69 344 937 424 421 573 781 
 660 665 316 478 154 129 72 
 970 949 49 384 391 128 726 
 306 401 931 852 88 226 386 
 848 516 643 332 513 269 660 
 843 733 583 437 520 972 492 
 355 604 503 404 697 223 559 
 909 708 89 213 940 940 761 
 717 655 819 761 169 864 96 
 430 470 49 361 760 465 647 
 514 453 264 569 967 206 896 
 861 578 407 466 95 526 407 
 908 688 64 604 481 992 448 
 667 392 876 251 466 293 558 
 854 70 66 823 626 955 763 
 820 954 471 916 35 574 445 
 907 724 117 715 620 328 348 
 730 233 131 288 665 262 785 
 413 776 598 490 333 373 399 
 837 847 769 654 877 29 776 
 282 30 564 298 977 638 289 
 276 733 75 360 894 556 1 
 820 18 707 800 805 250 264 
 134 525 366 673 930 400 423 
 920 964 511 432 363 390 884 
 13 573 339 922 290 815 657 
 516 933 300 424 362 319 766 
 567 107 21 668 139 229 216 
 280 782 270 766 42 665 720 
 151 871 402 558 655 319 620 
 273 126 777 242 296 169 343 
 745 76 399 360 247 687 83 
 217 743 88 492 420 586 823 
 430 764 388 352 814 933 100 
 298 303 870 938 365 16 180 
 277 29 10 525 436 657 722 
 57 744 137 675 49 315 275 
 929 244 740 421 61 557 205 
 640 4 559 955 809 126 612 
 571 294 431 231 884 34 647 
 488 632 409 921 305 634 202 
 54 794 815 344 896 17 853 
 575 862 695 476 654 402 866 
 950 177 771 726 624 228 707 
 484 925 319 56 598 223 404 
 796 431 5 849 332 420 27 
 845 464 346 581 789 582 175 
 689 540 391 161 511 716 743 
 359 329 943 349 905 10 348 
 462 255 760 322 778 644 921 
 502 99 785 631 708 337 793 
 716 951 991 32 692 745 523 
 554 340 425 25 453 46 752 
 796 342 185 737 177 589 619 
 684 771 31 422 505 269 383 
 363 164 156 260 330 478 409 
 256 924 789 751 342 46 760 
 153 681 423 37 121 756 548 
 863 63 526 71 8 312 329 
 756 658 770 599 87 750 729 
 763 702 400 707 408 419 800 
 427 701 286 634 752 979 539 
 256 99 756 329 253 235 955 
 446 960 336 618 147 682 81 
 152 27 840 262 736 626 975 
 5 776 567 
 907 374 918 154 109 157 314 
 996 936 138 827 41 890 586 
 563 430 971 716 930 98 288 
 235 491 231 116 134 489 797 
 450 512 143 122 381 744 698 
 955 243 561 383 289 678 815 
 340 404 217 334 999 73 82 
 723 104 19 107 46 560 874 
 97 118 447 958 689 451 326 
 426 262 930 321 273 11 403 
 146 506 152 410 77 650 823 
 247 247 13 867 333 397 596 
 229 581 871 958 375 928 217 
 63 549 63 637 185 430 955 
 18 132 77 675 826 94 104 
 529 398 683 293 572 947 251 
 512 619 481 959 894 758 359 
 609 78 444 448 502 804 675 
 651 925 837 12 830 764 330 
 154 912 863 348 791 313 919 
 900 413 842 148 736 124 603 
 978 868 745 761 317 174 945 
 276 181 992 864 209 71 507 
 692 517 681 344 168 388 443 
 6 673 12 750 603 355 869 
 654 99 25 660 271 769 495 
 844 624 240 111 644 978 496 
 525 111 871 769 755 646 835 
 849 828 501 60 38 825 496 
 776 50 301 995 314 233 433 
 964 124 740 279 338 204 851 
 559 145 982 460 802 493 165 
 558 666 202 154 332 30 228 
 600 938 63 948 341 113 708 
 686 32 843 93 403 874 77 
 617 1 87 191 304 787 794 
 716 928 450 921 578 985 49 
 77 433 455 881 472 580 370 
 666 996 48 47 204 72 399 
 452 816 530 764 118 857 898 
 284 67 690 684 17 151 806 
 699 141 510 930 950 16 102 
 428 516 370 130 591 39 640 
 574 5 290 287 591 620 842 
 777 870 428 621 690 663 85 
 437 337 501 491 883 864 140 
 470 932 866 452 940 860 790 
 432 550 509 288 866 115 134 
 890 525 646 307 245 815 728 
 833 42 381 621 581 342 797 
 319 521 433 704 941 854 454 
 72 914 529 623 228 709 117 
 152 747 284 180 432 670 71 
 861 519 380 805 700 811 140 
 290 316 383 404 979 949 378 
 741 727 526 243 314 413 601 
 262 404 421 89 544 360 992 
 596 210 843 255 952 335 306 
 973 519 540 796 267 890 733 
 244 815 631 762 880 91 498 
 851 315 998 53 401 19 918 
 391 232 633 57 373 358 331 
 670 236 725 892 270 178 80 
 606 841 687 422 485 274 390 
 257 227 714 531 350 227 957 
 684 42 294 7 432 441 279 
 485 633 550 287 131 344 337 
 679 769 388 348 226 644 906 
 636 382 229 876 71 518 388 
 898 266 520 842 656 792 87 
 449 596 850 793 549 854 297 
 262 639 886 
 44 533 269 991 569 246 491 
 189 246 439 351 631 253 424 
 16 77 817 453 772 256 27 
 958 116 548 291 456 320 342 
 415 513 73 213 636 102 603 
 186 344 197 311 615 580 481 
 578 257 922 249 919 989 906 
 63 292 60 731 866 223 854 
 588 635 831 527 328 695 427 
 884 667 817 635 765 40 468 
 912 311 190 115 572 248 734 
 234 296 834 893 408 746 539 
 961 939 171 363 717 410 914 
 435 229 632 571 437 304 126 
 420 111 865 621 749 79 12 
 198 29 390 721 786 693 20 
 594 632 509 295 307 938 472 
 131 646 950 361 912 684 317 
 25 150 708 334 584 202 99 
 688 159 462 511 673 911 897 
 451 481 836 931 977 126 150 
 446 739 326 518 422 264 974 
 763 471 31 606 423 513 493 
 456 477 676 327 564 590 979 
 997 269 904 506 564 761 565 
 159 3 835 805 546 224 736 
 580 780 146 683 209 912 445 
 361 579 988 661 365 947 927 
 971 545 369 127 312 961 729 
 617 541 71 602 808 550 485 
 570 969 874 431 578 653 556 
 132 282 932 711 777 118 553 
 971 644 411 777 761 400 10 
 147 448 581 369 454 629 421 
 777 422 724 127 108 149 570 
 843 546 536 750 858 64 49 
 611 747 615 854 103 501 477 
 643 264 760 598 717 851 442 
 769 601 988 826 107 56 780 
 54 275 716 262 573 162 831 
 137 484 201 376 539 569 223 
 52 193 625 785 230 352 194 
 872 30 426 175 441 2 242 
 631 951 976 199 117 497 55 
 280 925 755 985 347 651 765 
 689 725 475 278 283 529 24 
 470 672 737 669 982 486 998 
 429 624 657 160 651 550 652 
 147 945 388 446 183 66 997 
 885 398 550 166 284 707 96 
 459 123 160 721 469 930 900 
 90 425 461 846 171 56 462 
 812 103 560 70 250 492 133 
 297 443 332 207 629 601 621 
 2 352 557 232 96 196 285 
 524 678 788 464 760 577 307 
 474 386 503 673 344 370 981 
 652 51 726 644 304 765 996 
 354 591 116 393 441 447 721 
 316 626 798 327 98 24 158 
 821 383 229 120 538 841 997 
 370 435 5 228 104 318 630 
 328 827 763 729 285 821 631 
 409 845 712 185 251 444 433 
 97 282 165 544 203 368 286 
 204 919 625 299 992 373 423 
 62 568 739 276 162 50 287 
 140 962 877 451 766 908 114 
 235 806 980 653 696 76 322 
 810 914 754 532 607 183 73 
 201 573 518 280 426 630 458 
 985 545 981 
 560 468 991 528 871 343 519 
 519 305 684 851 913 77 657 
 914 179 563 982 398 816 820 
 609 991 503 535 329 610 688 
 844 396 447 524 110 121 629 
 518 643 37 597 845 58 526 
 553 951 953 593 155 701 596 
 963 429 833 309 138 452 536 
 159 562 548 47 416 398 562 
 407 537 212 707 103 439 63 
 327 910 535 835 461 942 187 
 163 990 783 767 706 817 633 
 282 651 401 14 430 297 288 
 755 382 966 618 253 281 717 
 778 212 619 421 621 352 78 
 52 832 805 867 199 162 960 
 667 922 633 631 364 157 918 
 643 996 329 296 604 710 93 
 73 208 551 546 202 283 767 
 896 959 405 337 319 802 438 
 537 390 144 594 424 492 830 
 293 329 447 42 717 577 615 
 914 362 752 786 413 846 162 
 782 986 733 388 288 780 195 
 567 111 154 711 126 367 904 
 636 543 695 240 985 411 402 
 382 125 893 981 830 237 317 
 141 390 569 770 670 323 417 
 209 484 21 907 560 906 17 
 474 89 851 442 933 294 211 
 111 820 297 613 506 651 577 
 955 150 949 436 503 718 831 
 799 92 213 473 110 620 417 
 853 948 48 703 549 265 113 
 253 622 791 425 498 423 363 
 760 782 599 260 464 856 193 
 293 535 443 521 49 632 840 
 244 963 384 434 937 667 514 
 867 737 720 673 98 272 217 
 584 178 88 441 308 537 473 
 950 372 45 875 64 150 38 
 584 321 505 499 514 561 18 
 566 655 494 287 583 814 438 
 140 1 737 60 641 734 160 
 284 504 131 297 423 176 228 
 642 845 347 774 554 326 631 
 135 346 382 7 37 863 508 
 911 264 765 393 370 713 234 
 185 715 935 119 867 381 726 
 759 63 307 30 581 421 375 
 956 328 240 563 803 14 132 
 465 105 545 629 171 745 852 
 947 770 787 107 686 791 429 
 261 854 522 136 835 559 598 
 723 830 30 801 616 930 919 
 253 977 228 434 680 288 973 
 313 483 968 12 450 300 503 
 524 37 556 440 554 829 528 
 50 165 670 816 923 195 602 
 977 514 976 219 355 702 750 
 600 562 66 851 856 429 758 
 924 944 169 404 13 781 866 
 911 942 368 318 580 445 228 
 362 429 694 288 504 977 138 
 301 928 213 242 167 42 489 
 170 395 764 354 14 388 440 
 299 230 534 978 363 881 199 
 829 869 498 905 803 618 389 
 160 70 62 752 235 425 852 
 882 357 61 563 284 601 637 
 110 913 735 425 260 887 448 
 315 196 267 
 275 548 862 974 141 179 585 
 249 979 146 321 210 559 240 
 612 588 84 886 97 440 986 
 371 488 229 319 453 87 592 
 284 470 457 740 467 979 694 
 416 753 859 700 755 959 988 
 337 800 952 397 597 721 947 
 562 626 941 134 987 600 546 
 702 940 611 9 336 666 75 
 915 871 947 535 191 92 914 
 49 129 6 101 191 865 631 
 855 559 153 2 155 951 452 
 701 375 208 423 435 317 928 
 929 742 600 394 154 503 59 
 583 260 349 121 64 36 247 
 844 227 111 882 742 129 428 
 993 49 136 766 880 591 950 
 934 918 568 864 506 477 831 
 333 487 835 940 766 944 23 
 583 827 884 962 57 284 137 
 835 355 819 138 121 643 741 
 729 237 394 578 821 847 926 
 41 482 822 856 462 996 28 
 765 46 153 679 413 296 57 
 656 669 467 830 921 389 255 
 547 40 121 589 318 110 640 
 262 342 303 942 812 963 823 
 338 762 663 465 262 109 696 
 726 50 543 147 287 624 144 
 976 644 941 243 431 560 988 
 537 638 442 194 744 959 52 
 489 793 107 210 341 332 522 
 450 944 444 437 645 407 290 
 258 969 649 178 181 580 810 
 168 238 712 763 400 79 481 
 479 952 881 856 918 95 740 
 173 98 378 43 207 571 730 
 601 683 794 903 701 805 256 
 466 950 377 428 597 232 752 
 519 796 466 548 928 696 525 
 394 902 631 508 282 776 525 
 139 720 758 984 770 464 158 
 863 766 51 278 632 76 756 
 164 443 44 321 111 67 375 
 266 68 126 49 34 663 505 
 652 409 176 508 538 358 137 
 414 121 684 681 529 948 955 
 562 563 245 508 18 266 892 
 281 644 589 582 634 131 347 
 822 833 676 388 540 264 265 
 713 104 479 821 28 189 39 
 107 678 22 918 741 413 506 
 960 693 506 895 722 845 468 
 919 886 982 502 724 837 731 
 681 596 864 948 633 981 597 
 313 329 104 906 189 430 670 
 795 998 364 195 819 757 250 
 916 883 922 606 41 166 189 
 456 539 248 404 48 909 298 
 528 415 521 447 830 86 121 
 124 542 553 850 433 301 792 
 80 90 19 699 565 228 868 
 635 270 616 183 649 867 721 
 824 648 620 957 477 81 820 
 221 907 794 320 677 718 694 
 500 66 403 410 217 318 614 
 933 888 374 994 453 213 757 
 868 937 980 600 366 442 468 
 73 436 304 182 32 96 982 
 140 317 902 150 994 382 607 
 890 558 656 151 447 214 463 
 397 450 142 
 110 13 519 126 686 495 582 
 852 718 676 100 655 678 270 
 674 615 172 982 328 221 291 
 2 168 879 791 637 314 544 
 489 188 51 384 106 321 548 
 64 233 922 19 460 733 174 
 668 727 185 85 694 136 139 
 477 285 278 627 460 443 83 
 787 248 558 156 203 32 407 
 629 409 664 216 996 187 679 
 970 108 333 73 785 397 264 
 444 825 222 721 843 957 3 
 445 635 180 132 476 793 778 
 3 277 144 471 923 828 84 
 434 865 643 815 147 203 269 
 382 411 875 316 107 348 450 
 957 705 392 677 953 505 339 
 649 763 783 991 781 607 524 
 923 907 169 250 923 590 225 
 697 758 515 600 580 850 880 
 659 315 111 757 498 318 285 
 92 583 526 375 545 926 131 
 325 698 242 189 939 350 618 
 772 355 69 173 942 42 171 
 755 12 821 803 374 627 921 
 205 293 875 981 248 455 9 
 545 862 479 149 555 170 452 
 706 726 842 662 193 745 404 
 488 717 200 890 935 725 388 
 317 926 619 619 451 831 503 
 704 657 914 514 833 534 845 
 851 339 285 431 964 757 336 
 93 690 222 213 552 511 767 
 986 949 167 801 767 2 956 
 773 743 977 194 22 503 686 
 386 718 19 449 351 442 947 
 362 99 231 376 543 606 866 
 550 511 59 705 129 140 955 
 650 7 978 782 983 690 898 
 645 686 713 493 57 945 435 
 89 769 51 963 581 29 382 
 866 716 222 564 984 124 418 
 308 584 460 336 408 870 687 
 328 112 722 298 184 792 729 
 742 437 826 959 566 784 228 
 423 649 764 704 70 853 449 
 621 291 447 427 296 743 629 
 263 194 165 647 306 521 168 
 257 841 854 430 530 993 329 
 664 825 84 382 854 276 560 
 653 612 569 136 757 455 385 
 174 495 591 511 855 778 906 
 300 285 65 947 623 51 726 
 671 639 274 989 444 577 686 
 337 527 168 224 255 172 248 
 530 500 972 600 604 151 934 
 971 97 270 854 77 312 633 
 37 853 875 681 54 79 314 
 375 324 910 846 564 924 716 
 348 492 558 882 815 561 546 
 678 140 544 709 479 444 966 
 745 330 292 609 77 938 316 
 870 153 777 465 246 616 145 
 450 112 35 232 309 148 706 
 767 344 301 857 122 527 756 
 444 813 984 740 291 99 840 
 641 763 246 307 559 522 349 
 94 396 64 280 788 212 526 
 253 802 737 375 504 564 655 
 561 964 60 57 27 588 206 
 109 411 648 428 104 687 145 
 186 658 151 
 403 889 414 468 781 84 210 
 107 465 772 801 687 300 932 
 744 58 84 284 288 706 957 
 69 780 771 394 777 175 728 
 379 689 959 81 163 555 855 
 987 23 193 96 395 318 482 
 845 585 899 767 32 956 355 
 62 248 552 446 398 32 10 
 744 391 525 664 229 950 135 
 257 382 347 533 375 382 444 
 742 286 411 213 708 140 885 
 558 399 70 104 42 770 999 
 585 416 24 512 258 860 556 
 629 813 580 738 901 963 538 
 529 743 74 28 366 885 32 
 796 887 554 146 192 604 498 
 347 889 182 606 45 820 100 
 332 720 27 466 585 557 49 
 736 910 266 719 187 331 692 
 73 598 270 461 848 750 313 
 179 261 752 775 252 354 612 
 988 498 169 950 808 370 513 
 183 618 724 997 904 228 571 
 267 114 434 58 340 487 730 
 595 535 321 570 246 222 363 
 644 515 438 611 891 992 728 
 140 250 601 497 669 873 883 
 768 739 471 150 805 415 478 
 606 828 888 65 624 812 191 
 534 453 771 604 899 448 924 
 68 185 111 392 119 644 28 
 472 378 158 440 571 313 999 
 428 813 922 245 375 98 610 
 514 590 645 449 771 511 162 
 988 466 588 917 598 800 280 
 225 518 20 491 416 263 338 
 341 550 345 147 52 20 803 
 577 173 717 37 831 60 90 
 678 978 900 662 443 554 694 
 304 82 22 458 460 546 83 
 446 393 539 867 905 16 205 
 229 358 169 649 208 881 349 
 737 743 987 916 728 675 173 
 628 241 115 446 990 128 501 
 749 264 59 282 109 714 687 
 866 684 681 602 764 370 861 
 853 467 753 131 853 650 545 
 514 709 742 256 894 69 774 
 444 430 144 11 489 438 561 
 807 385 779 451 743 910 962 
 435 552 568 407 70 42 279 
 63 482 999 368 756 229 419 
 847 924 496 665 281 632 33 
 385 390 949 667 59 864 237 
 71 34 279 370 174 64 353 
 744 453 446 858 312 295 912 
 238 67 930 538 713 813 969 
 133 467 621 428 583 237 470 
 874 414 60 287 50 634 400 
 890 244 518 347 519 650 317 
 658 518 381 19 933 191 178 
 523 462 897 49 34 972 972 
 761 157 581 536 861 456 708 
 914 389 265 648 137 876 104 
 632 468 341 120 151 418 172 
 162 380 887 605 693 543 377 
 944 664 683 46 960 19 117 
 851 118 817 1 653 119 542 
 703 664 488 760 671 576 933 
 447 186 683 284 155 268 931 
 877 890 402 620 278 295 480 
 754 680 905 
 544 592 547 265 49 824 1 
 369 621 422 373 860 456 915 
 635 481 146 690 444 560 667 
 188 384 153 633 163 482 710 
 395 793 377 447 931 262 468 
 615 654 532 595 545 994 531 
 942 61 364 803 614 768 718 
 142 725 143 107 1 783 41 
 363 477 709 367 917 874 237 
 869 887 838 547 357 606 433 
 653 232 487 48 481 923 225 
 115 840 675 969 983 383 649 
 339 570 993 12 792 899 918 
 769 989 261 474 450 861 463 
 326 490 83 197 494 412 834 
 125 927 823 329 40 239 698 
 960 558 553 334 267 576 967 
 112 193 468 487 324 10 539 
 33 368 604 914 229 989 485 
 819 167 199 613 152 96 271 
 187 253 307 692 132 610 717 
 358 787 787 849 215 908 624 
 670 719 535 308 889 390 940 
 134 866 40 434 536 752 759 
 167 156 451 60 695 743 502 
 339 230 516 536 697 716 218 
 119 855 355 744 371 84 337 
 414 284 643 533 4 419 801 
 708 910 56 157 985 326 801 
 958 974 824 310 910 301 892 
 253 231 324 437 216 857 21 
 604 608 57 417 564 415 81 
 352 803 721 178 537 53 152 
 49 553 256 138 941 366 288 
 715 340 233 216 58 352 37 
 797 77 173 698 611 275 719 
 160 475 821 782 435 979 483 
 49 379 324 144 684 737 474 
 261 960 601 245 199 854 218 
 138 952 660 806 737 205 883 
 786 877 917 895 941 885 460 
 420 896 381 834 503 73 636 
 632 900 936 675 459 481 166 
 362 40 37 56 706 350 267 
 200 410 298 355 453 682 725 
 151 824 850 861 25 150 560 
 246 373 988 219 943 434 390 
 419 292 639 469 549 247 367 
 548 439 85 724 545 823 850 
 621 476 940 700 728 25 441 
 280 454 221 165 839 465 106 
 556 206 310 875 739 272 82 
 70 806 555 381 637 953 333 
 561 787 465 853 769 702 496 
 330 914 288 50 236 691 437 
 83 844 796 405 445 44 216 
 543 66 790 433 290 381 37 
 975 35 569 150 49 396 143 
 29 783 515 600 910 437 206 
 550 282 312 663 67 678 126 
 780 702 810 895 315 233 583 
 526 368 611 957 173 62 7 
 471 435 766 985 664 703 907 
 436 386 233 898 668 698 21 
 370 804 333 423 119 695 424 
 453 950 239 570 935 231 544 
 843 55 342 921 417 945 441 
 600 6 929 174 818 115 750 
 404 381 259 810 870 614 216 
 167 926 577 998 121 48 253 
 16 214 33 83 22 597 804 
 833 916 9 
 955 915 337 525 685 269 36 
 644 916 984 542 335 475 290 
 616 278 2 284 443 187 745 
 610 65 121 310 916 783 599 
 214 967 847 572 533 643 431 
 306 879 706 35 547 386 22 
 851 844 873 487 932 188 225 
 71 168 602 785 46 277 161 
 356 980 214 221 414 482 667 
 19 320 279 329 522 500 684 
 809 835 919 590 754 641 825 
 798 214 768 541 442 845 608 
 681 234 323 46 621 298 362 
 983 547 635 16 244 451 640 
 798 707 132 688 238 323 841 
 872 850 694 625 446 156 868 
 741 222 873 339 319 477 756 
 769 544 375 76 229 598 385 
 109 816 214 21 175 831 431 
 144 81 341 402 533 932 258 
 179 896 799 615 609 250 221 
 757 125 784 8 224 717 570 
 932 966 853 396 347 351 353 
 574 756 612 357 876 443 192 
 537 21 127 255 926 939 366 
 808 618 151 281 180 594 26 
 926 820 420 492 537 724 442 
 893 474 369 837 932 101 203 
 943 339 380 619 943 638 292 
 428 378 72 658 225 694 868 
 548 57 831 548 935 709 693 
 532 996 925 795 875 417 438 
 785 47 801 581 828 461 987 
 647 162 403 243 344 424 726 
 659 920 455 362 943 124 938 
 325 411 714 193 402 909 587 
 418 439 682 798 772 421 945 
 80 652 35 81 973 268 417 
 900 468 182 197 696 622 436 
 912 186 550 165 733 537 709 
 334 599 675 852 119 616 418 
 433 600 809 348 93 199 788 
 822 571 252 570 838 857 918 
 718 515 36 397 278 260 789 
 527 853 682 237 918 98 655 
 690 80 838 196 70 989 280 
 628 676 22 849 249 90 258 
 766 738 621 431 456 969 912 
 554 309 878 426 648 629 94 
 586 504 268 473 891 487 474 
 926 879 345 692 127 709 511 
 49 284 691 190 460 704 305 
 593 980 29 371 276 869 784 
 637 920 476 133 19 37 420 
 785 680 130 524 169 539 70 
 453 221 664 132 852 492 508 
 872 660 639 742 117 489 845 
 117 154 140 218 726 879 674 
 806 778 219 955 510 801 875 
 459 365 937 178 218 552 141 
 420 355 324 886 817 623 712 
 122 249 888 682 990 3 557 
 451 53 830 440 234 846 140 
 824 529 894 657 79 833 939 
 215 963 718 564 215 894 106 
 913 224 461 587 534 847 248 
 916 878 258 869 948 873 380 
 157 952 414 111 460 521 191 
 717 193 310 383 877 449 119 
 716 966 668 279 653 748 532 
 423 354 302 273 802 341 644 
 846 508 500 
 281 609 609 883 900 150 663 
 516 365 704 107 855 546 220 
 653 743 119 277 466 378 272 
 214 645 86 614 836 781 451 
 738 576 660 909 285 749 965 
 166 195 662 627 53 755 453 
 954 913 63 138 710 148 36 
 26 101 103 57 203 709 361 
 551 744 637 488 109 626 428 
 131 984 465 964 381 908 621 
 885 346 574 447 457 558 725 
 317 483 490 308 386 334 822 
 360 746 566 637 258 974 33 
 475 548 188 100 24 811 276 
 661 625 104 362 100 299 886 
 862 104 534 283 653 355 763 
 671 693 893 734 894 108 130 
 729 413 133 514 878 231 167 
 227 874 500 638 457 506 838 
 78 505 103 755 275 33 866 
 873 129 279 709 861 988 388 
 550 754 335 646 277 770 534 
 40 208 326 554 858 27 93 
 408 704 537 854 208 292 152 
 622 429 722 712 160 210 935 
 506 527 479 73 424 796 30 
 325 584 688 352 682 112 689 
 590 305 649 5 609 561 276 
 280 744 452 589 461 237 68 
 513 958 215 267 384 780 5 
 620 18 28 575 869 476 296 
 468 625 520 329 602 911 805 
 421 202 141 956 540 463 706 
 989 858 11 614 685 5 944 
 714 472 875 342 511 670 683 
 674 551 207 792 161 701 102 
 13 167 750 152 827 10 132 
 88 675 461 38 754 932 533 
 481 851 28 750 749 954 375 
 667 176 994 912 743 603 91 
 522 879 158 204 660 180 387 
 936 857 561 637 626 716 313 
 463 338 107 149 205 149 443 
 304 572 607 909 859 391 816 
 90 592 752 798 292 471 587 
 680 649 553 193 766 910 552 
 409 729 847 683 959 630 952 
 979 738 386 586 527 182 637 
 646 663 582 934 515 970 759 
 825 824 488 461 363 809 751 
 262 842 458 79 776 605 244 
 252 299 807 33 470 839 882 
 249 658 540 5 363 758 819 
 893 707 719 415 333 606 347 
 899 61 661 254 955 724 45 
 636 18 365 235 251 758 939 
 760 774 989 700 681 721 637 
 103 907 993 751 909 568 462 
 474 536 196 167 670 22 646 
 860 127 564 55 658 222 867 
 373 465 334 155 612 212 707 
 578 585 989 963 378 430 615 
 977 478 532 376 718 11 763 
 701 886 542 963 387 667 874 
 945 974 428 478 896 157 364 
 479 909 736 466 762 49 358 
 804 872 388 808 674 72 413 
 885 195 694 244 868 75 821 
 428 971 727 525 938 355 22 
 773 502 215 839 759 276 1000 
 850 246 457 435 409 520 613 
 389 202 603 
 253 731 683 113 182 292 876 
 339 617 995 419 215 402 198 
 266 769 806 240 89 203 639 
 62 323 692 41 380 521 82 
 706 877 265 495 779 445 756 
 388 193 462 346 16 259 164 
 654 535 705 841 841 995 648 
 152 168 611 1000 378 996 814 
 26 674 221 909 338 425 982 
 612 408 104 719 535 198 801 
 117 516 304 197 609 364 591 
 788 539 721 21 189 396 911 
 734 571 326 226 322 580 245 
 251 788 352 50 97 10 806 
 139 858 419 902 4 479 626 
 134 652 248 109 941 495 660 
 675 842 823 854 217 434 417 
 825 299 610 432 642 643 915 
 349 768 147 199 81 556 690 
 524 936 288 320 32 254 553 
 377 607 566 500 980 380 294 
 322 665 694 556 947 12 366 
 47 516 20 1 638 952 602 
 714 409 423 146 60 721 1 
 402 730 80 241 53 560 416 
 209 831 397 924 250 902 711 
 608 440 206 461 922 895 416 
 434 558 184 543 567 947 610 
 995 605 814 952 113 621 826 
 398 400 672 124 659 276 501 
 16 469 289 14 317 592 311 
 297 849 396 96 975 93 746 
 130 759 550 324 749 656 552 
 687 843 880 915 169 987 751 
 883 234 284 851 209 637 489 
 66 843 203 753 825 955 764 
 699 479 410 356 980 377 339 
 439 760 340 615 724 210 468 
 572 363 988 310 301 294 813 
 159 103 536 6 732 457 281 
 571 782 25 797 865 43 790 
 16 859 222 161 649 685 257 
 867 561 53 664 749 842 581 
 725 97 943 513 386 564 544 
 952 507 312 42 333 455 411 
 192 378 859 625 164 993 949 
 898 243 19 640 283 668 828 
 228 429 599 85 539 872 493 
 719 812 718 627 439 127 975 
 214 991 381 728 237 559 357 
 490 217 597 462 692 870 330 
 888 720 494 520 777 325 682 
 820 1000 338 696 919 267 726 
 346 956 193 127 732 721 183 
 321 276 30 299 538 567 39 
 218 415 536 490 802 681 231 
 495 174 181 803 250 221 158 
 351 129 834 939 158 526 937 
 792 278 156 502 797 85 257 
 917 337 119 608 225 741 842 
 675 117 783 280 115 68 5 
 730 839 17 806 932 518 142 
 814 805 13 830 178 203 79 
 761 798 728 775 610 103 215 
 350 505 300 980 670 738 522 
 247 659 426 764 359 660 605 
 167 421 173 145 463 696 353 
 976 372 674 266 936 458 629 
 424 410 627 944 235 637 756 
 270 329 432 578 21 95 465 
 995 409 856 832 780 12 405 
 43 334 527 
 18 344 575 997 181 788 642 
 108 653 518 886 602 150 746 
 807 856 278 207 438 161 615 
 256 961 498 643 787 523 871 
 752 123 834 426 857 909 867 
 522 440 628 245 772 676 69 
 735 228 439 211 107 10 748 
 936 7 973 563 816 192 297 
 541 885 693 376 134 385 404 
 41 484 976 975 274 652 17 
 196 359 319 600 375 840 671 
 493 344 596 812 658 605 272 
 44 552 941 837 142 246 698 
 181 693 454 979 916 125 320 
 508 790 111 834 383 499 709 
 814 190 661 332 306 472 534 
 76 582 127 314 777 816 35 
 280 111 695 593 383 799 201 
 761 186 539 117 722 812 35 
 280 493 114 814 584 140 427 
 368 682 705 944 990 851 654 
 562 242 817 256 608 950 384 
 315 54 971 515 212 117 863 
 176 448 829 863 266 943 482 
 138 413 368 313 410 668 988 
 697 305 242 842 762 839 778 
 653 167 701 471 912 474 185 
 371 292 260 231 240 239 305 
 724 560 181 781 26 277 131 
 473 10 864 528 331 77 466 
 530 329 656 476 306 427 11 
 678 847 971 873 762 227 62 
 389 758 687 144 432 947 383 
 473 661 17 565 337 480 423 
 567 204 506 636 440 726 238 
 166 22 149 65 733 465 9 
 155 695 735 101 920 274 103 
 762 261 227 988 455 762 409 
 685 243 285 512 607 38 24 
 799 865 787 584 497 643 526 
 653 995 686 100 608 266 569 
 239 176 34 608 551 402 286 
 5 375 891 628 156 805 575 
 84 344 143 440 867 56 694 
 846 60 502 268 337 457 149 
 196 494 588 976 238 885 688 
 738 879 271 31 98 82 912 
 554 522 80 960 642 579 961 
 97 225 371 1000 936 303 202 
 520 52 814 303 225 767 20 
 933 680 543 52 445 321 204 
 611 266 710 527 163 439 637 
 503 10 768 754 715 656 515 
 73 918 155 69 946 502 162 
 780 627 66 547 984 278 255 
 877 488 431 529 37 238 524 
 514 673 210 250 956 725 471 
 915 246 577 375 186 313 399 
 1000 642 767 766 323 745 256 
 864 632 336 196 779 580 272 
 959 562 5 612 184 393 20 
 904 760 947 671 892 554 339 
 953 353 327 532 82 224 695 
 289 789 741 887 756 647 751 
 309 847 544 347 197 764 57 
 190 457 341 700 863 809 315 
 689 30 504 231 127 871 858 
 905 972 508 743 564 450 677 
 433 254 826 9 453 33 550 
 906 867 467 912 601 325 701 
 195 295 689 21 37 263 335 
 172 657 708 
 25 887 518 293 902 126 226 
 899 821 478 468 495 945 223 
 948 171 281 45 819 711 316 
 287 329 416 439 578 26 352 
 55 250 720 40 637 861 904 
 349 540 608 844 189 203 29 
 363 417 18 243 202 576 743 
 197 57 815 31 622 342 114 
 19 745 697 953 512 490 300 
 90 420 299 737 195 25 113 
 753 309 651 363 568 806 673 
 781 658 295 710 632 403 496 
 444 87 585 21 381 834 354 
 777 162 547 101 756 328 154 
 962 782 333 377 977 529 925 
 183 635 592 749 228 538 481 
 324 849 897 772 301 541 755 
 280 862 710 101 202 229 246 
 402 445 999 466 715 352 281 
 305 187 562 10 209 915 526 
 622 377 482 30 723 125 74 
 409 417 701 499 941 557 21 
 233 123 546 882 900 237 995 
 290 699 39 219 736 704 864 
 41 18 489 488 812 187 708 
 511 194 62 503 377 449 993 
 811 99 946 198 615 332 712 
 80 635 491 868 466 811 805 
 573 375 191 867 378 665 165 
 181 72 786 614 538 250 276 
 480 394 355 473 561 289 733 
 457 302 748 471 935 831 9 
 320 155 283 736 606 165 266 
 979 605 526 318 671 296 703 
 713 632 553 398 565 382 705 
 364 37 257 846 567 687 349 
 567 944 287 869 513 764 770 
 745 887 147 583 816 922 762 
 53 381 918 633 396 361 529 
 148 117 547 834 594 105 793 
 365 79 586 469 121 2 987 
 57 829 21 497 873 822 296 
 518 506 58 549 970 94 673 
 441 936 197 753 263 689 690 
 918 188 811 827 827 330 151 
 574 19 941 261 603 574 671 
 416 214 357 756 793 617 892 
 150 700 651 905 926 485 659 
 257 262 633 275 205 409 84 
 333 455 439 493 950 527 226 
 83 444 739 10 510 529 42 
 608 238 229 992 309 604 789 
 495 752 610 941 993 218 796 
 822 552 618 195 728 465 846 
 757 246 444 792 846 565 773 
 885 260 634 736 796 334 862 
 150 859 842 834 929 288 457 
 978 905 218 291 211 45 110 
 65 172 457 240 47 703 642 
 672 750 388 578 160 642 473 
 596 967 744 547 846 879 302 
 475 233 302 120 449 858 670 
 725 682 454 885 30 265 488 
 861 802 687 834 601 946 778 
 748 252 896 814 391 169 173 
 526 481 537 367 224 270 729 
 271 244 171 231 972 299 10 
 808 769 887 604 500 655 159 
 498 716 931 415 794 360 525 
 553 658 619 45 245 677 251 
 222 953 976 673 231 226 316 
 413 398 254 
 89 679 380 126 775 501 38 
 135 260 88 848 883 220 701 
 298 410 76 700 360 666 748 
 218 778 662 824 639 968 234 
 293 439 940 99 604 465 532 
 278 120 457 342 63 511 189 
 723 510 682 346 710 1000 556 
 196 997 723 461 496 444 175 
 892 298 330 853 718 621 189 
 209 537 766 852 615 519 279 
 528 447 251 124 226 368 829 
 79 827 997 157 60 789 26 
 736 84 660 676 334 259 276 
 876 432 56 74 322 482 887 
 306 921 4 895 516 615 248 
 468 373 736 691 773 135 431 
 468 412 607 997 486 839 130 
 941 837 761 647 837 730 855 
 251 301 566 763 511 420 832 
 787 257 559 879 662 598 872 
 294 84 458 232 386 539 277 
 197 541 864 53 874 465 748 
 467 713 363 683 407 65 453 
 802 427 79 178 752 433 94 
 590 849 443 775 349 683 581 
 846 184 129 733 466 959 120 
 358 203 514 261 335 992 238 
 523 192 431 719 741 965 76 
 441 72 289 862 903 806 868 
 420 488 26 320 155 669 575 
 255 852 947 510 541 15 961 
 579 268 138 248 71 51 272 
 173 788 846 98 944 346 36 
 630 641 12 947 225 336 658 
 987 93 185 364 845 915 705 
 563 57 760 244 847 394 591 
 674 648 699 354 229 550 742 
 40 460 959 376 293 932 44 
 862 884 435 138 622 958 220 
 457 541 119 586 518 395 244 
 717 144 721 231 325 821 806 
 38 145 803 900 776 222 846 
 814 37 281 717 214 535 483 
 274 600 404 263 213 567 744 
 164 239 539 333 731 719 440 
 450 392 943 77 741 712 724 
 753 616 615 728 582 940 190 
 711 946 288 703 963 489 680 
 177 392 29 206 705 71 737 
 785 14 219 784 616 523 917 
 16 541 795 192 309 921 14 
 340 943 443 309 643 955 1 
 703 117 123 394 593 923 141 
 969 160 909 732 954 63 693 
 472 73 590 432 318 575 864 
 184 991 724 251 971 890 811 
 53 296 945 504 315 967 132 
 514 289 670 536 936 937 434 
 300 782 980 660 33 372 618 
 959 712 875 161 147 873 567 
 774 228 678 666 678 87 36 
 838 60 225 341 64 273 359 
 189 757 900 877 715 574 175 
 736 643 811 853 523 958 529 
 532 930 136 435 327 735 365 
 993 745 367 227 787 144 228 
 909 732 927 961 725 287 66 
 255 975 226 895 242 126 893 
 1 699 543 753 899 780 79 
 824 39 365 197 600 652 193 
 167 879 233 255 189 262 709 
 769 184 125 
 442 367 881 762 156 129 953 
 865 917 543 220 354 950 113 
 180 670 725 845 991 191 873 
 948 615 546 910 443 565 526 
 609 321 414 81 187 566 729 
 262 886 822 173 721 681 968 
 5 502 515 514 496 189 193 
 152 522 526 183 488 213 36 
 520 943 685 987 461 17 982 
 473 223 987 78 702 478 608 
 18 891 829 133 409 956 196 
 502 266 501 171 581 599 493 
 430 606 247 269 253 691 692 
 935 937 192 33 294 854 782 
 449 882 467 176 831 784 586 
 519 977 835 431 230 844 773 
 307 677 294 340 534 421 885 
 677 599 176 995 321 243 583 
 358 817 838 424 465 730 692 
 453 605 321 95 853 749 85 
 502 249 692 847 242 303 174 
 907 256 62 177 363 661 670 
 266 152 428 860 631 520 393 
 936 640 230 532 696 676 860 
 956 184 492 313 456 584 690 
 74 534 339 304 858 659 520 
 281 713 767 995 440 30 613 
 98 634 92 958 55 356 493 
 504 632 331 274 761 111 544 
 646 950 890 64 14 433 754 
 780 752 878 188 541 318 237 
 226 414 449 453 767 103 965 
 357 908 421 529 361 621 667 
 643 718 482 430 645 942 455 
 988 202 642 995 962 207 587 
 929 879 745 239 520 420 730 
 748 275 584 779 174 335 445 
 97 1000 192 196 487 795 466 
 249 159 2 40 446 920 90 
 63 401 501 602 704 397 772 
 470 288 113 786 530 198 35 
 454 377 497 530 156 84 576 
 845 374 881 15 55 930 465 
 36 840 422 87 45 754 204 
 505 944 776 685 544 255 718 
 887 208 513 64 814 159 106 
 44 724 885 102 351 312 319 
 96 937 759 275 236 448 405 
 939 742 636 10 954 945 647 
 749 999 935 955 666 493 596 
 857 963 934 121 853 639 211 
 569 170 517 605 997 247 110 
 680 903 198 846 637 809 393 
 209 443 476 451 901 363 624 
 39 115 936 526 780 213 272 
 822 315 174 478 177 798 484 
 763 23 64 967 233 630 364 
 391 93 151 167 983 774 400 
 812 123 314 633 683 50 627 
 15 82 83 428 274 359 354 
 407 759 450 847 666 29 269 
 514 92 16 632 969 443 991 
 598 805 587 822 234 304 757 
 594 631 415 262 944 890 607 
 419 92 104 633 253 83 151 
 821 712 423 470 687 955 758 
 571 180 511 801 360 43 56 
 173 332 148 285 692 891 978 
 303 128 677 24 875 141 935 
 292 416 620 876 293 687 630 
 770 86 125 719 860 904 578 
 374 315 121 
 735 126 371 495 409 358 198 
 635 592 16 99 549 190 372 
 804 435 528 938 179 593 134 
 858 74 671 442 235 596 461 
 75 285 663 128 174 984 727 
 465 633 576 321 874 503 991 
 924 376 907 985 855 830 365 
 542 26 863 981 865 246 690 
 51 971 219 147 426 663 798 
 206 535 451 191 154 613 884 
 523 774 254 838 799 439 26 
 269 495 765 8 639 497 153 
 612 734 717 54 238 598 585 
 770 975 883 678 627 817 168 
 900 98 230 599 334 777 133 
 276 253 115 3 224 933 960 
 303 302 322 253 404 255 112 
 269 293 117 893 578 290 410 
 224 721 325 174 173 345 50 
 595 776 682 194 657 461 525 
 750 472 873 191 12 770 875 
 700 116 844 87 894 111 231 
 296 563 92 723 619 711 897 
 214 908 919 99 991 137 880 
 406 38 712 299 332 888 978 
 826 358 987 108 239 268 397 
 329 384 124 581 754 924 323 
 318 848 181 983 127 415 283 
 552 228 739 357 970 106 942 
 742 804 357 713 128 245 530 
 927 356 996 363 24 789 372 
 438 642 375 385 12 87 771 
 102 226 887 183 809 298 860 
 455 229 718 735 670 142 858 
 806 187 810 910 810 748 196 
 510 849 515 200 242 217 67 
 597 172 79 248 846 454 395 
 33 263 439 580 647 527 897 
 250 339 10 380 480 681 796 
 504 653 855 685 853 983 27 
 22 602 383 663 967 415 530 
 742 575 924 892 531 152 213 
 477 462 584 604 368 285 296 
 933 456 652 18 159 2 325 
 965 960 632 222 560 526 155 
 500 728 677 942 971 561 915 
 210 811 246 732 853 554 657 
 430 9 484 577 613 718 266 
 366 356 207 782 766 952 501 
 514 373 725 430 963 799 908 
 547 249 309 643 828 987 464 
 355 580 172 609 136 277 888 
 580 530 513 981 264 742 109 
 361 735 732 326 216 94 775 
 752 106 787 382 842 246 930 
 957 340 913 950 762 492 924 
 71 649 155 193 561 815 354 
 683 278 902 587 640 976 221 
 570 1000 657 724 776 730 758 
 387 587 995 376 640 983 654 
 1000 650 915 778 285 601 275 
 70 624 145 17 317 210 819 
 707 938 282 426 962 594 840 
 718 575 844 696 994 806 121 
 135 109 112 786 671 267 746 
 758 563 721 615 633 401 523 
 469 652 234 877 410 782 899 
 604 494 622 721 602 333 734 
 807 827 18 838 535 251 493 
 325 634 411 840 552 519 440 
 797 505 677 962 552 886 832 
 629 755 678 
 997 794 421 300 454 162 114 
 129 221 295 8 491 209 283 
 7 31 321 669 86 672 843 
 591 326 53 690 264 992 740 
 323 562 676 409 967 356 728 
 668 31 45 629 197 288 357 
 288 480 395 428 182 872 84 
 870 332 454 525 941 121 319 
 370 245 621 62 796 797 294 
 662 657 667 199 661 978 836 
 935 154 50 990 937 637 335 
 774 889 328 731 704 762 129 
 935 659 448 621 100 576 232 
 596 481 157 537 638 300 654 
 345 273 433 287 39 656 698 
 721 997 546 180 810 185 551 
 758 339 751 755 209 312 449 
 720 952 409 113 374 380 99 
 516 282 654 798 711 391 66 
 548 758 334 185 631 537 223 
 315 727 470 741 582 30 708 
 515 321 404 916 121 223 217 
 352 324 564 246 224 976 97 
 826 801 958 391 478 92 798 
 381 815 360 739 266 350 791 
 770 842 513 73 648 320 840 
 58 534 591 487 764 197 945 
 391 765 81 764 787 686 48 
 991 794 385 399 80 153 296 
 296 563 438 845 485 402 149 
 477 292 791 691 891 184 730 
 260 430 107 507 493 890 237 
 943 512 168 859 523 154 932 
 928 65 614 442 149 109 152 
 672 248 510 241 889 173 461 
 430 383 967 767 359 694 525 
 771 448 464 988 146 385 540 
 112 177 150 70 459 272 878 
 389 985 880 819 495 626 638 
 950 237 844 290 1000 845 595 
 982 929 395 746 631 249 767 
 926 806 271 133 728 755 469 
 319 734 93 247 994 14 620 
 936 115 162 715 451 712 754 
 382 674 238 148 112 593 406 
 964 753 895 191 547 809 658 
 769 913 128 39 846 11 145 
 740 841 106 681 166 748 609 
 356 705 3 405 378 963 402 
 754 883 295 559 193 408 715 
 239 627 501 280 537 4 472 
 421 932 520 962 226 82 423 
 488 805 258 232 97 223 366 
 198 988 243 288 749 409 300 
 253 811 404 740 368 150 913 
 124 21 161 35 342 201 935 
 2 59 60 787 768 622 852 
 269 466 301 480 589 998 59 
 34 677 25 119 849 16 158 
 170 73 76 765 563 68 904 
 369 931 997 206 248 911 920 
 848 321 248 155 633 143 252 
 594 162 263 659 581 361 523 
 49 507 905 620 606 571 109 
 234 151 791 649 635 251 471 
 726 532 237 70 844 555 252 
 902 284 33 244 452 861 944 
 922 596 299 847 705 347 630 
 584 584 654 392 182 296 798 
 868 296 998 192 863 447 45 
 877 376 646 601 710 855 726 
 155 526 222 
 575 128 317 962 702 720 520 
 8 913 503 994 583 163 421 
 728 625 888 341 607 497 735 
 360 510 172 611 432 611 488 
 736 188 319 605 926 262 97 
 101 175 277 211 141 775 3 
 446 544 184 270 950 880 483 
 544 277 180 902 757 633 248 
 537 584 213 536 566 324 600 
 266 675 707 7 141 345 345 
 563 262 410 589 211 117 477 
 604 96 649 529 574 178 976 
 67 365 173 284 584 993 75 
 327 640 637 632 52 504 479 
 161 19 214 442 754 963 667 
 164 369 884 659 431 829 844 
 11 567 630 693 342 559 555 
 784 984 300 334 932 303 143 
 945 637 700 299 852 109 702 
 339 222 660 161 337 415 870 
 568 381 542 432 752 60 904 
 811 528 804 467 380 41 312 
 774 865 658 481 329 820 856 
 287 491 69 255 890 671 896 
 348 347 422 380 270 568 891 
 279 112 220 313 90 879 579 
 861 992 363 238 594 917 424 
 771 304 224 402 730 900 457 
 171 735 766 577 524 370 646 
 156 980 888 795 303 59 223 
 352 729 805 380 416 203 399 
 685 571 320 851 222 424 371 
 308 316 480 882 273 763 507 
 662 521 751 222 919 370 324 
 440 322 865 38 167 442 473 
 24 613 423 900 734 897 281 
 803 57 271 835 149 670 583 
 392 1 413 318 6 779 233 
 631 365 336 109 271 974 875 
 409 12 611 435 879 659 187 
 690 792 411 754 902 285 621 
 89 37 815 368 11 323 213 
 958 59 275 961 769 934 927 
 258 467 260 735 407 255 670 
 235 560 27 86 201 508 298 
 897 925 697 52 662 692 176 
 180 507 823 940 380 860 56 
 782 411 42 413 875 234 773 
 471 576 682 953 570 3 221 
 842 866 161 390 616 105 406 
 170 208 603 112 243 856 846 
 386 336 40 546 177 446 313 
 524 313 509 463 338 861 955 
 78 894 160 473 301 491 431 
 935 21 897 771 543 744 400 
 919 660 10 654 198 306 592 
 401 25 178 115 139 707 796 
 643 504 837 83 867 281 305 
 46 601 190 703 524 969 909 
 472 773 342 717 990 880 664 
 433 736 801 637 653 679 23 
 792 130 746 790 217 138 17 
 25 353 794 723 165 308 146 
 224 862 292 974 974 722 738 
 25 957 767 492 358 449 598 
 117 175 354 276 127 522 437 
 988 681 15 616 318 848 953 
 488 854 743 615 947 604 31 
 610 756 215 724 405 546 601 
 373 526 336 200 337 838 202 
 114 186 561 268 382 891 214 
 179 378 569 
 431 223 168 426 158 455 751 
 968 27 619 411 452 471 960 
 237 162 951 646 376 425 890 
 776 128 239 185 48 459 831 
 657 257 804 10 122 337 588 
 933 173 805 647 96 888 146 
 664 202 145 28 180 229 179 
 178 926 173 651 795 488 768 
 785 137 972 541 800 730 542 
 876 380 790 698 664 366 148 
 356 919 545 706 355 78 185 
 752 581 612 833 516 146 893 
 977 148 544 227 441 910 937 
 420 705 719 413 847 476 556 
 273 683 280 340 749 149 806 
 914 903 544 961 532 705 633 
 833 333 827 329 797 890 760 
 354 154 295 633 766 741 207 
 892 346 138 933 122 342 763 
 870 347 938 399 11 682 655 
 840 239 232 818 251 12 26 
 281 413 246 482 787 914 5 
 837 930 581 347 329 239 782 
 465 549 657 503 929 854 717 
 277 948 869 829 567 73 186 
 136 847 26 62 141 363 839 
 932 447 867 535 821 623 504 
 226 957 669 49 247 121 700 
 725 110 781 896 79 997 600 
 608 420 475 238 604 838 631 
 753 197 94 462 750 695 380 
 933 656 151 558 333 888 684 
 730 464 439 903 491 636 825 
 554 133 983 578 826 521 517 
 477 372 127 97 945 561 55 
 306 154 633 509 32 376 480 
 168 91 881 147 841 778 831 
 57 707 204 794 282 455 513 
 236 977 293 669 799 177 842 
 786 214 168 300 35 542 110 
 998 680 42 332 292 788 41 
 60 86 408 121 316 812 373 
 143 418 518 444 734 615 768 
 574 51 123 31 538 170 620 
 959 642 658 414 48 812 985 
 857 964 417 424 701 625 352 
 164 423 86 640 442 504 248 
 487 31 186 978 341 194 130 
 662 512 147 803 927 590 664 
 577 545 612 259 264 55 137 
 893 328 538 698 849 945 114 
 668 904 62 263 835 352 195 
 100 644 300 790 464 652 281 
 271 244 744 830 375 67 817 
 953 657 741 509 497 403 362 
 247 255 348 87 521 860 586 
 98 767 881 42 76 163 856 
 439 548 455 670 862 718 903 
 77 23 413 946 187 196 270 
 492 628 367 88 654 32 686 
 732 432 820 781 281 43 369 
 951 228 209 463 388 18 433 
 208 82 765 963 436 251 536 
 72 272 402 962 751 861 173 
 164 591 786 840 83 800 105 
 632 260 280 762 738 107 726 
 833 695 898 648 288 721 338 
 829 589 994 378 50 321 153 
 210 813 350 443 190 979 693 
 818 547 962 986 793 404 573 
 569 579 945 363 630 87 900 
 951 29 236 
 227 501 93 164 37 521 478 
 458 477 911 660 82 759 594 
 123 221 69 117 81 665 71 
 107 265 778 439 935 557 339 
 193 739 120 139 530 914 391 
 648 831 908 78 148 531 908 
 242 666 613 226 242 775 895 
 402 652 392 543 81 120 463 
 195 123 39 901 167 198 673 
 302 951 404 801 312 2 187 
 794 881 748 372 422 51 490 
 918 714 497 115 656 75 326 
 787 480 367 122 823 78 75 
 963 600 296 904 725 960 244 
 292 762 549 119 722 976 272 
 504 409 765 277 563 469 299 
 424 815 143 795 996 71 805 
 603 306 353 82 463 259 16 
 452 232 638 873 944 815 321 
 247 525 41 856 439 290 384 
 854 308 161 221 750 288 992 
 103 280 175 196 577 396 131 
 820 311 832 662 526 7 370 
 364 252 264 924 668 364 347 
 323 946 803 388 485 78 15 
 591 933 346 174 66 209 431 
 562 78 686 532 233 92 1000 
 91 294 826 379 724 289 643 
 656 261 895 456 801 728 26 
 536 427 355 678 632 814 966 
 120 403 806 191 959 32 374 
 845 840 671 825 174 955 593 
 425 129 79 697 500 923 269 
 590 490 426 991 262 623 939 
 135 162 840 291 375 652 247 
 432 941 657 430 525 346 654 
 597 800 742 35 108 924 453 
 914 128 637 208 31 430 543 
 540 277 936 341 98 588 530 
 330 131 252 700 841 786 295 
 429 429 799 554 291 944 847 
 242 869 316 196 990 668 867 
 853 185 430 287 695 500 993 
 697 775 909 710 562 460 386 
 253 195 574 420 715 580 662 
 931 107 599 261 661 682 754 
 204 597 937 166 919 517 672 
 499 592 829 263 392 637 791 
 276 332 545 752 219 53 883 
 326 776 171 512 17 398 772 
 937 331 597 549 717 151 438 
 102 844 924 646 723 249 366 
 515 825 189 648 194 687 755 
 716 60 759 551 134 101 793 
 805 324 738 559 395 654 269 
 182 390 44 666 25 869 588 
 143 133 560 961 366 485 894 
 98 274 307 33 159 234 442 
 378 628 552 743 412 804 393 
 73 346 852 890 68 527 876 
 735 842 658 286 563 844 837 
 204 959 107 18 275 859 577 
 740 706 348 14 502 648 763 
 948 14 616 546 441 71 814 
 725 24 546 991 517 6 978 
 226 75 597 506 896 358 747 
 318 980 900 512 116 651 235 
 170 249 394 509 736 779 970 
 141 112 810 717 876 33 741 
 709 802 223 790 368 453 842 
 333 45 779 478 821 70 120 
 297 281 803 
 413 694 980 194 798 372 914 
 209 506 549 603 95 753 479 
 289 557 840 285 86 336 547 
 659 271 403 430 924 277 527 
 380 283 234 946 92 851 86 
 432 15 287 45 492 426 537 
 217 381 835 915 14 41 565 
 231 889 578 740 295 919 466 
 976 260 471 928 778 223 88 
 840 935 456 921 388 614 314 
 209 885 140 107 685 63 674 
 596 387 175 603 653 416 438 
 792 702 686 938 232 910 451 
 209 552 340 138 453 294 414 
 634 166 589 220 25 962 111 
 379 302 757 895 875 689 185 
 34 696 451 548 464 697 164 
 499 238 387 761 666 248 186 
 258 497 977 572 108 230 771 
 406 291 277 189 722 629 903 
 424 575 687 501 392 288 505 
 435 122 264 593 805 722 682 
 208 651 945 18 502 428 713 
 170 485 635 832 207 384 588 
 214 824 954 837 567 921 959 
 300 366 371 355 453 744 89 
 556 488 100 411 96 412 332 
 795 270 374 452 929 942 799 
 981 127 632 168 712 852 597 
 183 859 768 727 735 637 980 
 809 312 537 494 286 924 477 
 135 763 789 399 342 380 742 
 836 121 383 496 264 303 938 
 962 133 366 141 229 748 909 
 864 932 572 624 403 622 621 
 967 663 696 715 270 503 213 
 444 882 222 150 192 33 743 
 864 803 574 855 192 148 102 
 667 86 682 71 121 228 459 
 137 936 509 884 395 910 366 
 528 247 181 478 370 112 908 
 421 304 41 687 93 253 181 
 583 291 349 422 751 228 718 
 614 131 239 810 903 705 767 
 287 139 436 469 619 282 388 
 967 385 591 592 890 109 770 
 911 273 646 531 201 667 320 
 163 1000 949 446 835 638 485 
 58 321 37 778 861 886 993 
 52 917 144 446 191 769 816 
 376 103 69 163 606 314 550 
 665 902 936 261 255 519 675 
 836 661 33 766 858 343 525 
 983 478 332 212 837 500 384 
 8 720 338 450 709 810 266 
 180 997 257 606 326 526 458 
 669 642 676 420 391 725 125 
 322 17 706 721 486 82 734 
 910 54 674 339 157 16 53 
 325 454 277 771 566 36 734 
 292 658 792 568 886 818 102 
 330 151 58 298 673 105 161 
 745 216 385 355 711 144 894 
 128 771 137 105 906 820 974 
 344 617 170 201 858 206 69 
 348 18 762 391 603 301 92 
 120 11 306 317 676 923 243 
 324 190 524 608 191 763 961 
 62 592 663 350 665 180 417 
 242 695 218 837 317 88 840 
 700 336 559 196 734 271 330 
 493 395 24 
 281 704 500 120 184 217 237 
 729 332 952 255 829 871 351 
 982 569 963 805 455 507 809 
 364 920 682 415 370 237 367 
 507 329 742 991 962 191 977 
 301 214 214 96 577 323 721 
 675 579 89 83 876 182 431 
 783 933 621 115 502 201 919 
 36 549 532 953 924 786 588 
 887 822 186 301 179 211 205 
 277 929 588 36 492 208 62 
 807 833 977 633 601 924 181 
 632 903 728 688 54 605 477 
 895 588 72 838 442 701 721 
 799 306 606 766 908 105 678 
 200 545 836 65 740 390 442 
 715 642 663 841 135 71 876 
 221 245 43 270 31 430 178 
 356 903 511 763 680 282 591 
 258 916 249 520 917 628 791 
 215 953 275 657 892 458 564 
 539 160 989 591 110 922 534 
 223 179 367 416 805 414 541 
 448 799 611 742 592 494 633 
 349 364 643 145 929 230 551 
 829 684 2 924 417 395 961 
 311 3 468 151 601 897 473 
 883 346 478 310 545 357 308 
 627 696 330 121 466 44 142 
 410 8 212 243 992 684 626 
 383 596 984 76 972 980 338 
 437 244 722 810 690 99 193 
 714 757 970 367 735 819 608 
 401 712 934 23 378 707 251 
 870 536 90 385 532 940 760 
 437 776 640 831 32 640 631 
 596 502 288 477 953 956 902 
 987 8 225 543 57 304 177 
 364 512 738 321 986 447 104 
 199 4 522 778 5 184 249 
 8 513 157 110 270 302 792 
 916 299 183 760 648 312 729 
 80 728 993 782 358 558 501 
 881 173 835 301 229 150 388 
 14 683 391 126 78 159 42 
 856 193 786 828 612 864 110 
 33 965 502 395 426 720 371 
 228 308 930 84 936 975 406 
 561 194 900 331 132 1000 388 
 718 18 347 959 309 947 43 
 339 335 297 112 393 372 818 
 144 358 624 566 860 167 558 
 800 49 970 686 836 823 596 
 351 20 963 894 835 643 924 
 150 885 38 104 998 443 85 
 197 87 739 29 143 308 159 
 315 493 535 344 112 329 228 
 332 383 475 695 424 487 900 
 893 107 73 139 37 208 425 
 90 45 121 20 310 780 379 
 750 345 44 638 656 39 355 
 402 476 370 86 592 296 142 
 532 269 796 156 403 528 268 
 103 389 645 524 904 680 681 
 502 794 248 885 356 21 293 
 502 935 883 524 354 500 620 
 143 842 745 753 860 816 667 
 162 166 448 492 937 389 774 
 671 235 366 27 468 698 683 
 823 681 692 352 781 103 40 
 978 729 784 774 264 514 201 
 939 775 504 
 972 831 423 580 850 320 334 
 914 426 322 368 655 924 397 
 388 202 941 964 941 564 416 
 927 373 871 312 80 809 936 
 976 429 20 445 343 162 213 
 460 981 172 168 361 270 422 
 142 189 952 508 12 774 342 
 696 115 372 434 431 940 28 
 61 571 633 492 919 655 988 
 494 565 636 73 985 133 814 
 179 850 138 574 711 77 471 
 814 922 267 550 294 891 243 
 790 305 328 729 694 598 858 
 462 252 983 183 789 108 588 
 267 945 626 965 838 167 422 
 906 60 127 705 195 295 153 
 611 718 317 650 723 236 529 
 708 331 994 633 950 201 111 
 221 600 438 835 859 653 548 
 978 730 766 202 27 973 275 
 719 236 955 112 335 945 936 
 585 241 312 950 141 244 446 
 609 420 133 511 669 17 170 
 280 872 85 364 212 319 848 
 246 632 961 512 343 224 142 
 32 682 502 789 936 960 22 
 648 254 698 354 160 927 184 
 982 672 798 608 843 131 41 
 840 588 948 822 11 666 33 
 960 787 544 439 313 602 470 
 948 718 568 325 255 174 107 
 743 695 657 563 28 253 912 
 817 229 955 448 50 497 842 
 838 175 392 765 330 794 283 
 847 331 432 944 748 237 522 
 278 586 309 649 117 654 617 
 84 554 622 375 475 925 394 
 292 137 732 873 793 572 91 
 925 693 716 162 709 901 269 
 572 487 692 420 408 802 274 
 115 530 204 174 869 632 793 
 876 24 740 62 220 853 19 
 792 23 793 594 312 482 673 
 372 555 353 592 19 26 875 
 400 108 247 663 57 593 10 
 289 573 268 502 845 287 265 
 535 935 487 953 232 608 815 
 285 759 954 162 433 487 990 
 105 36 192 169 133 705 840 
 507 180 927 768 819 460 337 
 527 691 80 572 655 735 398 
 828 937 604 68 565 57 723 
 214 874 25 555 736 624 839 
 88 667 464 918 653 410 478 
 437 906 866 412 594 30 908 
 358 292 811 249 108 298 811 
 978 618 799 302 932 86 571 
 305 566 566 88 430 355 280 
 697 87 365 206 706 591 664 
 239 311 990 961 799 47 178 
 82 658 125 469 352 947 73 
 492 495 862 171 473 361 735 
 787 197 83 217 272 71 348 
 622 295 738 100 194 864 138 
 889 390 783 445 473 973 799 
 562 990 304 463 451 148 929 
 450 729 883 482 583 139 117 
 276 621 78 351 255 419 340 
 424 588 387 788 491 643 629 
 349 532 21 123 818 844 529 
 48 4 980 184 983 26 811 
 480 85 441 
 256 88 829 788 591 951 560 
 211 259 133 593 763 559 623 
 745 216 517 171 543 405 90 
 480 477 495 616 922 691 757 
 513 952 700 576 140 990 171 
 162 202 345 459 64 301 478 
 609 22 341 177 250 199 682 
 423 84 770 129 258 822 932 
 519 376 142 56 582 370 566 
 910 178 181 261 830 10 315 
 591 898 15 438 444 343 470 
 706 66 346 661 712 954 267 
 976 593 490 379 225 409 15 
 268 992 295 81 404 920 566 
 364 937 830 597 994 611 471 
 694 986 709 337 393 838 297 
 853 142 240 294 407 925 850 
 27 342 589 640 481 249 534 
 446 842 688 216 856 67 862 
 407 133 690 815 629 235 7 
 485 438 481 748 35 218 375 
 925 886 780 534 430 782 117 
 990 991 472 448 284 136 409 
 67 528 84 530 283 808 983 
 262 564 606 710 684 362 937 
 827 517 379 206 742 29 937 
 437 963 530 360 388 838 541 
 180 556 558 547 528 517 523 
 482 542 778 161 332 914 396 
 963 622 469 879 414 685 697 
 231 538 213 489 720 361 409 
 855 568 37 257 963 950 204 
 638 638 375 434 519 58 836 
 794 850 335 244 116 209 309 
 243 589 994 950 520 618 964 
 87 39 722 314 305 147 582 
 338 972 649 298 595 374 533 
 72 896 950 269 737 782 580 
 208 266 511 61 996 720 972 
 543 97 188 268 624 314 733 
 912 583 853 440 730 775 102 
 887 560 575 536 669 325 659 
 863 509 562 872 990 21 583 
 842 67 303 219 54 796 737 
 28 318 728 209 8 960 61 
 18 832 653 21 381 55 322 
 808 968 206 176 432 455 533 
 68 870 662 169 630 184 657 
 176 994 167 729 909 633 962 
 23 947 644 28 774 964 205 
 382 83 439 558 188 387 395 
 742 56 512 575 191 82 979 
 165 417 338 1000 49 508 803 
 604 957 888 959 944 378 476 
 658 834 902 584 656 816 73 
 628 629 852 669 684 777 742 
 872 666 664 973 691 978 714 
 370 424 443 479 10 446 651 
 928 562 788 1000 198 304 111 
 189 580 838 459 579 731 269 
 27 579 201 34 217 620 376 
 387 860 873 600 401 188 280 
 388 571 567 507 805 830 737 
 622 81 566 509 509 153 691 
 871 859 670 748 389 554 897 
 636 168 814 788 175 630 215 
 707 851 765 898 530 423 736 
 127 94 292 89 225 315 910 
 474 47 105 48 419 85 341 
 146 131 289 232 925 895 175 
 882 264 259 668 316 306 188 
 650 321 374 
 825 200 722 620 549 550 91 
 902 765 324 962 942 289 272 
 217 296 853 249 535 331 637 
 567 523 94 850 910 667 476 
 791 983 592 511 858 197 722 
 310 891 279 715 319 438 947 
 980 763 737 605 649 468 308 
 914 934 183 938 719 454 776 
 804 176 32 666 520 585 984 
 596 316 142 782 218 429 28 
 600 913 398 4 681 960 321 
 203 406 215 934 314 284 632 
 183 830 300 936 367 711 178 
 4 318 473 856 435 902 844 
 693 560 82 508 581 412 307 
 440 847 877 210 51 600 297 
 933 804 475 424 58 733 333 
 173 317 317 674 514 505 134 
 146 742 8 127 440 376 842 
 439 368 520 751 446 526 682 
 341 372 527 682 888 981 889 
 430 557 195 937 62 813 114 
 279 812 705 225 667 739 946 
 902 271 602 470 870 18 917 
 769 999 496 439 25 718 826 
 82 608 999 406 114 279 848 
 375 388 239 237 554 338 615 
 265 654 628 484 329 1 765 
 868 321 538 27 553 626 331 
 732 574 114 18 185 819 562 
 939 299 128 797 328 680 435 
 70 323 892 234 247 449 583 
 847 121 871 683 710 710 746 
 482 824 408 336 577 444 751 
 271 654 243 389 896 403 313 
 546 587 672 162 854 370 170 
 402 794 45 525 946 541 921 
 371 739 823 872 890 916 440 
 78 814 628 454 400 363 982 
 752 181 665 648 230 58 613 
 634 844 46 388 31 931 778 
 47 148 102 455 364 307 452 
 564 834 159 602 622 875 189 
 214 798 695 134 476 961 988 
 719 921 59 191 757 545 664 
 193 105 152 168 251 744 171 
 40 864 302 716 280 876 800 
 863 832 783 494 192 809 241 
 483 400 205 566 485 396 22 
 838 890 316 336 291 376 284 
 846 986 243 596 205 357 685 
 208 194 86 311 671 531 692 
 522 483 120 803 731 149 305 
 253 674 758 797 195 849 766 
 133 513 509 157 556 308 846 
 778 45 228 23 383 290 210 
 84 24 577 344 782 584 68 
 691 808 434 988 194 390 352 
 806 179 370 286 928 746 167 
 699 460 249 674 436 617 222 
 883 169 970 734 199 13 320 
 845 627 390 101 659 328 448 
 711 661 506 385 657 385 646 
 356 89 776 854 7 828 49 
 70 539 9 905 979 359 512 
 660 961 435 144 353 714 965 
 83 969 829 934 426 823 500 
 769 304 380 556 169 712 977 
 146 648 813 460 298 375 573 
 438 559 448 844 426 593 948 
 162 462 306 310 453 327 606 
 724 581 366 
 122094 122754 123875 127992 125697 124781 123330 
 122989 125899 128355 124781 122813 122479 129672 
 129570 123436 122704 124583 126026 125669 131038 
 121785 121924 125085 122441 121157 123467 125065 
 126083 126678