 500 30 0 
 656 705 816 832 816 676 690 
 575 485 923 548 788 635 810 
 616 1037 884 596 672 868 917 
 853 565 961 832 831 427 772 
 760 703 603 671 993 634 586 
 785 929 790 766 632 596 1005 
 736 1019 640 825 782 881 537 
 549 694 512 699 958 950 689 
 552 682 516 678 798 806 744 
 677 824 846 505 852 784 815 
 863 678 927 743 974 744 686 
 801 673 529 1025 549 878 789 
 608 862 546 547 1046 855 726 
 825 851 677 488 1027 663 971 
 610 764 623 928 954 557 772 
 787 554 624 816 917 558 523 
 795 1078 683 688 1006 870 874 
 705 808 593 760 773 597 925 
 790 571 770 651 805 705 938 
 791 646 775 867 901 507 742 
 684 920 682 790 850 727 634 
 887 726 850 757 819 680 983 
 990 511 841 685 874 800 740 
 789 864 912 606 770 551 937 
 587 692 1023 892 877 819 609 
 1030 698 755 545 855 702 890 
 494 766 536 876 944 906 553 
 466 591 568 774 610 911 901 
 823 873 918 958 885 1050 653 
 809 919 493 682 866 730 901 
 754 579 758 771 487 862 750 
 806 929 678 668 680 797 742 
 707 788 714 690 847 871 971 
 875 977 547 575 682 532 902 
 779 682 887 983 990 943 889 
 781 848 1050 579 982 987 853 
 962 679 836 721 506 942 846 
 545 752 489 771 788 559 758 
 918 676 669 888 726 782 718 
 940 736 600 603 594 641 823 
 787 592 914 842 862 941 582 
 971 948 768 579 725 661 644 
 730 602 507 529 589 590 625 
 561 721 1036 708 918 743 979 
 490 544 776 509 496 655 520 
 550 486 580 866 941 889 683 
 722 635 809 499 888 656 852 
 1026 862 693 631 612 839 809 
 499 603 924 518 711 470 512 
 742 1043 627 528 805 970 1006 
 817 887 778 693 958 988 767 
 524 974 872 772 453 910 723 
 758 706 802 664 675 985 741 
 829 624 925 670 973 834 948 
 932 663 765 582 690 909 627 
 521 483 662 779 768 685 1021 
 962 535 580 656 946 815 845 
 861 675 699 850 911 497 551 
 711 567 609 876 921 864 627 
 540 1005 817 871 1028 746 755 
 888 539 603 951 960 430 788 
 468 586 545 755 682 860 674 
 572 917 786 681 661 695 838 
 796 591 627 712 440 651 643 
 873 795 585 870 567 807 467 
 690 582 652 672 535 897 671 
 533 948 866 726 896 975 769 
 523 804 982 964 956 634 702 
 561 744 551 773 585 822 776 
 458 556 631 795 523 417 663 
 587 644 852 542 527 721 532 
 668 657 661 
 317 719 300 590 145 569 118 
 627 276 840 575 153 210 923 
 676 757 854 687 593 976 913 
 74 877 863 338 423 480 688 
 33 582 712 164 316 601 181 
 61 222 263 259 446 810 753 
 353 670 283 654 28 595 561 
 118 373 157 827 768 738 425 
 272 812 343 706 507 680 842 
 496 233 827 146 416 332 475 
 653 814 381 239 716 277 788 
 412 295 386 191 88 439 196 
 332 56 408 500 774 626 539 
 476 873 874 53 921 422 237 
 977 576 381 478 381 610 974 
 27 111 79 317 567 278 332 
 401 254 17 652 907 371 752 
 415 750 26 876 53 915 540 
 775 864 306 837 874 741 264 
 631 19 538 107 477 475 388 
 614 199 809 919 381 904 745 
 60 24 929 825 785 639 571 
 41 540 106 303 168 950 149 
 733 919 319 261 775 174 893 
 678 116 16 28 344 243 680 
 68 701 565 375 702 75 496 
 253 356 954 293 371 715 604 
 338 962 553 519 37 534 694 
 108 837 951 637 350 408 661 
 31 697 883 250 451 464 861 
 309 64 140 627 385 998 581 
 553 314 328 27 373 611 482 
 825 956 95 458 766 225 950 
 248 627 217 684 405 715 856 
 304 941 846 353 593 611 524 
 655 840 873 410 951 733 412 
 446 153 300 602 9 635 324 
 947 882 972 802 872 85 809 
 234 366 429 681 729 928 327 
 536 388 552 218 470 496 35 
 167 718 606 440 853 742 780 
 903 625 385 283 241 256 821 
 405 475 140 149 346 642 96 
 199 607 469 763 771 965 301 
 902 976 962 134 422 254 18 
 322 928 683 996 434 760 918 
 757 859 680 837 612 386 513 
 71 234 936 122 729 48 676 
 11 121 13 787 944 628 182 
 944 815 128 244 19 344 144 
 460 675 111 883 337 835 634 
 867 82 525 459 111 923 394 
 373 679 660 789 70 819 100 
 610 401 434 987 530 520 539 
 130 931 155 6 411 858 908 
 327 32 408 287 312 965 172 
 842 435 621 902 399 242 317 
 640 940 728 673 882 319 187 
 82 620 322 159 709 434 947 
 236 355 414 225 699 730 25 
 493 355 910 200 366 150 415 
 94 210 626 385 189 229 648 
 294 691 132 926 131 766 542 
 293 357 648 151 819 289 297 
 204 150 199 648 334 965 364 
 607 503 526 970 808 270 590 
 32 683 617 548 936 333 31 
 548 757 112 107 877 97 365 
 960 522 248 122 295 697 86 
 675 41 125 737 450 333 235 
 669 862 729 678 156 36 321 
 795 690 616 
 592 196 689 930 481 86 834 
 193 252 201 222 561 17 59 
 920 555 70 907 699 680 9 
 117 706 814 660 987 379 983 
 700 926 522 20 615 567 847 
 316 968 192 888 644 829 425 
 772 645 731 124 644 105 334 
 632 954 75 450 181 223 433 
 128 396 126 619 346 644 49 
 305 357 372 183 494 177 172 
 386 742 714 850 954 304 867 
 645 780 723 895 939 704 538 
 720 835 404 232 348 570 84 
 634 995 54 767 438 993 644 
 376 279 323 633 409 950 851 
 915 15 984 627 77 262 946 
 811 485 643 797 651 422 923 
 929 992 188 902 74 383 963 
 283 829 923 429 907 81 389 
 888 149 782 408 844 308 567 
 354 45 906 358 57 477 731 
 939 684 686 258 221 956 786 
 796 580 623 43 854 933 699 
 98 751 899 970 112 909 884 
 705 646 377 987 392 804 178 
 983 297 907 730 646 793 772 
 306 780 289 613 174 153 897 
 903 384 109 865 33 613 628 
 727 953 410 954 823 880 797 
 309 229 315 652 53 188 784 
 822 492 28 295 74 558 262 
 772 11 919 159 86 888 766 
 885 634 997 222 861 924 484 
 358 456 890 409 653 122 937 
 16 848 1000 204 527 343 44 
 200 987 643 602 848 12 527 
 736 1 263 217 448 621 367 
 759 413 241 843 514 62 805 
 781 804 629 662 144 784 535 
 278 559 957 34 670 813 402 
 191 744 144 825 724 760 53 
 52 625 36 754 145 494 983 
 846 972 17 537 512 832 456 
 955 18 325 744 134 964 920 
 260 754 968 949 133 917 873 
 717 364 641 449 72 480 628 
 151 178 56 702 734 101 151 
 549 468 474 74 376 735 374 
 267 221 215 710 59 435 515 
 835 986 70 693 931 127 790 
 220 286 301 7 814 947 587 
 815 858 173 217 857 6 522 
 260 724 270 813 200 770 351 
 96 376 865 631 588 232 996 
 828 323 628 591 318 980 992 
 260 30 972 647 441 219 972 
 424 958 985 896 396 127 552 
 33 96 30 141 742 154 365 
 139 247 573 734 536 645 253 
 755 807 347 450 100 584 61 
 405 100 465 26 203 203 523 
 571 940 722 549 97 194 336 
 385 672 713 886 744 526 867 
 876 567 401 994 2 398 627 
 26 415 756 382 795 945 356 
 535 138 961 541 957 882 740 
 181 351 189 736 611 966 446 
 85 262 183 962 335 937 63 
 145 381 916 732 760 251 89 
 231 131 600 531 211 805 383 
 151 981 56 581 943 577 700 
 903 610 832 
 511 249 157 883 856 502 928 
 87 75 643 832 318 612 835 
 392 496 492 320 47 510 933 
 405 496 235 133 350 516 304 
 796 989 207 838 446 835 540 
 803 543 858 546 896 457 709 
 268 784 766 780 969 657 567 
 761 536 96 704 516 521 366 
 322 551 691 37 6 464 722 
 144 322 2 404 93 165 898 
 600 900 570 666 918 740 327 
 648 155 554 578 516 581 73 
 760 988 361 384 669 551 142 
 486 547 819 202 270 51 774 
 85 650 92 903 625 705 230 
 235 662 769 621 855 16 851 
 127 576 575 824 428 107 186 
 191 528 958 186 340 322 859 
 264 328 617 112 102 810 379 
 240 422 977 326 839 493 198 
 898 832 645 107 813 638 862 
 711 260 20 194 981 90 13 
 722 567 459 642 715 253 541 
 144 553 653 539 222 55 970 
 352 534 819 565 861 563 869 
 476 612 261 361 765 193 580 
 81 72 619 587 364 807 470 
 544 165 647 949 397 483 235 
 234 319 852 837 574 313 392 
 380 671 281 310 933 36 173 
 177 297 921 966 273 913 683 
 25 306 444 395 956 484 164 
 275 567 287 588 354 182 100 
 19 863 568 76 901 174 73 
 321 813 205 807 758 596 526 
 903 224 776 923 534 385 70 
 891 358 273 822 790 286 467 
 488 778 545 424 618 395 858 
 454 590 140 740 518 581 8 
 227 200 623 847 905 423 758 
 49 26 324 789 372 711 395 
 763 302 820 712 151 234 464 
 639 795 418 679 150 889 328 
 937 780 526 940 664 478 384 
 876 500 549 385 847 46 721 
 145 408 527 979 420 460 366 
 285 537 746 244 131 606 252 
 623 974 748 650 336 484 294 
 801 750 217 560 61 767 619 
 938 940 74 824 193 791 636 
 185 658 982 526 403 582 186 
 740 706 395 58 292 612 792 
 242 626 501 894 231 590 384 
 576 539 106 609 129 720 220 
 995 199 231 657 364 627 430 
 68 90 733 955 824 508 170 
 763 147 865 157 160 47 505 
 159 174 615 364 366 669 166 
 758 494 724 71 472 402 897 
 683 974 376 363 926 786 344 
 604 689 411 995 671 286 412 
 723 453 157 894 815 647 265 
 421 771 963 146 804 392 486 
 72 680 249 646 436 124 9 
 253 207 346 813 141 311 549 
 598 390 276 118 42 552 767 
 101 415 737 541 699 911 157 
 30 281 849 920 609 82 470 
 557 116 497 758 572 413 203 
 214 30 448 786 458 64 86 
 655 178 881 2 749 103 603 
 451 453 882 
 675 356 685 408 705 466 632 
 695 630 474 35 983 401 984 
 205 129 887 415 788 257 214 
 84 879 403 552 241 567 151 
 712 634 124 987 629 441 313 
 45 897 594 88 605 553 814 
 411 100 355 760 79 351 89 
 2 713 730 127 804 525 269 
 829 945 475 886 133 362 960 
 508 356 623 421 791 321 114 
 626 321 239 993 561 653 193 
 214 666 649 394 393 450 204 
 467 953 442 464 737 596 656 
 70 475 844 160 468 111 93 
 65 40 407 80 535 937 518 
 346 684 10 142 58 990 301 
 556 948 686 137 898 632 126 
 491 682 690 559 214 187 223 
 37 331 838 988 796 6 125 
 415 983 526 680 66 477 434 
 335 867 882 260 246 420 606 
 807 228 883 184 760 834 810 
 432 30 252 44 247 840 705 
 68 431 339 818 741 322 904 
 700 592 436 247 677 617 359 
 222 593 273 122 624 34 146 
 641 725 512 788 947 749 30 
 250 397 181 32 571 746 205 
 830 82 479 327 10 917 16 
 896 145 221 317 395 411 58 
 946 586 730 796 633 748 725 
 777 111 501 417 953 673 280 
 900 827 852 901 881 398 799 
 331 731 584 938 420 90 758 
 531 427 974 343 517 286 806 
 841 175 699 703 944 893 772 
 614 202 136 507 4 644 54 
 84 228 514 970 892 437 153 
 186 221 864 245 891 942 473 
 481 540 676 821 458 164 196 
 368 242 292 340 427 677 805 
 508 800 917 456 1000 733 958 
 96 962 626 737 775 289 659 
 793 930 308 92 607 750 68 
 639 758 912 61 326 942 574 
 411 970 993 502 140 664 95 
 890 258 30 425 928 469 17 
 231 218 977 275 987 67 869 
 399 714 613 367 197 254 74 
 327 108 332 961 18 658 934 
 468 700 428 336 219 826 358 
 243 794 852 18 84 987 998 
 49 578 132 176 722 969 855 
 67 37 625 955 770 767 485 
 477 250 515 917 822 994 845 
 427 803 496 261 677 208 993 
 725 759 122 118 620 182 766 
 295 774 933 468 792 241 719 
 739 679 440 25 412 857 102 
 829 566 575 889 630 500 420 
 892 158 560 746 923 505 158 
 770 236 352 561 192 258 645 
 710 992 192 553 258 476 560 
 127 548 416 817 654 578 435 
 458 529 196 878 401 287 587 
 713 850 425 128 210 449 343 
 220 421 798 697 563 474 882 
 7 455 170 709 215 397 863 
 598 313 618 542 671 492 276 
 973 86 527 440 700 436 567 
 559 518 883 276 560 900 242 
 466 811 638 
 608 200 155 905 161 802 41 
 958 524 198 863 376 568 672 
 620 403 10 583 153 29 600 
 836 13 670 467 206 44 367 
 822 647 736 780 736 884 829 
 872 644 415 750 589 907 28 
 65 857 646 773 139 759 309 
 22 867 458 110 384 543 466 
 503 358 554 460 299 953 576 
 251 708 444 830 937 572 830 
 597 772 435 995 392 416 88 
 514 242 688 496 348 145 492 
 31 450 472 834 529 587 776 
 100 815 111 908 765 267 735 
 158 475 586 448 917 43 869 
 924 659 159 301 167 600 968 
 313 698 657 844 578 522 382 
 757 224 453 350 416 972 938 
 499 392 765 477 157 70 479 
 149 775 137 503 574 27 237 
 847 789 615 965 186 679 188 
 736 118 873 818 117 805 149 
 30 742 825 265 918 798 90 
 327 586 281 266 364 267 312 
 475 106 72 705 510 987 253 
 409 234 996 706 833 317 862 
 660 385 326 571 910 927 887 
 172 461 5 435 877 318 646 
 651 309 216 487 992 847 250 
 901 760 154 906 850 257 56 
 522 543 918 329 747 624 149 
 245 39 259 356 364 456 398 
 135 582 105 211 794 753 248 
 869 334 293 360 367 758 465 
 304 737 823 436 829 482 962 
 435 416 724 704 870 808 538 
 354 257 494 954 758 370 882 
 698 776 247 945 332 854 109 
 387 393 121 113 901 575 805 
 111 235 546 639 124 35 3 
 265 307 722 772 224 353 128 
 471 16 266 162 337 131 128 
 691 802 438 591 658 937 920 
 145 650 994 681 458 459 303 
 63 659 236 303 872 823 469 
 176 230 175 709 414 389 765 
 337 569 621 283 367 336 352 
 506 918 240 147 321 766 755 
 237 324 103 296 569 16 146 
 590 707 383 313 480 628 24 
 855 535 197 764 983 579 157 
 616 581 583 395 486 255 519 
 483 490 498 138 328 885 644 
 583 949 796 389 961 724 589 
 701 619 826 526 140 714 601 
 558 251 757 876 352 741 781 
 439 332 941 428 366 284 54 
 855 882 558 213 427 683 78 
 623 337 945 209 194 273 689 
 321 708 959 296 844 709 240 
 832 963 750 299 429 547 823 
 136 86 581 210 442 900 390 
 48 67 172 262 230 228 4 
 409 463 561 768 64 665 334 
 50 789 575 140 307 8 9 
 97 379 267 934 19 458 120 
 933 27 684 62 806 721 39 
 534 395 275 68 64 597 349 
 839 499 145 799 239 425 407 
 777 499 527 414 191 147 29 
 649 661 682 114 760 329 612 
 493 486 579 
 596 859 30 710 378 675 564 
 243 598 619 548 601 543 721 
 646 215 834 185 660 29 124 
 73 994 694 486 869 186 966 
 667 468 505 579 843 223 542 
 125 12 917 444 828 429 736 
 4 654 411 276 916 726 887 
 589 173 115 310 270 871 886 
 678 937 508 377 369 170 623 
 863 468 697 372 936 588 395 
 964 129 941 944 671 461 202 
 627 184 326 995 203 870 777 
 473 428 600 285 363 421 750 
 825 79 487 784 784 151 602 
 223 686 97 583 965 680 660 
 357 974 581 276 13 299 774 
 876 740 474 7 758 756 311 
 914 796 209 200 472 923 940 
 275 207 189 577 297 513 67 
 425 703 994 340 639 64 240 
 833 771 756 504 476 232 663 
 853 75 861 82 7 921 278 
 641 300 175 984 33 970 405 
 279 288 144 562 496 777 23 
 884 5 126 948 145 940 933 
 227 658 494 918 722 714 56 
 337 771 906 547 658 191 642 
 244 874 122 775 915 388 203 
 23 540 972 999 421 688 840 
 651 324 960 84 94 278 358 
 678 152 498 52 918 157 839 
 329 795 543 436 975 725 919 
 963 478 359 833 960 470 416 
 826 301 471 918 43 19 440 
 345 771 112 209 952 501 324 
 425 775 95 497 879 395 189 
 509 138 931 665 89 975 919 
 612 655 365 117 688 494 690 
 31 21 717 155 734 360 857 
 750 476 491 158 760 973 951 
 647 78 763 18 886 324 716 
 800 730 502 52 938 995 474 
 498 441 495 698 420 1 978 
 50 913 711 199 166 946 432 
 42 969 759 374 209 53 3 
 276 429 293 415 812 148 172 
 8 37 172 676 560 221 184 
 398 516 296 666 700 427 646 
 980 728 161 998 86 667 958 
 453 791 948 947 572 4 742 
 13 860 297 112 529 259 987 
 556 254 604 433 479 321 576 
 254 154 931 734 263 957 114 
 987 476 638 578 18 993 996 
 458 874 618 767 606 386 585 
 539 392 317 774 329 877 910 
 266 412 561 338 980 555 730 
 215 800 460 61 488 236 67 
 971 110 336 676 897 974 583 
 631 706 269 106 380 100 747 
 175 915 605 666 932 221 460 
 670 926 520 776 377 800 93 
 521 253 388 305 904 281 258 
 557 887 792 748 998 936 132 
 413 956 190 214 437 99 494 
 914 134 715 44 323 11 528 
 364 948 389 33 47 91 869 
 104 490 755 193 918 781 72 
 799 701 569 809 979 530 694 
 204 112 368 15 364 496 718 
 295 571 227 299 976 864 153 
 703 151 704 
 384 921 256 36 724 664 499 
 685 266 507 220 106 499 223 
 140 102 57 611 985 10 330 
 909 229 581 335 114 665 805 
 899 616 144 853 940 76 612 
 68 660 178 153 97 980 584 
 922 345 357 402 623 348 734 
 115 636 282 172 912 128 649 
 237 260 674 195 819 531 835 
 426 921 592 308 307 263 397 
 654 131 845 501 355 52 625 
 987 896 509 913 105 311 125 
 247 976 998 590 839 122 817 
 434 98 529 528 670 480 893 
 48 649 951 344 411 666 70 
 762 543 196 64 451 815 979 
 665 972 235 924 698 828 416 
 422 188 555 631 362 606 937 
 791 427 375 804 346 733 363 
 987 95 16 701 38 157 26 
 656 49 427 277 134 740 512 
 37 660 516 381 679 564 280 
 692 563 673 939 455 360 904 
 852 664 409 595 919 108 779 
 628 865 518 228 539 54 349 
 515 72 370 661 105 656 641 
 230 27 159 720 759 364 778 
 200 617 261 738 662 43 804 
 663 979 416 917 738 20 58 
 3 840 289 621 164 999 758 
 547 440 195 51 259 24 166 
 163 705 71 161 935 100 49 
 781 97 170 949 39 560 179 
 516 831 374 856 759 375 130 
 386 58 44 662 682 98 478 
 145 796 520 384 370 818 426 
 678 913 761 934 849 885 150 
 926 884 605 591 257 939 272 
 105 344 345 738 213 84 638 
 781 225 111 162 643 896 489 
 684 733 961 455 714 685 720 
 18 526 923 431 717 812 539 
 642 645 239 153 645 886 476 
 57 6 25 53 512 681 487 
 286 514 416 500 709 810 951 
 852 35 588 593 767 469 811 
 340 588 897 409 749 310 441 
 697 963 489 418 814 92 490 
 329 586 738 210 418 45 171 
 249 240 564 180 826 635 509 
 723 699 173 12 390 777 130 
 975 663 13 563 449 660 928 
 970 289 368 984 882 736 660 
 8 278 541 779 256 598 656 
 687 794 193 353 791 231 438 
 926 669 197 192 854 865 34 
 460 889 216 29 924 779 226 
 297 201 796 894 48 275 625 
 350 401 408 385 161 682 77 
 575 901 604 904 122 681 808 
 521 141 563 853 596 127 991 
 519 992 667 554 118 541 302 
 1 244 39 402 492 692 133 
 212 170 91 880 183 724 184 
 515 567 273 10 407 21 533 
 470 668 982 992 173 879 818 
 503 727 766 420 652 18 124 
 599 311 425 77 3 394 901 
 344 970 893 164 520 165 246 
 411 665 925 742 781 282 667 
 876 441 671 415 490 764 812 
 257 705 700 
 537 888 477 792 312 93 160 
 664 207 743 840 96 773 989 
 208 899 263 606 727 273 48 
 568 642 513 914 426 426 693 
 687 314 822 664 974 566 86 
 345 518 915 677 212 356 863 
 724 660 436 207 950 34 625 
 831 751 796 181 701 939 327 
 143 372 488 106 936 802 387 
 728 587 176 572 227 448 837 
 800 817 135 241 738 824 740 
 762 377 888 632 689 575 21 
 969 785 295 25 814 789 116 
 419 709 22 362 914 985 47 
 557 176 156 929 499 495 112 
 574 570 220 454 158 273 973 
 850 283 991 747 237 709 654 
 728 536 763 478 944 464 752 
 585 295 927 290 466 518 772 
 362 388 469 544 573 635 303 
 488 372 301 849 769 733 55 
 368 183 223 535 532 676 401 
 541 281 728 400 544 312 933 
 106 218 943 264 5 427 477 
 70 270 918 659 756 779 542 
 211 100 248 782 866 9 554 
 643 278 753 660 770 462 102 
 309 145 987 139 174 998 33 
 134 900 529 462 626 482 131 
 927 9 924 420 37 779 51 
 757 355 58 555 26 12 281 
 214 357 806 256 223 866 17 
 209 262 718 894 495 487 182 
 807 764 40 714 875 607 750 
 238 45 359 151 524 769 442 
 485 147 759 387 287 293 763 
 936 55 836 74 423 619 858 
 60 996 373 522 946 260 329 
 906 630 446 137 485 629 150 
 339 426 174 113 301 583 287 
 496 958 299 603 957 116 598 
 574 822 349 89 356 892 566 
 333 981 578 52 212 146 726 
 598 225 923 386 727 768 456 
 96 365 790 572 646 20 359 
 496 671 655 41 141 133 34 
 116 735 207 779 510 993 407 
 394 327 269 488 349 937 577 
 754 445 654 632 717 437 871 
 333 335 815 488 432 574 319 
 469 142 468 349 674 507 109 
 355 597 575 586 626 53 904 
 611 5 215 677 398 634 684 
 542 146 444 43 500 818 778 
 664 996 394 925 761 923 699 
 979 229 577 999 807 252 525 
 179 269 380 316 279 814 296 
 56 846 296 953 386 622 482 
 938 976 199 818 660 669 4 
 224 519 267 619 398 275 209 
 419 46 545 620 938 930 796 
 663 212 729 535 522 155 142 
 54 724 921 816 531 177 110 
 170 751 217 43 600 381 6 
 242 862 36 491 683 688 893 
 612 303 233 359 626 274 869 
 466 324 532 741 146 476 196 
 109 448 190 568 615 471 305 
 758 606 939 875 970 946 770 
 639 478 982 127 997 171 51 
 83 317 330 218 202 988 640 
 140 814 154 
 365 730 726 385 348 419 317 
 189 704 961 898 124 194 242 
 459 460 260 344 960 943 125 
 879 248 672 619 233 503 251 
 66 708 210 862 190 910 984 
 568 610 470 120 717 734 554 
 74 743 762 127 655 892 326 
 357 448 666 205 158 168 683 
 381 234 776 56 615 364 982 
 295 270 818 20 525 970 135 
 906 865 313 208 931 398 906 
 529 104 926 810 773 599 54 
 371 719 649 774 768 12 310 
 861 552 44 41 815 741 789 
 211 550 36 566 265 433 210 
 380 348 31 387 158 580 681 
 618 513 228 507 575 571 996 
 657 164 455 505 793 294 237 
 260 533 580 791 117 380 568 
 4 213 581 728 925 14 795 
 348 513 124 871 797 664 568 
 633 154 113 8 172 97 924 
 408 260 480 447 79 760 833 
 33 409 495 783 168 871 61 
 547 171 569 818 157 639 807 
 567 395 178 499 15 202 225 
 54 519 96 410 716 645 206 
 497 665 330 854 50 408 352 
 816 867 551 752 883 543 996 
 668 102 370 894 200 68 480 
 780 983 201 340 694 953 832 
 74 469 6 488 227 451 505 
 602 851 546 613 563 924 597 
 360 793 937 928 730 695 322 
 217 27 545 162 516 72 854 
 674 520 164 977 243 890 678 
 798 798 365 70 805 307 134 
 455 304 716 848 948 867 879 
 645 754 369 662 336 433 857 
 679 227 561 90 993 387 358 
 579 181 548 436 297 617 134 
 474 799 763 133 494 775 634 
 410 707 75 836 771 76 778 
 806 74 624 107 423 80 171 
 987 852 416 641 223 785 891 
 338 368 412 679 219 457 194 
 383 858 705 622 416 119 384 
 901 345 402 500 27 288 705 
 241 491 588 135 315 584 454 
 475 99 119 15 342 779 160 
 720 706 793 745 603 346 436 
 945 197 94 907 109 520 19 
 798 76 25 68 739 74 679 
 659 601 79 383 382 401 414 
 663 457 826 693 240 159 289 
 959 162 808 842 578 415 833 
 754 889 327 351 928 794 439 
 537 687 69 624 928 989 241 
 344 8 464 838 692 363 189 
 90 720 394 336 548 772 763 
 179 122 695 665 414 379 983 
 102 299 500 336 456 479 539 
 112 567 383 293 980 130 160 
 424 837 485 772 447 368 355 
 94 929 328 475 925 656 692 
 508 680 811 512 183 773 602 
 860 65 810 949 711 710 71 
 475 425 580 434 443 715 221 
 400 949 960 578 796 381 71 
 951 249 581 791 411 647 655 
 354 484 672 293 117 964 984 
 930 101 238 
 102 44 80 550 68 495 358 
 484 352 795 231 191 48 889 
 121 641 776 312 408 478 251 
 250 364 635 235 13 9 345 
 73 282 377 703 675 111 377 
 129 616 653 142 90 132 970 
 950 682 460 300 782 503 49 
 353 223 709 733 329 975 478 
 926 57 400 456 757 206 748 
 169 446 37 708 459 773 389 
 90 903 628 9 612 130 479 
 935 165 939 836 921 643 160 
 403 103 35 59 898 969 956 
 976 557 69 533 676 527 197 
 800 276 3 342 107 226 257 
 464 514 745 161 209 335 627 
 825 88 341 551 183 409 271 
 476 221 310 67 107 991 176 
 469 471 950 56 805 982 842 
 784 745 341 49 208 680 558 
 330 546 700 920 161 173 788 
 658 992 489 524 959 961 727 
 158 480 725 462 172 316 972 
 325 909 496 435 460 667 503 
 30 129 166 960 419 699 547 
 914 210 816 186 848 126 519 
 50 21 333 117 148 14 958 
 568 138 178 767 804 94 402 
 692 977 186 944 143 666 987 
 937 395 355 813 449 726 674 
 461 619 953 74 216 150 777 
 463 686 527 963 997 974 464 
 737 774 73 876 903 880 726 
 175 556 43 728 599 602 907 
 81 342 452 954 341 826 610 
 666 503 810 421 997 756 889 
 314 957 937 864 201 835 517 
 149 123 112 358 846 358 36 
 933 651 384 610 513 847 820 
 648 52 148 607 440 343 905 
 314 504 998 869 197 57 931 
 272 936 137 204 119 16 553 
 803 883 323 671 945 622 461 
 657 987 965 951 765 312 627 
 994 475 975 851 494 783 155 
 291 331 304 971 794 404 851 
 99 504 319 716 893 192 221 
 825 837 934 89 407 424 975 
 419 169 874 893 426 252 56 
 40 387 723 164 644 276 411 
 954 44 527 926 437 850 534 
 585 340 883 971 92 945 68 
 133 620 695 295 954 667 985 
 476 327 954 122 72 944 227 
 992 702 664 721 656 848 912 
 636 480 363 543 239 503 581 
 949 152 101 632 224 993 17 
 620 811 459 622 958 730 630 
 357 291 733 216 873 370 432 
 979 37 236 623 269 989 540 
 529 462 623 583 988 236 168 
 826 602 854 254 622 862 690 
 329 284 969 495 288 16 547 
 161 765 680 122 632 632 985 
 412 896 452 5 980 439 283 
 463 838 56 275 746 579 234 
 149 948 971 359 609 759 222 
 469 628 777 400 623 196 952 
 280 761 857 383 951 909 156 
 511 993 289 21 470 477 181 
 509 8 4 797 95 688 923 
 483 1000 45 
 200 105 664 845 230 105 888 
 938 825 381 546 622 905 949 
 654 864 198 996 714 132 568 
 426 759 124 331 376 828 209 
 956 93 531 631 223 354 102 
 467 892 735 359 910 749 908 
 409 174 624 976 458 1 69 
 17 357 185 695 392 177 734 
 90 738 268 318 768 309 733 
 365 915 641 292 100 234 890 
 858 803 581 927 39 719 846 
 964 111 450 613 440 124 573 
 666 998 875 765 576 283 910 
 336 206 500 164 991 205 253 
 930 713 25 729 664 379 687 
 189 372 913 835 443 190 99 
 446 520 536 752 745 948 532 
 811 229 348 435 488 646 353 
 881 773 860 879 130 712 487 
 501 554 989 277 615 527 156 
 5 493 999 196 256 913 993 
 849 349 195 789 287 489 437 
 634 812 313 805 204 407 487 
 446 114 250 766 165 568 112 
 94 524 969 56 229 977 338 
 44 268 748 78 274 885 779 
 550 200 173 453 181 789 958 
 880 948 644 465 210 754 456 
 229 306 241 822 722 405 345 
 428 300 8 806 845 313 248 
 184 642 913 522 518 920 632 
 468 858 339 716 848 962 830 
 775 900 36 432 932 451 142 
 781 49 913 881 370 1 784 
 500 158 758 574 655 544 217 
 499 590 173 58 723 401 663 
 949 535 822 204 706 876 590 
 259 387 520 567 246 804 104 
 215 416 268 292 475 598 813 
 821 411 550 269 99 998 512 
 947 857 588 399 472 85 135 
 829 387 432 928 993 259 146 
 844 370 17 739 867 80 29 
 762 124 679 526 717 555 434 
 998 269 397 386 867 447 145 
 468 254 121 238 363 249 267 
 212 898 970 281 796 127 794 
 210 471 848 829 282 263 967 
 711 927 767 486 251 966 12 
 65 226 468 912 925 21 355 
 267 820 28 474 944 518 330 
 892 744 318 78 307 73 954 
 507 653 812 928 794 515 681 
 200 332 704 563 182 737 832 
 611 644 655 284 317 346 836 
 624 813 69 370 35 40 639 
 118 529 66 604 518 530 346 
 616 37 480 735 50 769 243 
 497 193 183 316 840 168 723 
 652 285 907 553 610 82 510 
 346 14 531 610 232 1 25 
 447 312 585 10 913 706 222 
 322 250 474 965 63 450 420 
 399 848 553 249 289 563 296 
 132 338 201 779 131 919 98 
 111 814 789 335 411 257 507 
 212 825 441 774 409 689 120 
 969 237 129 376 730 994 62 
 481 46 271 737 132 40 727 
 555 891 155 812 382 558 589 
 100 865 175 304 87 953 952 
 407 382 303 
 297 901 27 998 284 589 519 
 401 820 552 328 975 649 650 
 335 957 644 148 315 255 770 
 568 231 151 580 998 804 257 
 257 721 503 468 519 497 400 
 721 982 958 79 89 889 993 
 151 648 619 811 111 387 933 
 874 509 922 522 222 826 126 
 438 936 491 289 442 557 916 
 768 521 973 661 18 848 455 
 674 781 232 105 883 989 282 
 488 24 147 686 91 491 167 
 28 56 90 86 639 707 611 
 193 133 851 878 67 728 867 
 537 736 329 632 487 182 385 
 871 469 822 951 124 386 359 
 824 346 692 134 738 670 346 
 302 62 458 821 241 865 10 
 829 669 786 496 326 549 713 
 440 511 901 268 363 349 98 
 776 556 692 277 649 732 505 
 790 474 366 96 560 740 418 
 577 297 639 842 17 854 961 
 966 49 256 824 999 689 592 
 25 134 691 595 215 794 551 
 438 995 364 818 1 134 82 
 189 315 927 533 294 49 597 
 20 641 877 811 164 997 248 
 631 830 311 352 25 823 694 
 680 795 14 683 122 77 671 
 854 453 917 458 121 71 801 
 835 190 848 421 455 479 740 
 514 299 488 279 333 389 311 
 253 787 855 591 385 349 23 
 223 513 799 103 726 196 96 
 229 267 235 993 371 974 568 
 630 924 256 650 238 59 803 
 923 738 298 737 343 55 669 
 574 493 83 101 420 844 825 
 660 418 868 13 140 348 497 
 591 509 625 744 48 370 279 
 790 69 754 22 421 494 584 
 823 414 725 26 866 990 207 
 625 170 785 204 357 106 470 
 318 262 804 983 371 866 613 
 503 571 441 498 858 553 410 
 720 766 785 668 375 466 453 
 933 956 915 303 210 481 753 
 206 762 997 595 266 139 882 
 335 798 145 675 31 935 882 
 746 988 920 603 203 148 635 
 680 617 475 48 718 828 899 
 725 569 776 371 793 764 28 
 961 417 948 479 863 22 531 
 275 942 413 909 502 293 860 
 996 340 816 141 612 887 929 
 4 494 729 935 201 349 56 
 241 612 266 703 113 867 32 
 139 928 189 527 212 374 116 
 137 359 630 748 733 198 610 
 702 159 167 988 43 156 405 
 144 993 135 272 242 768 421 
 949 723 89 672 53 331 826 
 957 943 125 996 582 557 829 
 417 47 639 498 558 417 322 
 324 341 153 629 700 439 142 
 721 390 51 236 799 751 321 
 779 990 310 453 358 27 52 
 541 429 448 931 617 418 792 
 272 253 651 95 816 456 948 
 676 908 945 522 811 748 711 
 968 940 357 
 181 969 670 154 743 658 450 
 139 311 797 567 720 326 644 
 744 852 172 524 343 858 941 
 558 544 200 761 596 134 822 
 682 423 166 221 52 491 389 
 591 358 959 762 730 475 438 
 259 956 207 776 152 982 233 
 637 874 280 805 782 802 528 
 438 83 393 626 358 964 459 
 151 926 993 90 557 116 992 
 11 225 735 273 819 607 612 
 715 632 302 966 989 536 892 
 975 740 209 44 833 104 405 
 850 282 197 836 314 331 594 
 134 500 824 499 975 920 869 
 158 889 385 581 847 832 507 
 202 981 128 244 67 33 95 
 188 408 714 634 228 759 50 
 808 240 404 510 992 308 442 
 240 460 935 725 116 987 746 
 611 108 895 655 77 484 795 
 866 921 349 746 528 397 906 
 191 402 11 772 920 280 584 
 430 482 149 155 295 539 286 
 757 803 49 818 884 985 230 
 929 335 698 96 492 298 390 
 250 456 175 535 301 522 416 
 322 212 145 847 905 602 630 
 65 761 11 277 422 44 589 
 777 810 518 277 336 257 64 
 937 371 180 415 657 492 118 
 393 836 485 109 749 451 677 
 313 959 232 569 502 286 477 
 876 553 366 837 702 716 996 
 667 14 962 885 635 191 473 
 461 813 748 210 441 779 395 
 146 652 974 770 102 713 597 
 293 713 533 33 106 285 930 
 65 955 618 258 369 153 874 
 402 625 384 768 355 62 463 
 740 575 763 796 503 879 309 
 218 943 527 337 337 402 22 
 735 585 826 295 731 334 221 
 233 543 842 257 22 985 590 
 881 470 478 167 834 785 300 
 280 149 367 552 635 866 88 
 972 983 729 218 206 360 688 
 957 169 153 987 560 916 762 
 679 554 676 729 549 200 699 
 50 158 306 549 879 971 531 
 526 230 745 324 902 485 775 
 440 799 462 223 349 828 930 
 230 736 409 183 548 741 770 
 625 962 489 557 362 751 999 
 15 833 544 108 784 107 755 
 28 406 541 842 25 129 892 
 856 767 571 163 789 736 510 
 970 809 960 755 614 538 831 
 454 13 653 130 386 126 134 
 154 446 426 145 695 876 357 
 156 860 78 171 314 210 607 
 322 424 624 434 115 13 522 
 230 544 76 741 980 437 281 
 899 926 486 997 203 359 476 
 233 454 890 118 164 849 788 
 945 397 78 560 856 47 481 
 662 202 248 907 675 399 368 
 49 296 728 353 673 82 80 
 539 881 868 367 413 368 598 
 216 466 217 363 455 513 404 
 166 189 331 171 170 407 210 
 996 452 746 
 126 835 57 807 895 684 647 
 358 626 60 348 107 379 134 
 569 19 655 204 245 838 70 
 459 40 721 99 108 198 266 
 131 836 335 291 55 731 880 
 954 538 405 828 439 576 931 
 673 530 437 150 18 407 9 
 833 64 516 853 611 215 364 
 398 263 249 907 84 644 213 
 16 473 458 717 41 914 172 
 947 186 399 470 209 59 195 
 451 738 700 194 680 484 810 
 717 165 66 934 198 617 860 
 818 212 803 85 883 462 448 
 944 300 567 255 202 209 23 
 670 357 246 795 3 705 962 
 169 106 435 864 286 361 619 
 527 691 172 758 847 963 329 
 601 522 789 220 504 323 42 
 561 441 322 366 842 12 467 
 991 942 7 697 742 790 339 
 950 560 302 776 215 219 784 
 241 665 857 712 55 615 374 
 78 606 294 490 695 394 86 
 37 83 567 457 837 269 147 
 457 481 892 884 164 75 796 
 89 278 120 788 99 842 254 
 301 855 512 130 111 650 989 
 367 667 899 501 29 504 446 
 314 999 223 438 466 643 661 
 24 729 975 52 456 972 881 
 840 852 232 819 386 58 846 
 656 422 603 312 433 117 212 
 80 861 770 568 492 140 677 
 144 924 403 593 205 463 173 
 981 723 296 750 613 53 125 
 287 422 600 153 239 436 162 
 222 824 924 703 309 205 96 
 350 273 69 366 640 774 393 
 39 372 5 956 824 547 460 
 591 98 518 327 233 498 529 
 17 321 592 54 577 676 296 
 850 885 421 483 240 63 592 
 266 183 706 701 295 268 890 
 380 60 999 415 260 536 791 
 312 4 173 76 462 637 419 
 505 824 502 146 85 248 862 
 177 182 863 663 986 141 846 
 335 282 367 248 341 801 800 
 320 302 254 984 374 85 872 
 282 256 772 924 233 234 349 
 321 650 278 495 285 615 266 
 233 533 65 68 527 167 403 
 261 576 328 14 80 948 597 
 632 402 965 186 371 607 300 
 667 223 745 337 302 199 135 
 815 925 244 222 630 852 852 
 218 430 671 840 779 123 89 
 888 808 653 156 607 644 509 
 643 215 235 487 529 490 43 
 194 736 269 187 472 465 805 
 276 950 54 278 121 187 529 
 711 704 96 699 248 358 260 
 147 975 476 116 172 261 836 
 284 637 11 785 184 440 275 
 241 802 362 761 100 433 884 
 534 810 558 565 8 837 678 
 174 99 795 366 499 366 98 
 258 637 141 314 99 208 562 
 380 644 165 283 387 363 87 
 841 190 552 21 389 595 831 
 316 755 35 
 357 467 796 695 492 227 605 
 302 247 533 833 316 796 937 
 414 898 749 527 466 152 637 
 432 37 170 922 82 563 461 
 678 942 471 280 462 161 337 
 75 847 596 851 8 699 292 
 495 468 392 609 105 236 211 
 847 883 807 327 670 836 720 
 927 546 120 136 764 850 173 
 381 391 776 371 925 326 957 
 457 728 303 747 96 832 894 
 255 896 418 582 612 4 602 
 56 161 759 184 559 597 235 
 324 904 464 909 810 618 1 
 890 750 49 911 575 566 586 
 665 555 754 230 996 86 756 
 254 943 414 991 907 48 822 
 193 114 820 37 473 138 529 
 990 559 150 924 69 494 824 
 377 85 754 612 678 906 16 
 784 967 233 994 156 127 41 
 176 645 723 536 277 961 966 
 693 471 194 340 457 516 603 
 568 429 844 612 524 130 579 
 285 659 522 147 628 552 626 
 932 54 925 532 331 728 203 
 446 555 771 188 92 486 256 
 210 614 697 897 589 138 466 
 899 607 119 459 349 808 734 
 652 522 760 121 962 790 424 
 576 377 834 679 56 738 56 
 805 698 589 429 234 797 406 
 25 812 475 231 791 130 724 
 936 317 332 444 9 219 310 
 997 371 507 952 813 906 565 
 735 437 900 168 842 391 902 
 271 292 69 842 817 532 905 
 291 615 150 880 612 76 767 
 205 907 86 243 871 273 958 
 934 226 791 976 204 391 703 
 227 418 394 216 800 353 527 
 799 643 374 700 701 155 42 
 252 213 49 122 985 778 251 
 150 551 603 893 266 448 110 
 580 166 211 173 730 125 116 
 602 487 864 762 892 710 665 
 83 31 652 431 536 61 735 
 36 327 30 762 871 412 960 
 210 706 759 152 807 556 228 
 924 939 188 309 806 189 594 
 631 400 299 437 391 359 496 
 492 923 834 235 86 192 47 
 123 103 791 2 572 489 15 
 717 547 326 32 701 960 767 
 372 82 288 94 486 661 760 
 51 304 671 73 186 870 805 
 654 247 188 421 527 22 56 
 511 19 708 791 580 375 445 
 176 304 504 652 818 895 322 
 701 175 601 751 875 685 229 
 918 24 97 838 473 895 266 
 24 84 587 838 329 591 397 
 703 191 91 432 12 198 51 
 574 343 454 746 302 113 277 
 998 604 280 738 791 70 51 
 693 243 111 795 632 668 614 
 498 190 704 756 89 277 415 
 128 387 133 922 426 219 173 
 776 802 141 338 71 638 407 
 182 140 869 749 418 52 606 
 487 300 535 632 428 423 311 
 384 91 542 
 755 388 182 990 508 274 133 
 981 12 424 435 790 841 82 
 338 218 870 820 631 957 596 
 261 238 294 163 256 284 717 
 971 281 270 361 512 317 469 
 9 40 814 653 710 46 408 
 362 466 21 367 690 244 572 
 340 241 846 339 892 287 853 
 953 887 449 582 779 920 834 
 928 701 874 423 789 752 677 
 693 8 391 11 859 94 857 
 165 959 405 758 860 778 981 
 122 945 523 192 298 940 340 
 891 906 869 102 569 866 35 
 877 988 555 431 115 427 478 
 344 54 458 207 13 57 53 
 164 133 547 314 320 806 481 
 273 509 383 636 412 357 398 
 275 662 935 793 999 925 826 
 277 360 799 267 768 410 470 
 694 383 7 516 982 694 43 
 229 149 27 274 726 50 737 
 747 433 213 950 200 253 60 
 459 916 208 315 583 516 628 
 566 658 816 402 854 914 714 
 866 556 328 28 629 361 791 
 966 1000 913 770 110 906 91 
 594 607 904 850 594 789 340 
 848 883 86 698 943 247 728 
 350 687 414 194 614 991 441 
 60 316 852 218 965 680 475 
 104 664 607 446 340 334 381 
 831 613 42 419 552 651 383 
 1 887 710 97 538 570 324 
 646 554 6 388 427 680 751 
 133 326 628 334 846 375 207 
 342 364 638 429 221 413 826 
 131 627 223 438 736 340 615 
 373 14 718 19 615 149 313 
 375 914 243 560 688 218 685 
 780 649 940 900 843 241 118 
 304 227 441 327 526 114 638 
 861 849 936 243 497 953 114 
 812 293 142 848 626 337 811 
 89 505 457 131 788 491 551 
 309 390 483 559 934 978 465 
 222 10 819 105 906 259 994 
 961 216 357 352 646 751 951 
 163 150 240 858 449 379 506 
 758 22 596 967 113 957 235 
 321 759 752 734 458 49 696 
 231 709 861 59 386 232 352 
 328 633 942 502 339 506 735 
 678 361 731 174 334 371 507 
 141 354 130 576 947 195 359 
 352 9 537 696 24 288 760 
 825 453 50 660 8 54 698 
 701 839 270 357 160 847 923 
 453 835 409 16 825 662 260 
 987 558 866 222 669 44 891 
 915 661 73 341 982 883 134 
 359 434 357 499 658 351 339 
 978 552 237 483 910 981 634 
 772 499 567 75 883 226 372 
 525 824 67 423 681 21 73 
 122 369 411 515 355 485 157 
 936 230 251 625 432 998 930 
 570 298 932 997 903 442 651 
 72 81 599 825 836 38 773 
 37 466 617 479 208 50 94 
 186 678 577 238 250 250 371 
 591 813 162 
 166 48 713 127 674 87 126 
 859 353 564 740 776 483 249 
 659 997 47 592 828 840 545 
 771 403 953 966 17 792 756 
 464 485 482 604 257 182 899 
 680 993 327 361 495 96 716 
 58 755 715 481 949 159 735 
 330 72 536 758 298 453 396 
 212 613 99 765 272 572 830 
 12 819 867 247 750 507 100 
 913 456 12 858 144 801 931 
 77 666 971 682 312 506 25 
 122 852 121 120 484 778 515 
 805 925 971 210 130 541 240 
 262 632 222 512 815 996 653 
 709 704 393 523 93 795 9 
 648 722 612 11 451 856 919 
 523 716 201 568 612 542 515 
 6 294 414 764 327 672 532 
 611 595 500 412 158 552 989 
 339 674 352 673 393 375 443 
 406 787 55 926 134 454 970 
 433 130 163 355 634 504 806 
 608 243 420 356 532 812 640 
 215 492 152 323 147 516 616 
 490 822 559 242 170 90 512 
 183 609 313 108 863 279 53 
 963 469 815 853 875 386 869 
 998 731 523 984 832 704 617 
 36 636 793 364 814 838 891 
 359 398 310 236 994 659 446 
 271 26 259 627 292 688 877 
 763 301 316 60 987 145 815 
 691 102 649 171 281 252 539 
 868 123 721 226 259 700 552 
 626 926 894 611 52 969 173 
 292 382 427 232 121 23 704 
 703 538 29 970 283 169 119 
 918 952 597 34 199 723 287 
 52 822 195 377 562 580 745 
 874 210 389 407 610 520 389 
 482 741 648 103 487 322 424 
 370 871 249 611 378 618 958 
 341 391 44 192 26 39 674 
 800 477 516 236 602 906 326 
 552 133 82 7 353 585 649 
 713 844 165 385 55 926 167 
 949 414 663 848 613 505 344 
 397 204 551 443 525 587 94 
 518 771 467 3 407 795 461 
 441 935 148 433 845 950 651 
 825 403 746 513 195 538 839 
 465 481 872 5 700 577 110 
 12 176 658 169 337 893 621 
 222 518 62 296 418 370 999 
 41 228 653 514 599 516 754 
 489 48 144 714 931 665 546 
 772 439 537 115 639 138 245 
 326 27 320 801 964 939 244 
 851 627 699 312 984 166 849 
 947 187 994 733 598 369 270 
 760 589 366 384 446 325 413 
 847 18 178 449 716 54 477 
 71 560 631 951 335 788 786 
 265 639 146 106 831 318 471 
 292 648 424 301 265 239 639 
 970 953 606 396 466 895 55 
 624 685 704 323 894 984 835 
 638 580 348 391 409 549 537 
 736 501 503 73 168 56 181 
 572 884 833 789 383 582 67 
 919 779 148 
 915 442 375 858 194 438 861 
 997 290 897 324 331 600 730 
 51 258 749 575 193 919 772 
 471 228 859 547 671 504 213 
 634 509 707 706 894 126 658 
 293 962 272 926 542 273 686 
 924 11 766 759 584 474 288 
 845 950 466 358 62 597 565 
 14 925 941 86 5 630 818 
 169 582 916 976 839 803 363 
 565 870 949 828 388 506 139 
 987 375 855 52 250 265 857 
 141 427 351 425 17 744 565 
 33 715 683 792 185 725 837 
 191 225 502 615 503 125 829 
 522 987 175 560 863 545 616 
 131 205 786 732 825 366 577 
 769 332 336 513 477 604 700 
 724 306 289 464 503 235 146 
 565 423 659 417 289 490 274 
 404 2 629 719 836 910 961 
 787 650 685 244 739 655 692 
 649 204 121 880 55 596 700 
 926 306 781 894 453 579 800 
 369 896 624 115 119 188 276 
 562 935 886 429 614 929 523 
 664 617 370 660 404 125 712 
 127 872 327 533 598 22 367 
 981 382 876 852 566 895 687 
 905 993 910 14 58 884 437 
 631 165 45 485 332 729 854 
 33 403 975 739 210 681 283 
 357 713 876 857 940 928 866 
 631 574 159 469 678 618 520 
 19 328 59 882 271 448 221 
 581 89 76 866 458 838 84 
 561 832 560 688 658 214 283 
 475 380 300 444 856 651 576 
 258 593 659 537 578 466 829 
 861 548 135 988 987 191 170 
 157 599 92 139 378 98 773 
 509 614 133 460 500 518 105 
 691 297 740 352 840 865 618 
 185 628 313 945 31 159 186 
 175 510 5 500 402 906 119 
 955 230 815 929 692 624 519 
 351 646 105 656 799 161 9 
 178 29 375 537 553 753 917 
 919 599 64 688 223 430 12 
 992 958 376 596 173 926 655 
 284 387 776 740 932 376 733 
 128 72 399 547 595 137 292 
 63 432 112 302 647 557 486 
 859 877 124 644 855 410 27 
 702 794 185 227 742 260 310 
 410 442 353 762 937 461 173 
 664 630 974 678 381 15 586 
 236 785 914 682 737 416 439 
 372 737 31 962 179 408 191 
 74 551 181 227 236 850 763 
 465 60 566 617 826 160 146 
 422 513 661 327 695 374 534 
 100 188 496 856 390 29 12 
 534 428 968 272 373 142 232 
 677 399 155 684 344 481 101 
 381 952 779 989 540 557 362 
 742 399 444 224 523 738 309 
 790 463 333 1 110 721 786 
 292 699 523 235 270 405 854 
 557 281 47 424 783 722 935 
 569 641 680 815 512 276 949 
 184 928 973 
 887 290 10 224 638 683 985 
 766 723 101 888 991 69 78 
 707 879 691 774 8 424 896 
 555 516 923 586 884 37 229 
 297 559 91 603 567 339 325 
 790 179 188 485 404 38 490 
 539 44 826 721 970 808 598 
 615 972 344 299 423 423 179 
 587 296 524 908 814 116 516 
 165 756 89 121 558 641 650 
 213 556 620 715 661 379 982 
 958 930 25 794 153 86 559 
 601 572 681 96 299 251 135 
 703 53 335 738 323 934 861 
 686 802 959 644 888 206 85 
 791 549 490 431 966 604 410 
 448 676 460 365 236 49 643 
 652 179 581 371 912 23 18 
 790 565 421 374 723 1000 989 
 994 31 626 425 366 452 82 
 759 936 40 595 31 873 622 
 194 555 991 693 718 986 520 
 851 645 651 50 735 507 73 
 749 585 378 347 613 890 520 
 704 25 658 67 5 845 782 
 644 783 296 214 294 367 781 
 247 526 552 769 141 920 553 
 265 830 125 587 41 967 902 
 265 892 280 879 755 287 407 
 868 129 220 869 677 856 504 
 522 585 630 891 680 131 13 
 898 618 31 569 118 435 683 
 729 475 983 982 736 312 674 
 57 553 73 282 887 84 142 
 141 942 402 617 714 963 834 
 42 169 951 113 875 74 715 
 692 314 566 645 341 674 87 
 768 671 368 648 301 73 166 
 52 963 204 706 168 511 646 
 532 72 836 82 505 386 993 
 133 907 716 685 672 340 342 
 227 566 430 687 621 670 109 
 737 146 670 359 293 448 819 
 560 244 816 186 936 58 819 
 702 337 962 624 191 762 561 
 931 415 237 308 76 620 472 
 233 413 557 598 743 794 461 
 771 532 901 944 905 234 416 
 392 294 944 738 246 146 634 
 573 713 217 577 350 512 596 
 576 130 560 392 123 224 308 
 219 959 499 943 226 874 628 
 515 421 961 697 471 165 956 
 927 418 554 794 929 962 911 
 307 350 779 26 217 988 513 
 252 638 342 123 141 716 646 
 149 717 375 371 692 411 51 
 633 703 45 428 164 147 507 
 169 834 507 420 248 83 953 
 686 872 769 910 983 401 567 
 891 780 604 443 182 636 130 
 156 324 891 853 98 673 831 
 41 735 279 197 448 97 754 
 954 704 141 224 520 141 795 
 489 214 685 907 187 406 944 
 995 218 309 956 677 945 733 
 218 18 803 355 658 138 888 
 903 583 814 649 422 162 860 
 242 257 887 672 826 211 178 
 578 579 6 320 692 273 931 
 245 911 549 59 792 683 823 
 848 256 75 
 966 922 325 746 975 602 223 
 551 342 177 240 601 335 406 
 144 76 251 185 347 591 668 
 931 804 507 815 2 184 507 
 300 710 923 531 959 564 388 
 939 124 509 135 272 780 342 
 821 679 738 934 30 568 148 
 266 602 804 25 71 322 623 
 111 324 802 731 106 510 699 
 394 772 232 513 106 720 256 
 489 518 36 834 57 824 57 
 795 629 968 132 654 997 571 
 810 351 831 164 494 728 549 
 723 186 215 663 600 230 804 
 175 246 299 891 62 528 815 
 589 330 549 390 926 148 163 
 757 775 867 492 558 634 547 
 938 10 7 826 908 322 729 
 848 758 148 16 876 25 166 
 628 742 520 435 486 57 262 
 440 199 141 552 798 604 349 
 990 109 720 29 569 629 505 
 529 372 68 589 397 986 958 
 84 153 930 464 853 529 220 
 978 262 917 195 680 580 341 
 441 183 902 843 851 912 810 
 22 585 470 812 353 260 119 
 35 568 612 620 545 269 273 
 873 350 70 262 443 436 552 
 636 956 280 831 180 64 213 
 476 218 949 808 77 794 645 
 842 723 75 939 706 31 710 
 247 719 218 262 449 70 430 
 788 287 312 168 73 886 136 
 569 794 50 631 177 827 510 
 480 931 444 722 291 559 915 
 832 106 570 791 637 709 558 
 928 784 901 249 223 884 443 
 701 514 925 158 932 588 668 
 271 834 773 258 764 968 526 
 190 638 813 771 407 748 851 
 879 584 403 577 433 543 364 
 582 360 604 468 352 95 137 
 986 640 536 902 562 134 514 
 393 68 380 242 224 380 700 
 691 110 471 952 973 263 10 
 61 759 460 915 366 573 733 
 812 817 543 818 731 828 127 
 424 954 495 560 419 127 846 
 303 224 100 165 83 695 588 
 529 283 842 985 824 252 345 
 408 416 143 713 914 824 484 
 945 369 746 57 130 447 362 
 88 681 150 319 860 742 630 
 951 714 753 42 424 760 410 
 337 946 614 845 870 430 94 
 280 534 596 828 956 581 287 
 534 68 56 914 331 362 511 
 239 579 90 123 995 714 181 
 945 587 795 277 393 469 374 
 377 490 982 194 248 681 855 
 153 205 446 462 670 511 117 
 357 647 181 221 85 794 196 
 746 569 33 945 346 851 62 
 141 730 999 956 731 630 528 
 419 730 683 350 553 43 677 
 925 393 418 983 164 989 701 
 222 290 891 517 220 905 521 
 87 693 695 439 225 475 104 
 609 5 50 942 489 455 651 
 796 558 430 689 213 535 437 
 325 767 901 
 551 90 630 156 892 280 730 
 312 717 65 712 247 905 308 
 386 939 830 677 670 99 142 
 249 239 518 399 298 741 439 
 440 296 933 287 668 874 529 
 926 617 982 573 975 21 782 
 374 318 477 926 707 379 214 
 375 113 387 967 390 920 378 
 516 489 574 195 452 671 855 
 411 61 485 290 209 212 167 
 690 831 255 493 337 461 462 
 577 660 257 701 409 478 768 
 491 305 342 675 727 414 120 
 794 719 170 293 897 577 3 
 97 757 117 691 368 398 977 
 549 64 458 603 59 636 493 
 139 674 158 329 32 11 810 
 839 743 624 971 43 179 138 
 502 657 368 213 16 298 461 
 960 624 253 588 6 204 70 
 27 191 989 62 753 771 657 
 440 832 75 356 591 116 839 
 830 424 223 631 467 803 658 
 763 757 536 363 937 738 564 
 561 249 517 265 625 338 868 
 606 302 467 127 675 818 81 
 508 315 238 716 514 159 163 
 328 972 967 511 3 145 919 
 559 363 789 91 903 670 410 
 755 898 422 156 820 850 931 
 599 52 606 398 57 451 270 
 774 487 682 536 621 760 676 
 528 920 652 103 81 1 50 
 258 998 988 172 227 879 843 
 531 528 301 962 218 865 36 
 482 828 799 747 6 860 935 
 28 991 144 284 147 431 629 
 720 809 160 593 777 998 627 
 434 347 753 624 98 145 631 
 832 775 851 636 499 908 55 
 509 267 90 303 857 933 396 
 270 882 627 309 378 616 474 
 753 255 664 716 782 986 159 
 269 65 681 889 446 712 491 
 623 244 579 202 700 117 585 
 682 86 728 51 937 549 225 
 803 661 597 823 828 590 291 
 942 142 528 657 603 599 270 
 193 875 579 239 132 218 687 
 122 536 285 792 641 539 207 
 911 487 570 651 105 896 463 
 638 679 109 782 770 555 796 
 31 697 365 874 201 592 808 
 528 291 784 344 750 841 595 
 112 26 192 754 805 406 138 
 961 621 389 456 135 133 427 
 580 527 708 128 521 712 827 
 811 944 772 713 998 148 779 
 856 685 440 877 825 662 782 
 770 528 79 54 378 103 882 
 968 83 44 58 962 173 474 
 298 520 823 640 762 991 224 
 20 801 439 365 861 585 300 
 294 554 813 659 206 438 483 
 189 830 185 633 845 33 533 
 337 281 141 533 596 411 759 
 565 767 980 923 569 297 125 
 254 728 464 925 243 573 487 
 169 31 88 952 951 342 913 
 104 857 90 448 959 962 495 
 980 748 498 495 18 923 625 
 246 314 54 
 85 172 784 700 123 222 799 
 667 111 300 830 415 356 177 
 680 504 763 605 436 981 964 
 466 561 995 5 327 982 220 
 477 272 853 383 654 634 462 
 259 310 199 35 83 437 550 
 511 624 957 696 61 18 243 
 250 106 516 855 454 361 786 
 916 872 707 11 624 481 203 
 574 91 701 850 470 439 773 
 959 902 324 636 244 995 912 
 962 209 268 897 250 865 106 
 275 28 887 543 368 225 398 
 936 226 986 723 658 409 992 
 371 253 301 712 364 803 402 
 967 869 1000 919 207 692 159 
 317 845 619 352 400 923 521 
 667 183 571 66 67 819 834 
 886 874 241 368 179 657 760 
 953 690 676 457 966 561 703 
 281 528 957 35 16 58 998 
 678 15 507 992 302 411 573 
 213 763 708 10 116 672 980 
 551 151 784 216 832 792 384 
 264 609 153 64 70 261 334 
 984 961 233 666 636 206 853 
 980 32 787 520 72 282 500 
 129 181 10 169 973 506 867 
 213 619 335 534 287 889 45 
 866 735 837 260 302 808 963 
 321 674 135 665 740 721 967 
 643 211 935 947 743 192 58 
 808 153 114 266 296 989 702 
 175 143 117 132 487 258 392 
 362 797 901 159 385 528 497 
 350 177 905 64 799 853 698 
 33 805 982 958 353 395 952 
 397 847 547 87 636 438 390 
 343 430 929 463 606 949 808 
 749 779 294 133 948 75 863 
 180 323 327 834 886 667 422 
 599 949 20 188 35 324 535 
 96 915 470 819 566 22 179 
 985 73 749 250 982 454 196 
 649 668 633 389 805 871 384 
 737 171 384 106 309 194 667 
 21 318 22 361 985 525 222 
 69 953 721 904 599 27 935 
 169 122 859 49 727 117 860 
 946 882 116 346 157 854 644 
 664 697 378 993 684 509 774 
 136 124 954 598 123 223 573 
 680 576 843 682 199 984 474 
 263 886 376 252 509 579 49 
 259 208 281 304 216 273 708 
 205 601 927 18 68 991 130 
 494 677 289 220 316 356 778 
 677 427 400 507 605 950 852 
 576 32 753 679 435 56 795 
 155 924 366 384 528 763 22 
 732 606 251 261 727 52 326 
 660 994 316 200 282 630 523 
 661 202 815 193 321 905 410 
 797 452 534 349 622 130 440 
 759 273 659 833 731 61 679 
 227 567 48 79 486 436 695 
 660 135 502 520 209 8 449 
 680 319 802 320 516 380 762 
 501 832 290 7 175 232 273 
 759 135 682 396 188 208 552 
 716 418 969 206 287 317 501 
 344 614 101 
 661 993 514 833 170 195 92 
 757 45 777 510 18 130 286 
 852 793 672 348 474 744 65 
 932 973 232 690 192 393 189 
 698 266 142 387 562 515 33 
 856 800 746 883 357 915 154 
 772 171 575 330 373 288 838 
 875 793 239 242 413 81 601 
 301 398 633 13 925 574 551 
 432 568 494 117 933 579 170 
 386 299 586 59 173 601 686 
 45 380 186 970 784 952 456 
 532 930 1 787 580 39 312 
 334 166 341 329 557 935 651 
 117 873 489 178 961 607 599 
 986 224 724 791 894 377 792 
 10 923 592 229 413 43 725 
 878 606 428 614 136 629 959 
 533 282 991 801 266 460 508 
 571 463 969 339 138 550 395 
 443 662 899 2 672 147 536 
 61 591 793 276 860 531 348 
 371 683 443 67 180 415 369 
 232 748 454 299 164 782 129 
 495 344 887 216 880 148 979 
 840 508 640 257 431 457 4 
 871 772 347 447 526 911 959 
 625 315 892 540 865 787 55 
 214 94 531 190 826 839 155 
 993 32 937 912 386 140 59 
 571 565 555 586 62 782 582 
 310 904 500 448 378 717 241 
 48 556 790 511 293 744 129 
 618 931 556 385 48 282 931 
 723 616 265 691 710 661 422 
 470 592 650 373 456 976 106 
 409 317 960 582 973 560 46 
 974 800 819 718 4 181 833 
 954 371 703 285 4 330 652 
 529 249 896 280 830 6 495 
 390 270 864 129 487 58 580 
 931 3 301 723 876 152 38 
 707 227 317 406 421 467 821 
 469 307 688 372 428 181 423 
 275 466 344 31 379 607 30 
 177 555 162 683 360 130 372 
 868 88 524 673 1000 833 621 
 410 228 584 854 971 447 210 
 337 948 610 368 310 122 374 
 96 459 188 586 833 942 813 
 563 301 419 996 642 764 708 
 317 532 188 979 453 156 411 
 704 600 273 240 531 282 55 
 68 137 167 431 588 751 668 
 293 427 895 674 85 545 5 
 102 389 191 488 273 968 254 
 49 776 408 378 733 411 361 
 17 475 558 614 603 36 449 
 44 529 213 639 23 726 118 
 961 72 478 96 785 260 472 
 336 470 772 349 862 250 294 
 894 989 548 318 607 63 302 
 332 797 440 135 308 304 415 
 558 296 777 771 443 382 611 
 204 773 896 385 181 547 367 
 154 218 451 543 343 974 636 
 249 664 961 981 836 682 3 
 409 280 890 692 585 280 301 
 935 671 364 279 682 731 209 
 216 638 1000 978 942 758 357 
 227 317 881 387 754 206 440 
 456 396 266 
 535 776 816 853 988 278 950 
 299 913 750 405 412 720 723 
 295 462 11 575 557 343 729 
 877 66 919 591 528 464 375 
 308 761 701 765 835 755 732 
 122 551 368 770 441 928 31 
 615 832 512 980 665 828 524 
 565 319 350 378 557 427 695 
 207 107 509 373 214 328 14 
 906 623 883 875 217 702 748 
 14 912 430 187 139 420 393 
 670 640 528 161 52 514 11 
 99 108 22 700 217 653 510 
 294 644 756 784 627 308 551 
 894 554 63 948 368 873 19 
 441 849 184 467 826 491 219 
 59 667 347 38 284 947 749 
 430 638 781 126 291 856 813 
 803 839 289 400 93 69 868 
 200 633 690 285 33 648 725 
 215 951 835 605 40 827 829 
 199 699 585 846 660 868 124 
 507 644 481 204 511 197 349 
 85 647 130 652 903 24 476 
 742 988 705 233 883 181 936 
 758 922 963 462 390 650 7 
 202 72 765 633 70 761 455 
 33 763 799 498 582 157 929 
 487 321 334 551 588 881 916 
 29 561 821 170 566 136 828 
 247 330 279 596 584 624 408 
 508 726 338 483 266 224 251 
 199 420 23 713 822 423 539 
 979 249 841 208 25 408 343 
 328 357 643 189 448 869 36 
 137 874 486 29 502 885 735 
 179 882 278 139 605 142 140 
 164 871 112 495 800 68 11 
 774 725 656 618 547 203 321 
 134 128 446 977 813 902 568 
 852 686 753 368 161 950 348 
 485 18 77 901 249 996 389 
 169 29 846 320 534 225 841 
 454 379 616 436 768 8 860 
 156 280 540 223 253 613 498 
 13 652 712 347 826 40 104 
 730 63 20 725 410 124 69 
 783 440 748 108 60 255 620 
 546 211 679 737 774 59 613 
 315 833 691 90 342 412 112 
 227 906 350 888 547 296 447 
 225 714 588 683 128 939 344 
 367 811 720 446 597 670 927 
 595 800 838 289 685 879 574 
 991 314 41 725 355 214 156 
 876 535 762 13 928 456 596 
 319 940 512 956 908 252 198 
 840 989 369 798 244 41 7 
 384 843 367 936 625 787 211 
 527 748 212 818 836 607 335 
 599 275 125 302 65 50 598 
 815 786 326 528 216 808 85 
 604 154 913 57 361 118 729 
 305 522 440 435 199 302 805 
 153 785 706 781 83 872 393 
 368 929 843 438 819 897 913 
 664 736 600 841 923 390 64 
 945 29 742 85 456 864 312 
 760 820 792 177 199 291 809 
 693 955 498 507 668 144 22 
 768 150 746 294 435 838 595 
 981 593 73 
 287 265 612 458 244 949 403 
 573 306 871 340 184 382 472 
 620 255 542 327 900 280 628 
 772 820 426 835 149 324 100 
 251 402 183 217 445 313 213 
 220 237 897 389 677 33 999 
 247 961 885 467 571 548 709 
 239 812 30 223 364 857 781 
 814 861 921 144 943 16 60 
 431 401 480 50 723 247 196 
 332 513 206 20 932 86 813 
 497 429 474 390 211 202 484 
 760 87 872 249 330 446 467 
 35 968 54 321 915 165 166 
 752 871 453 524 241 26 927 
 687 457 878 420 500 155 762 
 363 690 375 651 455 780 889 
 220 639 89 313 581 844 228 
 558 229 49 332 298 543 948 
 884 619 750 606 384 999 864 
 492 268 741 804 474 756 747 
 51 285 299 195 911 838 141 
 229 566 317 339 162 525 899 
 409 310 133 517 521 3 582 
 954 662 613 318 963 608 442 
 279 341 426 150 412 144 53 
 39 130 557 122 325 982 282 
 970 487 315 405 766 61 472 
 401 237 425 546 59 241 773 
 487 923 112 243 533 724 884 
 759 670 82 1 237 349 502 
 953 897 565 91 722 451 470 
 93 634 934 135 295 152 949 
 490 777 778 293 594 756 389 
 928 197 917 944 703 273 674 
 120 564 560 216 490 586 795 
 784 514 166 688 797 182 963 
 139 815 865 598 622 805 560 
 637 840 692 903 8 31 290 
 361 917 877 880 705 829 419 
 547 756 912 824 626 282 545 
 792 421 745 57 549 33 64 
 429 742 910 812 151 866 956 
 596 28 690 745 52 754 882 
 117 69 872 406 415 639 811 
 316 31 515 996 965 171 827 
 11 99 246 222 530 778 163 
 157 593 358 461 734 492 352 
 332 340 214 128 23 307 724 
 593 581 732 794 447 409 717 
 423 449 96 565 495 502 132 
 58 716 482 478 387 299 677 
 342 829 240 855 866 478 409 
 966 624 299 987 947 571 562 
 326 528 87 711 761 610 317 
 30 294 214 133 381 300 965 
 71 463 23 927 119 480 535 
 865 4 588 562 958 471 14 
 986 726 827 290 447 689 81 
 105 443 946 257 999 144 668 
 608 14 393 701 996 513 395 
 188 72 72 442 636 936 30 
 82 406 500 667 316 849 252 
 707 613 729 632 523 165 7 
 180 575 588 38 837 334 605 
 752 615 295 928 516 866 236 
 288 322 232 259 721 824 103 
 491 831 291 663 845 159 959 
 130 143 350 242 654 103 819 
 173 325 732 502 776 359 812 
 13 943 156 924 666 897 227 
 435 646 698 
 129 805 884 390 874 601 301 
 132 961 690 455 388 88 790 
 213 200 262 920 221 555 500 
 621 691 477 517 873 128 162 
 865 119 602 262 112 714 91 
 608 311 807 601 513 428 678 
 968 611 425 317 953 457 530 
 859 393 467 846 292 114 102 
 751 370 26 45 394 270 517 
 954 814 569 99 3 700 157 
 569 804 523 867 337 368 216 
 690 176 255 1000 596 611 710 
 45 257 313 546 810 720 975 
 602 134 553 199 959 146 43 
 517 685 379 590 294 222 694 
 640 809 243 551 928 594 114 
 392 428 803 381 586 347 738 
 977 868 778 552 713 478 495 
 567 437 476 359 984 431 452 
 671 280 191 846 325 592 412 
 126 141 103 65 722 970 88 
 401 724 866 947 306 559 184 
 901 82 889 96 189 989 397 
 757 406 841 861 835 910 112 
 570 107 696 179 171 377 174 
 350 159 87 620 48 91 983 
 844 959 433 363 893 309 903 
 453 747 493 651 30 949 107 
 391 519 681 127 145 417 391 
 904 760 621 464 952 789 498 
 812 195 855 34 54 30 732 
 59 129 586 592 902 567 502 
 976 217 510 549 131 261 968 
 821 541 776 142 842 35 720 
 972 526 694 635 579 842 256 
 57 9 361 688 495 777 697 
 404 106 858 616 259 215 16 
 79 472 533 333 290 182 951 
 517 75 446 994 883 777 873 
 19 95 45 143 727 789 766 
 683 519 732 17 324 969 476 
 338 612 167 892 665 646 974 
 910 837 714 494 739 42 513 
 396 189 82 15 186 801 988 
 362 113 889 574 558 924 619 
 52 175 28 388 686 835 770 
 826 475 958 856 483 512 171 
 278 137 542 594 510 834 95 
 798 759 633 983 907 225 918 
 786 842 357 630 896 85 218 
 211 651 417 503 537 661 782 
 924 486 570 344 191 230 201 
 354 927 873 377 520 74 790 
 397 537 239 596 912 286 482 
 917 239 486 179 672 201 533 
 862 938 343 800 17 229 243 
 409 439 572 769 530 799 707 
 536 3 555 737 960 852 498 
 290 441 330 748 431 127 186 
 417 149 279 351 432 509 392 
 763 216 136 506 302 713 441 
 360 929 751 688 852 457 644 
 666 295 293 978 785 301 567 
 155 317 434 762 137 896 39 
 655 45 226 578 263 464 281 
 313 575 554 453 140 431 806 
 975 117 314 866 336 313 835 
 360 441 932 579 486 54 694 
 860 949 49 375 757 851 560 
 796 964 105 382 54 309 757 
 882 942 756 925 681 99 692 
 231 932 824 
 525 955 34 750 640 309 83 
 500 738 628 394 161 121 21 
 480 997 66 188 504 403 735 
 895 102 655 393 699 262 774 
 168 299 974 458 21 244 219 
 379 940 745 340 37 955 351 
 825 11 900 272 753 494 610 
 161 126 702 4 634 914 757 
 436 888 285 862 7 949 941 
 977 747 410 301 187 898 929 
 329 615 376 229 654 214 701 
 342 109 728 707 870 841 576 
 31 118 917 393 823 189 271 
 523 160 77 114 963 501 733 
 159 517 615 550 745 139 935 
 775 3 107 356 55 306 961 
 309 870 657 857 877 809 976 
 227 257 930 316 429 35 364 
 965 897 621 734 626 923 884 
 615 853 105 178 900 710 696 
 81 946 368 818 136 806 926 
 818 63 958 451 355 283 141 
 164 995 729 273 534 779 745 
 261 110 932 954 613 341 137 
 647 221 960 734 853 175 817 
 284 284 569 647 9 798 363 
 965 161 51 489 438 311 24 
 588 356 810 123 169 971 351 
 760 351 1000 451 32 985 816 
 717 30 151 435 165 154 908 
 469 191 745 840 640 157 483 
 803 411 975 930 878 696 476 
 74 410 608 126 926 189 583 
 86 557 840 224 581 734 297 
 502 166 680 513 383 564 256 
 989 858 447 337 854 466 565 
 606 191 617 626 687 873 142 
 15 764 736 570 212 516 907 
 773 6 236 126 564 815 408 
 704 567 608 371 732 499 30 
 215 807 868 863 204 198 145 
 468 424 613 269 452 578 455 
 776 356 279 169 938 184 496 
 397 195 1000 953 272 771 11 
 355 770 476 428 252 464 297 
 167 796 51 869 338 287 87 
 332 843 825 291 442 869 516 
 547 69 211 466 191 932 432 
 236 873 931 436 622 57 965 
 823 425 865 777 211 142 991 
 576 91 883 686 324 109 415 
 971 376 465 741 360 631 230 
 251 371 110 953 479 332 97 
 757 350 400 334 993 548 376 
 747 708 227 969 848 553 356 
 202 117 379 950 80 114 215 
 305 97 504 59 642 49 562 
 530 516 176 427 589 330 320 
 54 304 439 608 760 114 186 
 562 534 531 922 828 694 987 
 485 913 455 550 329 413 679 
 25 190 426 848 419 482 798 
 497 291 114 193 790 718 825 
 263 248 629 147 593 442 33 
 870 460 920 782 301 854 232 
 495 539 364 797 431 66 718 
 95 771 817 293 765 665 407 
 409 470 321 434 517 290 661 
 158 903 947 354 94 624 843 
 52 292 304 236 899 737 479 
 378 23 427 459 625 332 569 
 157 797 253 
 367 146 53 27 834 178 847 
 58 955 187 154 920 260 251 
 86 829 884 215 60 504 258 
 614 285 55 890 436 556 204 
 322 519 810 345 148 596 996 
 106 202 224 759 948 499 853 
 895 745 871 970 690 889 884 
 321 24 879 814 327 335 761 
 456 982 504 317 733 979 131 
 667 517 38 251 191 480 796 
 977 435 901 166 570 206 503 
 583 39 215 860 145 480 720 
 885 885 688 811 652 219 118 
 725 65 999 273 460 234 1000 
 34 506 222 208 870 295 264 
 869 306 272 573 986 701 1 
 996 524 275 547 791 877 615 
 158 622 587 238 77 582 750 
 556 173 516 331 592 403 747 
 171 918 584 383 563 727 269 
 31 82 355 950 236 780 754 
 472 925 137 805 194 270 541 
 40 614 460 29 484 460 497 
 663 902 290 520 334 17 565 
 431 559 723 118 903 103 794 
 742 213 553 61 503 982 129 
 826 55 652 553 659 702 107 
 575 208 490 3 874 203 471 
 771 976 870 248 113 26 980 
 867 820 754 457 728 942 802 
 531 704 34 484 126 85 281 
 184 728 302 308 521 457 407 
 81 703 1000 306 806 82 901 
 311 54 379 611 620 950 371 
 434 78 967 735 69 35 153 
 234 264 372 892 242 447 198 
 918 173 143 795 467 363 293 
 51 767 35 880 484 29 587 
 64 610 533 224 923 94 984 
 113 307 512 19 116 449 212 
 605 853 975 302 561 771 521 
 750 817 392 114 785 640 852 
 685 933 574 169 746 194 650 
 988 772 361 145 480 140 46 
 617 729 304 645 300 395 738 
 118 469 418 496 344 779 110 
 990 950 408 252 613 36 377 
 661 866 23 684 268 711 440 
 523 930 729 607 2 378 31 
 687 777 332 421 278 482 922 
 388 89 386 620 946 345 200 
 355 72 447 815 152 591 408 
 91 538 578 329 412 346 730 
 290 838 998 476 330 525 143 
 979 470 672 260 92 240 429 
 810 269 361 910 450 885 727 
 254 281 123 717 167 510 861 
 309 566 621 63 782 557 462 
 903 774 718 93 90 509 488 
 271 921 567 84 889 513 216 
 44 225 453 252 984 937 924 
 446 744 223 698 332 888 973 
 143 901 431 809 689 730 758 
 996 3 573 217 36 299 277 
 519 312 724 788 409 302 360 
 534 212 327 722 450 494 189 
 335 630 507 634 187 285 805 
 712 554 584 964 687 389 661 
 915 498 833 321 590 856 982 
 14 885 940 533 365 138 443 
 207 643 162 321 901 107 5 
 923 602 167 
 93 313 170 766 113 548 25 
 900 478 1 940 93 74 312 
 97 959 424 96 85 513 115 
 598 401 599 795 466 171 947 
 888 872 365 907 785 855 320 
 614 667 283 111 12 411 362 
 220 495 202 25 907 741 283 
 364 704 722 717 816 752 184 
 49 569 570 6 115 370 412 
 226 440 280 366 510 316 76 
 647 75 448 261 152 408 430 
 122 749 377 556 272 493 408 
 210 976 510 924 348 813 98 
 420 102 784 479 898 922 700 
 385 743 899 201 128 226 7 
 544 330 689 366 283 454 243 
 645 747 437 803 313 742 953 
 637 492 14 706 765 185 339 
 29 828 936 859 268 882 712 
 175 83 34 735 998 223 400 
 842 205 887 3 557 885 400 
 811 666 27 90 33 50 389 
 924 593 924 506 559 48 488 
 207 85 701 43 376 1000 353 
 656 572 722 350 379 904 176 
 985 69 951 357 543 365 62 
 656 417 197 858 694 199 800 
 541 293 646 660 821 21 185 
 796 124 166 400 331 853 825 
 555 183 642 641 109 563 608 
 470 161 195 632 724 453 413 
 436 72 625 748 253 718 838 
 371 487 907 598 636 129 366 
 519 390 358 645 543 920 774 
 705 119 729 457 704 959 930 
 768 790 629 250 147 531 581 
 160 234 123 431 845 85 152 
 876 914 282 112 878 75 777 
 478 282 941 897 753 887 325 
 497 982 51 732 822 918 793 
 332 112 119 61 348 627 988 
 595 379 965 884 699 365 628 
 483 5 393 966 195 716 55 
 397 128 108 185 897 334 451 
 216 931 899 921 588 618 836 
 263 616 360 360 89 339 882 
 807 491 24 162 520 556 960 
 644 853 69 988 514 279 376 
 212 992 905 457 991 15 558 
 813 552 122 25 828 885 378 
 248 265 167 753 272 884 768 
 193 295 11 696 771 852 701 
 694 431 846 338 615 518 487 
 803 47 776 679 629 298 551 
 143 445 601 944 460 370 606 
 133 512 717 238 355 608 442 
 594 404 239 787 811 956 501 
 1 976 380 519 970 370 473 
 381 889 737 393 830 704 366 
 107 764 942 240 43 639 112 
 995 528 290 281 484 70 943 
 945 669 378 411 271 113 649 
 786 646 862 143 441 704 86 
 145 69 246 235 930 495 411 
 726 605 644 860 54 143 206 
 87 968 930 540 998 284 304 
 9 570 985 334 488 31 885 
 612 739 780 631 166 725 615 
 953 797 182 570 790 179 168 
 32 351 416 411 246 789 543 
 717 513 894 127 223 755 88 
 74 704 765 
 719 256 114 180 270 985 846 
 635 718 341 152 268 698 452 
 731 606 46 116 762 500 459 
 173 43 36 893 254 12 507 
 758 678 627 1000 402 466 671 
 95 898 66 56 106 420 49 
 230 479 321 120 964 372 988 
 562 147 187 795 717 502 85 
 663 182 833 328 868 121 865 
 328 591 186 10 775 555 271 
 626 500 634 122 504 540 835 
 440 916 259 712 555 646 769 
 755 239 654 925 510 654 638 
 851 896 316 369 317 703 913 
 762 362 49 866 245 569 160 
 847 326 379 256 443 747 12 
 441 750 674 768 69 505 10 
 29 425 966 411 300 628 573 
 740 583 537 927 56 57 28 
 51 408 273 950 297 543 516 
 368 722 728 509 625 819 72 
 830 768 382 427 75 625 431 
 631 27 919 71 994 109 653 
 522 284 189 213 425 100 315 
 180 559 732 599 868 108 316 
 679 400 451 16 500 492 435 
 872 256 476 448 507 440 697 
 992 490 929 996 549 334 676 
 394 524 577 609 483 42 37 
 100 915 65 311 890 52 654 
 873 74 186 403 498 972 340 
 666 814 843 963 384 701 50 
 268 173 589 335 669 517 583 
 273 410 169 329 851 813 458 
 161 22 863 218 812 49 632 
 187 33 599 264 52 289 596 
 251 928 51 687 559 44 234 
 502 974 508 133 941 969 916 
 977 44 402 855 425 859 567 
 954 497 207 152 325 157 257 
 680 823 932 955 243 7 540 
 498 180 898 180 409 547 767 
 732 451 856 276 613 695 130 
 455 80 1 286 220 855 461 
 673 289 125 506 316 282 543 
 767 618 941 815 953 899 486 
 604 184 469 200 460 389 223 
 560 900 483 214 626 213 720 
 899 928 311 315 891 718 74 
 186 749 982 113 938 664 915 
 405 429 636 344 178 707 125 
 183 276 545 679 865 999 378 
 477 673 561 32 439 774 553 
 632 646 652 92 809 313 26 
 435 803 974 817 254 279 839 
 97 606 290 970 187 557 688 
 983 302 798 707 47 531 972 
 393 160 239 764 638 11 300 
 538 399 34 70 797 217 210 
 398 649 901 805 80 87 69 
 300 389 23 331 886 536 985 
 693 124 72 174 306 240 819 
 161 612 969 805 29 187 87 
 787 518 934 110 650 759 832 
 821 718 318 539 179 132 41 
 192 63 550 975 850 980 338 
 310 949 310 865 456 498 503 
 712 453 151 408 168 111 64 
 17 894 399 888 399 450 27 
 22 48 392 396 736 639 40 
 449 352 727 998 637 241 226 
 673 857 295 
 184399 196743 185239 190327 182624 193058 184875 
 186045 185674 192345 186236 192728 190346 168732 
 182486 187292 186644 191892 193656 190487 190431 
 185932 183074 187516 183258 190070 186312 184124 
 184906 180219