 500 30 0 
 581 812 811 1025 944 585 776 
 692 802 644 559 651 781 1096 
 654 782 914 551 824 967 667 
 966 1087 680 936 839 701 760 
 515 929 674 854 549 652 784 
 855 861 699 961 829 784 687 
 893 700 970 792 894 718 699 
 872 922 613 620 787 569 624 
 579 609 940 1008 656 610 799 
 758 778 704 797 881 692 986 
 956 460 649 843 532 706 634 
 669 709 765 847 670 692 453 
 698 881 936 639 927 916 847 
 648 833 756 653 629 713 782 
 711 533 1009 640 944 960 856 
 683 716 618 834 976 877 583 
 797 911 749 690 642 444 852 
 641 983 689 737 928 795 747 
 742 814 655 745 1002 709 576 
 586 787 561 482 807 514 603 
 989 720 735 700 873 717 742 
 716 861 581 890 933 583 812 
 954 731 999 395 838 795 993 
 709 599 761 750 526 922 745 
 625 989 900 788 864 503 652 
 747 605 664 665 1051 598 698 
 802 870 942 795 879 783 555 
 715 747 645 469 523 547 767 
 777 721 1012 804 743 663 800 
 684 697 731 837 844 973 913 
 746 618 559 667 658 956 965 
 761 964 801 871 633 702 620 
 471 881 786 520 569 623 682 
 953 736 840 857 991 780 763 
 558 1079 914 844 936 645 851 
 863 729 906 810 599 951 770 
 678 857 675 822 869 600 676 
 664 831 713 732 691 1049 764 
 715 743 834 919 801 886 514 
 785 673 578 543 765 502 911 
 471 688 764 604 808 675 812 
 684 784 717 691 834 980 820 
 523 923 481 912 601 891 625 
 615 587 692 1106 980 703 945 
 629 598 751 734 858 639 877 
 911 965 990 987 672 597 805 
 750 543 546 812 665 910 635 
 812 834 577 650 664 618 731 
 742 744 858 886 653 960 743 
 606 755 551 541 645 650 656 
 757 810 644 696 779 763 711 
 913 787 625 788 602 645 567 
 549 925 860 1023 873 769 637 
 848 667 952 682 532 854 913 
 525 911 966 871 525 810 729 
 697 637 661 802 703 619 746 
 817 972 474 876 542 735 479 
 654 1000 584 506 974 520 671 
 976 612 694 941 806 499 823 
 864 811 675 578 551 961 1070 
 591 719 706 598 887 822 905 
 517 654 666 932 505 542 577 
 536 881 865 766 523 981 936 
 839 1032 995 517 808 506 902 
 934 897 562 843 663 637 768 
 892 555 480 914 626 749 591 
 830 751 943 640 1042 697 615 
 880 648 498 505 615 915 1019 
 643 936 1014 884 991 540 960 
 821 788 814 643 501 639 542 
 711 732 669 962 861 570 701 
 629 571 622 
 893 167 230 496 917 70 176 
 799 450 464 444 729 797 594 
 810 32 768 812 143 759 434 
 194 976 493 890 163 426 790 
 660 555 555 853 335 481 523 
 907 210 904 464 910 18 501 
 860 75 325 341 78 682 475 
 180 860 259 506 229 267 636 
 286 797 580 303 234 494 247 
 293 249 516 324 790 675 818 
 494 500 313 922 782 722 759 
 590 713 207 19 529 520 266 
 66 836 715 717 13 130 469 
 170 718 979 502 502 365 969 
 75 383 768 108 485 327 350 
 38 43 750 203 853 305 576 
 513 60 158 204 370 88 166 
 24 624 755 596 37 560 451 
 462 894 482 7 165 599 474 
 391 683 440 987 561 123 446 
 681 195 783 118 211 604 684 
 312 58 840 501 437 509 271 
 651 601 592 365 767 478 240 
 431 101 166 927 762 529 551 
 152 908 918 308 905 463 498 
 983 371 465 195 968 763 733 
 560 660 366 375 735 694 406 
 193 554 318 583 744 961 949 
 953 406 798 660 843 590 667 
 342 811 58 371 220 624 44 
 595 827 36 958 214 61 498 
 930 995 964 283 264 992 911 
 760 547 778 90 599 986 227 
 430 366 592 259 766 256 395 
 818 469 370 212 739 752 653 
 955 600 64 513 272 757 963 
 422 849 974 39 394 447 464 
 942 833 23 352 583 631 297 
 461 538 551 210 751 194 386 
 474 60 353 310 21 118 452 
 556 834 766 755 479 613 199 
 615 109 612 506 600 847 52 
 901 734 320 722 154 292 696 
 488 345 219 982 269 405 444 
 391 931 895 603 145 983 109 
 380 566 163 321 375 905 451 
 577 602 753 858 937 19 489 
 354 402 706 147 301 41 496 
 776 670 504 818 737 782 93 
 788 570 24 988 86 715 732 
 28 718 318 772 461 763 120 
 80 717 541 192 545 613 133 
 49 967 6 801 759 684 731 
 244 411 453 133 334 726 660 
 17 632 183 263 42 334 725 
 13 357 339 203 606 529 390 
 398 816 74 206 232 361 210 
 38 691 719 270 1000 628 609 
 170 931 813 996 692 220 144 
 556 41 270 804 553 42 794 
 714 109 460 852 308 390 722 
 227 754 904 115 166 172 888 
 795 39 63 697 154 625 103 
 71 623 793 1000 892 506 470 
 77 701 708 871 285 812 255 
 737 497 124 141 245 822 806 
 913 43 874 935 552 57 609 
 949 230 826 709 325 600 270 
 70 638 876 933 135 403 426 
 756 541 260 530 283 77 41 
 258 820 636 291 830 348 542 
 234 902 262 
 315 686 877 764 509 367 991 
 781 131 179 393 789 106 771 
 149 375 256 708 92 251 768 
 566 650 184 549 902 120 656 
 991 404 388 302 222 940 537 
 32 529 972 814 964 645 682 
 558 988 727 84 477 98 432 
 36 14 65 595 826 541 313 
 135 967 1000 832 341 154 899 
 801 753 365 911 118 24 317 
 963 669 302 868 70 612 268 
 790 122 339 988 373 632 206 
 117 581 34 695 660 63 717 
 869 784 902 739 895 92 564 
 970 30 163 745 750 950 173 
 472 727 331 379 506 675 651 
 300 863 545 48 269 760 578 
 257 75 622 784 885 121 696 
 556 391 575 758 944 208 880 
 305 601 608 858 319 754 178 
 939 15 377 634 200 737 850 
 560 525 227 573 905 556 322 
 209 825 918 55 181 611 762 
 421 794 148 185 908 50 955 
 573 480 175 778 740 734 115 
 97 209 475 675 998 197 709 
 763 518 663 630 495 994 353 
 595 255 850 366 809 280 706 
 156 635 282 439 526 43 277 
 577 343 14 354 54 533 646 
 876 818 131 406 235 487 485 
 559 948 518 137 869 369 379 
 858 729 657 330 715 733 360 
 93 614 721 309 456 146 144 
 510 266 70 529 340 763 785 
 151 30 414 724 447 829 422 
 358 365 228 448 862 541 910 
 596 318 922 765 83 652 937 
 87 47 855 43 343 469 707 
 29 684 939 917 943 531 569 
 78 342 437 322 104 737 416 
 511 690 622 55 672 795 483 
 553 857 448 668 154 646 245 
 799 724 607 485 529 555 577 
 361 718 539 810 930 147 562 
 658 840 508 629 770 878 900 
 371 550 980 703 964 841 730 
 209 551 141 932 437 710 368 
 362 733 99 965 21 277 662 
 359 585 550 797 998 564 899 
 746 631 883 317 868 349 79 
 967 581 130 914 873 350 780 
 836 613 469 183 828 362 257 
 286 871 124 996 489 105 488 
 926 734 886 304 456 783 384 
 908 119 551 606 362 637 636 
 105 755 119 635 950 917 48 
 926 986 456 400 318 192 930 
 676 913 172 216 532 153 181 
 747 399 819 213 182 895 226 
 376 145 12 175 629 503 689 
 137 336 344 608 212 932 302 
 230 659 105 767 791 853 456 
 775 696 369 434 955 326 609 
 194 741 994 40 278 435 697 
 538 504 318 389 80 900 587 
 725 632 450 276 412 39 801 
 108 237 742 319 756 762 317 
 699 288 871 466 839 201 481 
 247 806 592 565 567 665 648 
 578 847 313 440 86 756 244 
 235 410 776 
 8 360 629 452 809 1000 569 
 596 570 275 7 214 812 961 
 683 232 226 73 136 236 273 
 27 577 717 624 167 796 358 
 475 890 879 319 598 332 160 
 135 660 434 222 96 14 379 
 433 117 770 205 426 740 409 
 38 809 571 174 242 274 492 
 183 431 535 496 525 665 813 
 404 676 535 670 151 602 234 
 89 367 767 233 883 719 288 
 206 27 569 299 45 865 34 
 138 626 517 634 880 528 167 
 896 700 609 161 432 953 577 
 110 836 977 665 33 19 405 
 564 278 467 166 715 73 648 
 608 57 464 66 692 69 953 
 200 977 459 899 31 759 250 
 142 393 748 771 617 501 891 
 470 951 250 576 109 185 323 
 356 805 946 33 192 735 413 
 852 980 243 191 71 276 623 
 124 350 615 667 466 336 383 
 596 903 436 367 714 467 925 
 1 467 517 758 35 563 223 
 836 676 609 865 782 138 835 
 871 253 881 589 41 43 706 
 492 646 973 554 701 95 136 
 654 12 237 196 471 638 66 
 915 833 397 48 529 523 911 
 156 761 222 853 664 347 270 
 324 571 511 90 374 921 304 
 259 366 203 376 382 765 876 
 344 314 559 40 452 304 500 
 756 480 269 40 966 365 281 
 90 203 313 692 965 442 362 
 814 280 28 993 804 805 344 
 606 177 620 337 7 2 101 
 758 464 687 312 252 577 754 
 260 390 682 513 121 920 703 
 236 815 798 484 846 427 503 
 527 331 404 57 16 118 313 
 763 650 7 769 189 558 214 
 360 936 907 658 540 101 776 
 576 539 206 429 829 114 430 
 437 378 118 842 988 290 947 
 988 776 437 365 331 865 410 
 234 413 319 269 956 167 80 
 966 248 722 919 814 255 22 
 227 167 735 475 293 523 673 
 804 47 968 385 898 796 590 
 544 249 836 825 569 157 772 
 693 893 875 599 269 454 223 
 895 793 734 56 729 91 486 
 485 331 847 429 718 271 190 
 606 731 197 721 705 917 106 
 246 317 30 451 781 354 713 
 791 159 560 449 927 234 919 
 723 391 671 805 891 577 608 
 42 336 286 922 899 542 76 
 431 720 70 45 664 350 752 
 101 749 468 604 114 372 742 
 899 217 82 842 9 29 893 
 839 470 262 517 182 209 842 
 598 184 732 271 7 246 637 
 148 215 549 226 978 805 450 
 730 614 412 967 715 244 736 
 320 855 50 740 361 182 594 
 206 612 922 285 561 83 885 
 831 425 258 346 503 804 890 
 933 242 541 300 772 165 624 
 980 618 623 
 748 953 472 224 36 85 330 
 524 300 801 251 317 923 391 
 696 12 349 212 420 325 406 
 515 769 869 541 35 905 301 
 422 852 280 788 662 355 98 
 677 213 891 404 214 341 80 
 307 235 404 529 742 350 435 
 421 348 120 604 275 741 971 
 78 990 107 79 64 127 948 
 609 711 233 238 595 703 290 
 697 334 795 790 395 696 261 
 859 247 589 956 677 346 54 
 520 415 275 476 111 518 79 
 755 573 750 287 399 278 768 
 588 592 83 730 460 229 349 
 61 851 178 820 141 546 145 
 711 859 430 120 114 49 136 
 216 520 290 792 338 581 296 
 841 519 738 2 179 806 928 
 828 515 756 147 37 274 826 
 251 302 392 249 884 863 343 
 671 648 297 511 535 945 459 
 940 498 793 278 34 999 157 
 687 772 35 958 367 871 745 
 485 949 761 304 793 974 113 
 39 651 138 93 649 460 838 
 694 753 643 32 788 732 984 
 911 401 616 519 198 622 136 
 893 764 647 5 652 45 208 
 940 759 118 452 162 340 379 
 954 359 724 360 862 165 628 
 34 328 664 465 507 127 890 
 30 623 483 861 829 138 77 
 784 623 126 935 886 227 701 
 570 241 503 371 692 465 154 
 880 71 509 838 736 279 741 
 158 315 811 781 588 371 673 
 250 399 10 575 378 525 471 
 597 654 423 788 971 110 381 
 681 876 688 69 422 560 567 
 896 266 162 773 287 287 862 
 993 7 402 705 776 305 531 
 365 987 481 753 579 347 105 
 146 271 575 901 125 498 178 
 94 336 378 29 882 233 993 
 927 146 238 408 974 97 226 
 122 429 93 325 856 91 296 
 587 760 199 107 176 269 726 
 215 608 653 840 923 681 988 
 861 333 332 52 731 104 920 
 385 380 817 69 501 865 378 
 649 104 610 467 677 286 265 
 564 213 110 785 627 281 630 
 777 558 678 272 472 935 276 
 346 768 602 486 144 611 584 
 547 146 334 313 159 277 208 
 411 744 99 960 453 761 586 
 793 666 617 748 383 70 953 
 684 15 370 792 683 288 383 
 23 686 739 36 987 856 139 
 888 445 886 524 535 828 567 
 294 820 725 136 694 778 871 
 825 177 907 66 328 616 5 
 697 833 593 799 787 122 651 
 735 38 232 480 937 270 628 
 944 167 751 395 401 555 176 
 313 713 405 316 939 271 749 
 208 726 148 128 54 362 349 
 739 667 446 373 928 898 602 
 917 595 791 311 523 323 820 
 15 243 545 587 548 512 138 
 543 202 368 
 421 739 508 155 483 247 335 
 578 161 719 296 208 319 18 
 326 297 302 338 159 596 243 
 960 587 138 822 133 923 268 
 25 929 688 534 281 724 419 
 461 39 909 311 665 867 702 
 424 203 68 932 723 902 338 
 407 971 709 88 581 839 535 
 722 391 396 597 571 97 267 
 959 763 90 850 866 914 528 
 884 587 960 240 232 312 24 
 656 914 66 55 661 964 612 
 705 643 226 171 350 800 40 
 859 734 527 539 893 370 702 
 610 610 454 303 604 910 616 
 662 998 533 953 62 282 487 
 110 396 233 338 398 425 932 
 444 952 273 342 389 860 180 
 138 710 910 359 315 909 690 
 522 591 563 851 695 883 307 
 849 272 941 451 998 613 523 
 592 463 456 711 347 314 121 
 135 733 820 104 422 148 568 
 726 300 259 342 489 926 834 
 217 468 462 50 159 955 265 
 607 519 711 922 820 44 582 
 505 696 523 56 435 714 870 
 825 552 765 294 938 479 595 
 587 830 489 835 107 276 120 
 691 251 801 894 964 545 259 
 166 215 581 670 827 899 276 
 727 833 596 490 729 647 250 
 114 995 642 63 287 182 120 
 574 752 119 193 828 950 817 
 734 120 788 992 406 177 131 
 366 916 28 35 181 106 82 
 617 680 396 115 891 834 997 
 85 996 203 458 115 152 94 
 360 342 998 796 951 268 265 
 279 139 314 741 638 277 211 
 410 867 374 926 338 861 911 
 1000 561 558 865 991 489 405 
 872 650 683 1 719 785 133 
 314 441 496 63 423 508 746 
 147 470 142 167 7 168 405 
 550 964 9 408 137 132 440 
 214 155 694 242 762 731 257 
 575 708 989 10 961 134 180 
 574 664 539 569 5 399 311 
 746 44 636 614 124 33 875 
 526 350 381 383 124 627 532 
 565 24 965 627 416 183 994 
 973 652 220 824 798 875 366 
 87 196 745 311 387 808 224 
 530 326 465 995 706 823 995 
 228 322 733 841 931 49 626 
 848 829 113 279 823 80 852 
 60 503 864 309 812 286 843 
 631 889 124 52 560 509 402 
 226 652 868 662 750 417 706 
 151 223 493 40 48 749 114 
 606 46 495 517 343 601 837 
 34 536 301 349 863 110 422 
 639 994 769 446 671 795 85 
 142 125 129 595 445 870 814 
 897 427 49 914 174 356 625 
 128 723 5 405 83 258 416 
 472 22 336 440 209 302 179 
 884 987 368 970 571 394 361 
 350 163 554 890 243 25 768 
 888 694 848 53 165 143 466 
 877 648 652 
 799 667 693 913 985 851 764 
 321 459 149 795 378 85 837 
 826 436 665 43 938 488 419 
 578 61 320 146 379 603 834 
 344 199 803 204 307 175 652 
 7 705 356 78 452 70 149 
 835 991 965 364 956 525 536 
 352 901 630 791 856 801 947 
 722 220 916 926 767 483 498 
 540 946 91 10 683 16 917 
 354 340 370 765 209 615 722 
 290 991 33 510 817 453 494 
 863 377 123 446 345 279 838 
 905 704 776 334 98 254 992 
 72 598 711 357 280 961 401 
 554 901 884 780 860 354 584 
 85 791 832 800 426 318 460 
 666 165 741 833 317 961 758 
 22 224 382 5 174 230 116 
 740 962 34 193 630 390 788 
 563 724 814 545 908 177 238 
 861 648 22 588 432 24 645 
 934 600 652 814 155 540 706 
 274 683 724 401 459 614 489 
 932 888 957 680 103 698 786 
 262 315 896 904 811 930 770 
 930 774 985 511 901 20 192 
 191 741 343 59 800 928 744 
 805 378 637 229 793 545 610 
 273 505 765 103 286 99 955 
 558 915 46 241 24 5 568 
 412 222 199 837 842 364 441 
 959 831 37 386 104 528 470 
 670 873 528 852 333 408 309 
 405 913 274 610 192 29 614 
 516 587 109 446 740 184 122 
 148 118 791 386 616 861 866 
 266 683 37 42 899 954 158 
 221 61 292 419 52 646 10 
 902 61 369 249 842 150 46 
 281 133 572 365 59 772 671 
 402 693 245 302 432 996 274 
 89 286 278 930 747 177 477 
 279 211 503 698 959 150 742 
 943 171 191 56 891 322 666 
 864 740 491 995 993 310 348 
 962 219 269 6 995 637 540 
 500 958 297 587 311 467 170 
 650 388 475 550 761 320 767 
 819 315 512 9 147 734 131 
 173 871 971 324 261 861 637 
 865 559 506 124 701 183 629 
 319 806 52 384 403 885 84 
 320 301 272 885 223 281 2 
 179 102 657 949 491 188 476 
 109 345 645 700 188 158 651 
 334 221 478 973 903 217 309 
 554 179 627 216 171 5 716 
 363 900 973 101 709 441 429 
 369 117 144 474 958 852 522 
 203 247 119 345 698 530 395 
 257 717 938 231 62 124 413 
 447 49 384 971 967 994 496 
 907 938 772 43 213 333 611 
 372 607 222 734 192 177 348 
 532 433 351 749 233 136 761 
 154 805 605 988 547 560 254 
 526 273 320 177 68 696 526 
 561 476 65 204 498 881 625 
 415 789 818 163 436 210 257 
 389 12 145 645 829 119 910 
 719 314 834 
 272 268 43 208 496 783 544 
 497 121 851 658 749 868 619 
 723 527 649 875 996 490 389 
 307 659 68 30 950 657 852 
 319 454 581 661 164 557 915 
 192 693 500 609 68 930 900 
 31 349 722 750 212 388 804 
 291 161 332 250 874 630 696 
 921 973 150 292 265 362 907 
 659 196 82 409 554 392 756 
 212 982 500 119 753 11 221 
 145 54 447 822 107 616 347 
 297 120 943 87 248 409 931 
 239 634 626 350 802 7 539 
 927 12 441 334 473 577 184 
 403 576 24 212 69 935 209 
 576 298 969 662 723 221 430 
 259 517 123 273 933 4 751 
 532 427 773 182 211 800 145 
 571 8 83 404 352 59 885 
 767 497 575 536 312 776 174 
 847 175 439 722 818 304 146 
 864 126 174 488 501 462 974 
 46 957 124 727 354 696 254 
 658 431 179 832 878 493 960 
 189 48 86 597 981 989 753 
 716 269 255 911 736 778 96 
 678 874 427 930 720 207 169 
 635 355 682 272 977 39 328 
 778 761 138 32 984 639 939 
 951 816 421 529 268 637 324 
 785 568 57 947 640 763 202 
 802 38 647 560 701 263 838 
 610 233 977 474 684 553 528 
 72 865 13 752 131 151 719 
 79 34 144 69 304 921 410 
 357 551 544 795 53 696 310 
 431 53 854 299 636 907 748 
 232 180 844 613 783 832 171 
 37 378 460 283 803 165 535 
 588 101 466 959 880 834 320 
 502 683 93 411 663 668 383 
 2 542 245 489 403 411 148 
 827 438 317 183 544 580 726 
 738 886 78 218 817 583 61 
 334 523 465 460 283 68 29 
 511 808 513 194 843 648 337 
 503 827 497 968 154 37 504 
 659 123 505 372 627 296 684 
 657 994 719 136 609 750 669 
 132 154 888 937 354 930 12 
 880 981 866 342 494 63 230 
 729 129 612 776 350 326 568 
 103 486 552 161 676 432 716 
 539 134 178 525 464 26 360 
 721 492 68 277 352 377 932 
 492 871 248 217 541 305 922 
 807 240 872 530 528 3 422 
 178 227 284 647 1000 934 181 
 130 615 405 75 915 660 240 
 804 74 951 710 91 906 934 
 204 206 321 992 396 458 345 
 798 301 555 763 210 86 5 
 519 125 546 521 827 9 82 
 625 689 243 437 386 991 655 
 656 980 573 784 982 514 65 
 646 166 898 570 966 751 508 
 446 919 388 123 508 402 480 
 949 817 32 48 514 451 201 
 91 198 903 168 354 142 251 
 111 783 411 210 899 871 834 
 467 663 718 
 384 128 538 631 238 191 433 
 689 137 779 402 816 478 704 
 909 681 871 89 971 211 792 
 481 339 814 297 979 336 853 
 537 426 244 251 158 784 259 
 902 255 312 1000 637 981 714 
 264 563 861 889 392 593 727 
 917 39 997 292 209 307 29 
 258 381 501 817 887 938 403 
 140 30 871 73 648 684 781 
 232 764 762 172 97 751 848 
 381 786 489 310 772 77 303 
 538 547 968 354 608 743 201 
 828 604 960 949 386 353 700 
 701 143 343 681 136 718 518 
 188 575 509 926 956 338 243 
 314 821 589 384 496 310 154 
 159 809 642 813 4 713 854 
 106 964 701 63 895 785 583 
 489 137 891 211 416 168 790 
 119 791 481 701 429 785 807 
 786 440 642 576 322 319 205 
 137 362 772 380 978 596 340 
 609 367 104 132 391 3 883 
 720 224 612 368 827 229 759 
 921 494 399 226 179 16 696 
 596 468 745 344 772 510 719 
 233 548 209 221 697 164 146 
 255 899 149 806 686 69 836 
 684 987 783 59 701 341 487 
 375 364 874 487 451 894 920 
 292 583 648 25 973 144 475 
 752 776 759 160 286 300 641 
 443 131 654 104 466 373 900 
 454 354 186 122 742 197 38 
 200 496 174 362 296 162 336 
 2 401 48 41 261 845 191 
 915 635 210 421 92 537 539 
 408 338 67 428 128 96 5 
 160 846 895 66 418 497 325 
 281 621 901 494 499 180 882 
 997 837 385 997 305 549 182 
 777 23 374 997 235 748 220 
 80 145 655 927 776 8 800 
 360 198 567 339 340 850 919 
 98 970 143 383 478 183 731 
 673 123 580 704 182 254 500 
 388 338 503 56 576 216 271 
 535 162 972 849 622 691 234 
 488 659 352 601 788 177 289 
 470 755 994 700 51 449 585 
 662 452 703 226 86 733 541 
 640 730 934 856 869 295 817 
 802 398 985 905 180 742 278 
 826 27 951 787 409 149 888 
 194 922 259 258 115 819 108 
 857 22 932 853 570 529 234 
 66 657 238 584 315 535 105 
 101 639 390 565 508 105 196 
 740 342 189 473 368 575 585 
 137 516 626 643 847 674 246 
 559 288 659 6 301 315 767 
 577 868 722 475 758 992 249 
 468 53 973 121 348 597 377 
 739 460 97 354 525 491 98 
 925 110 2 179 370 305 672 
 943 400 484 748 131 532 413 
 685 387 417 497 491 365 870 
 540 820 311 658 904 190 306 
 320 102 832 107 619 13 590 
 37 128 205 824 696 717 186 
 594 311 741 
 210 730 685 761 925 459 150 
 934 575 691 572 24 639 599 
 280 594 84 266 404 291 844 
 735 618 727 876 772 487 579 
 975 971 213 822 248 999 228 
 847 317 443 534 891 113 970 
 44 371 304 46 363 416 759 
 153 86 558 115 589 987 960 
 47 340 957 521 18 862 429 
 622 967 358 935 13 682 604 
 517 294 954 296 574 875 947 
 371 165 81 256 790 201 940 
 259 783 703 676 749 751 626 
 289 476 268 46 423 879 303 
 911 801 642 117 989 56 898 
 246 355 920 304 967 252 15 
 238 104 141 237 163 269 360 
 385 85 397 893 905 963 740 
 185 791 104 961 604 733 815 
 943 708 751 354 795 459 98 
 336 314 528 464 977 728 409 
 457 938 784 276 120 2 607 
 271 835 249 383 229 424 67 
 164 110 535 40 593 90 708 
 264 320 141 745 921 139 91 
 342 817 693 694 351 82 615 
 803 345 977 340 456 285 557 
 548 524 376 727 145 404 216 
 541 595 889 687 950 900 235 
 941 629 954 67 847 871 664 
 259 345 851 67 790 812 99 
 493 952 904 103 676 212 296 
 652 71 343 457 766 566 815 
 736 731 247 986 974 19 56 
 849 540 857 776 321 910 883 
 995 581 937 761 361 446 620 
 255 222 933 193 714 975 198 
 680 388 601 845 567 303 242 
 989 571 36 828 92 877 337 
 29 904 190 580 40 552 424 
 426 176 275 802 301 426 593 
 897 625 128 50 54 462 117 
 754 716 667 700 786 278 614 
 903 949 370 406 128 216 608 
 724 393 806 105 862 571 118 
 560 290 81 822 137 634 131 
 699 187 35 81 280 543 125 
 838 730 773 611 696 300 660 
 1000 408 576 494 325 494 248 
 940 909 810 536 215 421 994 
 820 697 595 55 753 967 845 
 710 420 304 55 503 124 18 
 106 175 593 209 359 142 185 
 454 615 640 510 945 15 396 
 273 830 117 294 749 489 902 
 604 3 186 548 539 441 78 
 440 247 82 179 563 861 235 
 842 796 1 659 841 208 606 
 488 263 165 929 881 679 957 
 124 263 17 786 187 354 452 
 790 656 637 307 800 559 897 
 402 974 57 667 278 693 58 
 957 912 945 489 341 400 182 
 946 631 545 506 181 587 913 
 320 844 590 277 605 630 33 
 790 960 255 748 573 715 84 
 825 527 44 88 920 201 659 
 168 958 683 657 150 836 652 
 253 944 136 97 342 781 142 
 148 784 653 917 150 118 926 
 921 789 619 814 676 492 840 
 267 804 221 
 29 308 26 799 97 414 759 
 968 143 677 127 688 302 377 
 555 603 271 628 840 141 12 
 724 353 354 741 669 149 901 
 450 404 976 460 263 356 730 
 566 235 777 778 436 39 429 
 504 792 719 173 21 81 698 
 547 83 873 913 42 628 852 
 57 859 740 841 544 11 685 
 846 721 312 982 854 184 911 
 379 210 29 335 11 712 417 
 883 379 533 457 651 262 283 
 5 135 905 307 231 608 136 
 762 100 998 827 819 756 193 
 262 432 361 425 234 184 657 
 244 351 807 524 851 46 121 
 789 267 648 668 936 196 297 
 719 151 459 594 702 701 448 
 409 795 335 103 473 893 485 
 862 825 1000 620 859 261 799 
 544 356 390 747 229 739 850 
 682 499 584 260 64 626 740 
 330 295 467 70 856 398 953 
 392 856 187 884 399 350 504 
 837 365 508 998 518 382 123 
 524 160 660 204 574 788 827 
 897 830 919 796 359 67 822 
 50 704 228 493 431 610 627 
 654 379 818 985 683 33 54 
 845 789 10 836 309 265 246 
 541 184 205 854 657 177 982 
 523 426 836 334 436 833 165 
 824 209 969 349 268 315 652 
 780 456 920 192 837 541 255 
 770 932 69 424 727 248 989 
 993 172 777 991 367 539 312 
 572 979 842 225 971 664 426 
 617 964 654 157 895 140 329 
 413 364 30 838 812 434 861 
 210 119 558 684 275 954 277 
 274 795 738 568 943 295 372 
 471 951 820 208 55 360 477 
 517 851 709 652 3 411 816 
 342 428 367 850 869 576 34 
 675 364 90 535 384 588 22 
 964 927 705 782 177 931 252 
 801 343 839 31 563 608 525 
 530 979 786 68 288 263 955 
 467 752 984 652 112 860 389 
 381 559 780 192 292 844 697 
 242 821 535 784 727 825 625 
 500 473 638 706 690 389 193 
 489 595 848 934 528 228 728 
 52 61 997 698 929 729 491 
 775 400 318 157 334 629 379 
 329 999 132 783 469 373 853 
 758 341 777 392 87 119 821 
 784 377 912 455 697 817 708 
 818 425 277 88 100 728 277 
 608 290 31 695 279 132 794 
 911 921 431 445 176 778 950 
 39 14 117 703 425 975 44 
 543 645 52 563 661 167 275 
 491 687 844 490 807 456 740 
 476 112 668 930 219 545 536 
 510 377 546 980 846 654 13 
 430 521 504 577 934 311 975 
 66 251 657 252 405 392 908 
 28 844 54 373 864 326 112 
 483 450 892 152 191 231 44 
 669 653 999 629 49 943 142 
 783 764 470 
 632 888 27 608 422 853 262 
 672 571 47 956 56 997 969 
 535 63 420 219 391 74 532 
 616 847 660 650 496 721 845 
 448 485 971 724 145 565 542 
 476 923 340 378 784 335 839 
 916 662 394 104 738 796 553 
 181 780 718 831 231 611 890 
 206 3 22 282 438 523 985 
 567 937 106 228 693 650 225 
 852 179 609 116 28 503 336 
 884 785 244 810 834 656 426 
 296 336 784 265 643 480 640 
 589 353 290 734 320 272 918 
 932 667 883 117 755 923 752 
 175 340 403 253 172 468 253 
 222 171 75 944 87 468 992 
 992 473 191 910 312 583 961 
 180 128 718 809 79 782 127 
 175 192 206 731 943 478 626 
 267 456 146 800 660 352 900 
 526 53 643 816 174 817 31 
 48 969 282 264 777 797 916 
 525 277 398 804 575 67 278 
 516 285 248 180 489 937 372 
 989 534 167 180 406 728 499 
 411 276 561 64 384 290 217 
 176 477 192 344 671 477 83 
 332 814 939 513 683 232 267 
 817 951 670 265 212 628 347 
 843 22 106 622 119 819 435 
 523 660 513 916 529 498 305 
 20 329 816 149 278 403 242 
 880 414 984 870 497 605 960 
 907 757 724 785 392 559 866 
 452 85 217 542 575 733 855 
 60 634 318 952 567 978 6 
 420 666 943 829 476 895 142 
 203 387 627 894 408 272 984 
 779 285 409 608 676 949 711 
 218 21 338 972 551 355 450 
 309 145 499 175 623 976 745 
 359 451 916 474 591 169 418 
 880 376 229 871 561 87 708 
 693 70 846 670 176 828 861 
 264 983 645 597 912 755 172 
 562 768 377 210 982 854 111 
 915 477 498 993 343 453 460 
 153 994 481 800 631 891 945 
 284 662 669 796 875 635 399 
 801 425 235 979 824 69 492 
 521 347 557 111 569 411 469 
 128 259 5 389 206 878 793 
 773 856 482 910 106 302 311 
 287 157 243 906 291 800 427 
 538 728 720 864 646 133 24 
 461 941 898 691 287 155 432 
 336 174 182 232 691 791 204 
 668 48 487 762 359 438 463 
 165 102 884 82 169 155 887 
 263 338 750 615 703 470 482 
 981 854 39 864 677 810 274 
 885 58 548 432 644 614 681 
 127 684 790 943 496 992 887 
 952 287 401 716 377 901 404 
 746 991 229 658 129 670 776 
 459 379 168 688 490 194 160 
 399 758 667 956 214 46 493 
 716 772 754 72 398 780 874 
 93 348 422 31 193 12 993 
 35 672 29 477 642 308 146 
 130 893 19 
 881 48 730 665 153 229 108 
 803 573 881 676 598 314 705 
 629 883 778 773 64 628 62 
 402 101 123 917 574 564 150 
 944 472 358 804 657 179 239 
 191 254 551 184 719 458 261 
 309 451 974 214 371 622 954 
 378 967 242 741 569 455 664 
 5 284 410 723 832 753 727 
 959 351 841 766 117 477 721 
 695 451 771 371 470 973 417 
 697 380 894 620 911 700 429 
 954 238 882 296 422 303 860 
 129 155 878 790 403 51 866 
 518 746 413 453 484 949 368 
 752 703 637 523 181 119 723 
 672 129 255 332 211 551 510 
 691 750 718 626 905 330 989 
 147 31 533 404 968 440 494 
 859 733 375 26 431 583 204 
 244 855 165 109 230 578 351 
 526 562 591 347 497 727 561 
 379 876 76 97 352 485 262 
 626 852 149 385 450 811 631 
 976 517 951 864 837 313 974 
 796 407 818 972 645 894 835 
 48 338 312 721 360 760 721 
 144 299 75 156 17 938 723 
 429 210 893 831 674 140 143 
 98 164 83 417 504 929 192 
 600 679 399 469 918 582 689 
 565 768 102 129 242 532 394 
 825 547 185 64 201 452 876 
 829 496 212 990 514 627 92 
 711 393 750 364 513 749 342 
 541 604 340 194 318 69 806 
 237 368 709 242 332 272 122 
 437 655 495 464 690 738 428 
 358 312 697 436 952 134 45 
 783 720 264 593 266 171 398 
 387 451 525 136 819 737 132 
 164 429 31 5 235 278 756 
 777 990 457 572 604 52 918 
 380 652 377 911 912 724 62 
 794 564 795 51 981 453 592 
 180 725 661 754 374 789 448 
 121 672 167 354 582 746 91 
 141 355 654 443 355 434 977 
 362 999 62 40 424 988 300 
 570 911 667 528 690 338 925 
 870 137 842 164 487 93 184 
 274 760 716 306 254 729 94 
 190 194 571 301 176 382 766 
 686 803 258 621 205 105 917 
 851 170 882 945 961 389 638 
 138 151 666 803 971 70 869 
 453 975 343 780 921 128 678 
 391 512 874 132 616 787 260 
 111 410 339 348 41 323 190 
 535 83 810 984 115 656 919 
 567 533 154 916 340 762 381 
 640 235 862 556 797 522 381 
 719 270 841 53 466 155 917 
 887 916 911 324 218 476 824 
 840 622 811 508 324 217 298 
 315 696 12 450 265 500 963 
 349 816 510 822 816 752 196 
 90 565 846 296 479 482 517 
 30 143 723 62 390 204 920 
 377 226 447 670 193 240 983 
 495 537 228 399 849 417 4 
 134 742 918 
 459 765 97 636 386 387 12 
 388 283 633 825 134 739 492 
 550 902 802 813 320 958 843 
 946 651 766 700 611 495 846 
 221 108 83 823 545 870 702 
 885 789 892 577 598 899 941 
 894 391 214 134 303 514 115 
 310 174 226 67 958 856 786 
 267 670 72 792 832 249 917 
 813 899 596 131 233 328 593 
 210 41 70 725 153 625 831 
 27 968 471 764 95 808 820 
 464 859 540 91 121 49 548 
 687 429 380 820 591 578 839 
 481 225 748 338 975 511 221 
 41 11 907 526 923 676 460 
 727 266 144 78 736 39 399 
 235 758 155 466 707 60 646 
 402 988 711 128 800 683 247 
 64 200 622 918 880 220 983 
 459 589 281 920 52 319 284 
 542 581 444 859 664 514 565 
 555 700 997 206 533 430 961 
 390 479 639 179 187 708 351 
 499 634 947 107 478 809 368 
 493 785 381 677 734 77 266 
 142 115 29 486 887 794 897 
 468 46 163 600 258 23 103 
 423 441 52 266 675 864 937 
 744 120 919 321 105 888 52 
 418 380 298 784 969 524 16 
 63 949 325 175 697 572 333 
 436 531 120 58 243 885 119 
 296 159 297 886 103 608 809 
 251 813 320 565 716 489 3 
 526 787 811 258 375 342 605 
 167 404 240 906 885 105 802 
 696 359 820 991 495 805 830 
 65 598 390 148 303 498 648 
 551 731 973 873 341 77 96 
 379 134 778 921 129 654 442 
 443 668 117 980 257 947 568 
 10 208 471 526 163 158 66 
 626 116 166 747 579 895 793 
 578 325 351 555 771 221 152 
 539 541 294 65 633 808 335 
 983 348 872 73 552 443 156 
 313 748 615 996 18 828 186 
 558 384 127 579 176 660 312 
 956 971 683 474 930 572 725 
 31 754 169 694 250 395 453 
 222 259 31 860 360 500 617 
 157 581 605 982 867 103 924 
 476 714 549 2 195 745 737 
 861 845 612 362 217 679 919 
 530 335 28 698 759 729 398 
 191 699 746 716 52 659 111 
 642 992 807 429 68 928 973 
 650 992 543 766 316 710 439 
 942 306 640 66 116 740 553 
 535 445 362 95 829 297 463 
 744 801 842 508 542 95 432 
 668 219 242 470 291 963 508 
 554 789 691 820 216 472 461 
 923 123 9 320 884 824 56 
 498 759 754 970 973 284 812 
 986 954 407 387 775 233 1 
 360 451 779 464 822 273 701 
 443 720 156 862 640 160 639 
 123 586 222 969 342 803 143 
 4 651 533 497 466 742 233 
 712 302 621 
 307 978 155 242 235 922 944 
 861 221 543 294 82 907 698 
 239 728 168 522 526 493 323 
 631 181 538 37 608 667 362 
 947 381 683 177 418 748 691 
 742 254 141 857 265 752 324 
 85 27 19 681 526 880 381 
 153 110 869 54 859 229 601 
 507 946 270 630 463 5 228 
 364 509 575 610 265 488 935 
 181 754 790 720 226 192 577 
 686 407 835 132 797 906 288 
 501 866 291 250 806 557 987 
 953 68 125 594 157 748 218 
 961 153 513 161 500 608 846 
 170 445 665 483 457 592 521 
 314 222 130 388 6 556 88 
 171 256 276 562 101 586 687 
 388 510 992 918 824 112 209 
 842 741 619 584 434 197 893 
 251 904 513 378 744 211 958 
 170 987 74 292 30 169 253 
 930 200 913 339 795 349 783 
 234 6 204 528 939 17 555 
 125 521 739 150 159 110 412 
 822 927 564 829 459 931 427 
 918 161 471 656 364 204 249 
 824 647 44 587 511 116 318 
 726 275 16 392 43 527 287 
 834 633 552 943 477 822 402 
 216 741 630 792 95 414 620 
 206 327 191 171 126 655 473 
 91 876 954 702 132 378 73 
 82 604 563 856 707 329 648 
 643 943 845 628 318 561 484 
 48 903 147 687 406 85 835 
 22 326 716 493 207 241 120 
 964 449 945 941 89 759 989 
 423 119 45 446 695 332 332 
 931 137 55 662 940 230 625 
 736 312 396 398 754 207 766 
 937 463 71 245 72 613 304 
 484 780 148 790 764 247 119 
 697 397 195 611 782 631 255 
 938 147 147 625 287 229 516 
 273 319 722 693 843 148 382 
 153 50 704 485 677 341 635 
 661 151 163 957 785 154 830 
 627 205 560 249 162 750 71 
 433 780 549 735 444 349 454 
 496 996 236 436 6 586 571 
 155 913 859 773 619 119 995 
 809 263 329 740 851 9 646 
 253 717 532 601 242 112 910 
 299 952 941 924 56 388 625 
 52 386 192 668 375 928 701 
 33 999 165 536 458 387 88 
 172 907 786 407 75 595 909 
 146 292 98 275 24 267 334 
 819 133 523 666 131 214 204 
 525 452 410 909 110 849 120 
 864 529 507 16 352 875 679 
 627 883 93 698 834 727 778 
 385 456 382 71 227 902 345 
 400 291 602 854 437 15 86 
 801 390 74 777 188 716 682 
 345 710 755 848 284 436 577 
 650 369 739 648 771 401 721 
 467 405 116 542 857 4 229 
 197 76 634 405 138 177 362 
 192 307 789 901 418 959 540 
 6 456 856 
 721 686 334 959 356 742 396 
 995 975 545 711 777 687 989 
 736 419 418 349 391 425 765 
 647 917 919 587 254 460 947 
 141 416 880 853 804 893 730 
 229 775 396 544 278 820 701 
 966 692 65 750 26 758 744 
 527 947 140 604 188 303 239 
 254 837 575 339 158 359 395 
 501 642 992 900 668 231 381 
 910 537 835 404 810 134 783 
 880 805 352 173 8 930 972 
 597 790 895 915 6 305 282 
 237 647 666 266 462 891 406 
 374 67 742 896 822 796 155 
 43 587 462 393 450 967 927 
 897 33 235 121 872 511 805 
 650 668 554 214 186 120 721 
 325 762 512 191 22 732 475 
 389 871 206 220 716 448 246 
 367 621 976 37 412 9 944 
 227 477 959 640 278 830 881 
 347 778 241 157 132 783 303 
 340 596 173 359 397 683 745 
 78 151 266 261 98 568 794 
 128 286 976 783 674 916 61 
 737 685 926 981 609 277 667 
 693 278 734 602 245 266 880 
 240 703 840 515 546 779 721 
 794 736 484 339 705 927 680 
 824 822 846 762 464 657 227 
 951 271 459 741 66 84 719 
 120 464 542 851 888 644 958 
 446 46 896 908 342 51 648 
 332 168 48 262 789 775 449 
 788 453 568 309 822 485 540 
 495 27 133 131 338 728 585 
 760 62 107 686 360 844 503 
 573 610 571 356 756 973 664 
 36 44 309 527 422 63 388 
 53 794 53 479 881 649 275 
 24 574 162 202 789 674 764 
 632 906 971 999 569 580 742 
 921 324 704 167 713 302 479 
 871 957 686 675 945 236 653 
 982 844 555 388 511 222 600 
 314 99 860 72 204 557 299 
 185 635 909 701 742 548 305 
 949 174 458 551 962 244 980 
 886 11 148 78 728 478 618 
 80 832 744 970 489 58 676 
 271 305 447 540 796 153 997 
 273 700 899 312 779 2 753 
 531 198 216 327 301 346 233 
 536 68 873 29 457 587 678 
 439 174 778 171 384 568 1 
 943 969 620 220 273 530 883 
 85 191 110 75 869 205 755 
 144 256 654 59 346 636 500 
 996 653 199 632 39 931 579 
 8 755 657 539 131 7 180 
 466 901 449 266 648 867 417 
 424 755 62 829 111 519 176 
 667 709 38 591 280 68 454 
 748 739 733 525 146 745 267 
 973 728 150 624 295 349 992 
 312 313 486 940 983 127 233 
 493 635 914 454 728 240 860 
 298 960 600 727 548 138 903 
 656 164 497 56 39 734 503 
 89 11 730 480 782 751 336 
 166 513 127 
 942 747 157 625 410 83 133 
 356 694 829 639 289 318 541 
 943 220 91 707 477 369 685 
 641 359 662 378 248 236 300 
 241 911 189 109 101 448 380 
 428 499 971 762 831 306 302 
 610 470 956 651 934 208 952 
 88 949 418 190 5 633 503 
 783 488 426 582 402 768 69 
 471 7 467 738 459 481 568 
 616 29 654 508 432 956 429 
 341 908 590 924 440 222 4 
 463 738 688 536 656 105 439 
 583 554 657 551 982 251 461 
 925 982 724 219 294 438 642 
 198 754 797 242 114 936 77 
 406 810 705 534 258 617 484 
 736 397 322 324 413 737 432 
 755 994 273 637 437 316 132 
 668 581 987 398 68 560 631 
 737 947 811 52 182 798 141 
 7 398 585 92 750 95 916 
 625 242 831 120 75 763 505 
 756 732 143 218 825 837 650 
 738 671 490 228 100 678 901 
 413 564 21 3 321 547 291 
 697 44 828 678 685 668 788 
 678 621 57 67 825 528 37 
 261 5 605 540 935 343 287 
 410 282 318 757 798 785 182 
 27 427 906 246 899 752 294 
 953 809 44 400 468 849 852 
 304 404 577 864 917 453 774 
 48 948 435 656 666 379 345 
 740 289 460 466 213 404 513 
 898 410 219 180 868 869 386 
 228 482 97 868 711 142 361 
 150 378 819 648 312 425 83 
 28 4 719 567 930 476 500 
 912 288 925 250 96 589 838 
 630 103 929 70 439 647 115 
 264 240 398 158 944 676 919 
 875 907 238 743 405 864 774 
 265 982 392 667 272 781 255 
 300 391 909 903 708 355 620 
 528 273 595 1000 250 299 389 
 209 495 148 504 750 385 644 
 657 281 974 321 886 434 813 
 249 923 948 16 151 968 257 
 223 703 639 766 320 274 823 
 263 169 984 578 785 337 433 
 190 986 41 425 310 112 726 
 671 742 3 260 916 953 308 
 193 364 410 634 582 286 220 
 761 366 58 226 993 180 848 
 214 423 367 547 298 870 149 
 983 512 924 800 744 850 220 
 691 334 769 646 130 873 238 
 384 972 657 449 491 410 82 
 941 998 349 129 632 387 609 
 274 316 876 187 477 623 699 
 772 764 626 563 579 317 99 
 10 227 848 139 571 897 400 
 159 573 324 337 431 894 482 
 757 416 509 375 6 362 817 
 149 219 785 221 42 27 420 
 625 603 907 152 175 780 832 
 201 66 301 323 37 887 572 
 423 633 944 669 115 935 44 
 177 904 263 928 465 746 161 
 4 137 902 219 341 189 831 
 223 950 677 
 209 449 926 872 154 252 112 
 209 244 882 597 900 507 877 
 585 279 502 936 551 313 744 
 692 822 411 60 940 833 432 
 274 392 175 398 363 538 783 
 274 614 291 657 421 8 146 
 108 680 998 177 916 377 642 
 311 143 843 663 181 716 343 
 549 674 331 476 338 220 650 
 783 55 61 452 147 574 194 
 657 447 764 866 919 490 266 
 627 388 455 467 412 112 184 
 102 369 221 4 649 138 715 
 905 585 891 438 264 347 777 
 862 338 362 250 50 190 631 
 345 580 784 985 732 82 624 
 194 198 906 440 349 858 906 
 291 552 990 443 278 30 68 
 635 632 145 79 589 209 994 
 66 266 843 32 824 291 227 
 514 83 806 126 877 29 692 
 923 916 264 67 997 451 54 
 689 133 377 735 603 273 120 
 62 552 558 710 35 1 495 
 234 710 366 995 133 288 703 
 24 646 970 982 457 236 754 
 32 736 144 321 205 748 786 
 893 428 929 321 223 857 699 
 671 564 449 56 802 812 763 
 704 883 276 342 973 164 180 
 634 306 963 512 624 485 969 
 183 625 381 338 93 463 706 
 330 457 181 150 492 149 64 
 567 377 873 322 714 418 223 
 91 991 935 60 222 14 443 
 275 932 581 637 201 227 726 
 567 440 324 298 573 596 159 
 641 477 535 567 892 672 270 
 765 129 388 856 581 452 303 
 873 363 29 171 330 539 182 
 396 334 939 760 467 285 658 
 227 776 105 229 410 618 250 
 405 256 238 545 690 492 896 
 455 709 325 916 51 392 79 
 403 214 527 345 31 15 803 
 132 485 837 74 443 509 919 
 784 906 131 141 827 777 931 
 717 578 93 430 85 563 707 
 959 731 454 867 780 318 542 
 414 237 3 505 768 221 14 
 212 883 876 71 559 553 153 
 840 809 328 911 128 324 195 
 238 361 334 748 759 145 877 
 539 700 515 424 397 173 530 
 78 269 268 827 743 451 355 
 296 404 751 42 996 359 748 
 178 362 401 805 489 148 640 
 497 411 764 333 982 717 228 
 47 126 145 229 505 515 368 
 66 300 339 195 731 116 644 
 544 576 444 631 805 100 465 
 373 806 397 663 58 318 156 
 677 827 70 201 545 792 761 
 900 579 826 259 539 315 332 
 485 447 306 584 162 797 369 
 1000 935 493 284 857 732 308 
 547 431 21 594 342 916 223 
 427 550 413 931 510 276 498 
 828 375 179 339 152 148 764 
 899 320 194 629 399 248 325 
 737 427 269 170 5 208 297 
 517 176 831 
 329 449 728 900 640 659 684 
 339 187 485 853 635 892 475 
 627 893 131 855 985 571 800 
 549 889 457 873 982 173 37 
 67 998 138 597 226 364 469 
 221 481 652 770 597 369 30 
 257 315 777 467 215 614 161 
 349 229 14 183 285 379 604 
 454 369 291 998 18 812 373 
 519 212 51 662 239 45 192 
 919 31 396 257 110 603 416 
 101 191 86 436 868 417 119 
 294 820 32 965 78 435 22 
 690 446 599 833 571 502 175 
 762 644 68 383 91 307 446 
 198 325 315 256 752 332 772 
 899 315 100 173 404 842 248 
 842 800 602 831 611 183 704 
 653 474 768 183 186 714 55 
 267 429 904 150 134 382 90 
 48 197 366 650 951 682 559 
 985 552 744 379 820 596 80 
 446 616 902 638 82 228 674 
 75 382 858 116 281 422 741 
 60 432 25 234 619 147 597 
 903 678 978 106 260 853 13 
 584 155 898 93 554 384 113 
 314 248 969 501 636 758 77 
 669 35 742 948 256 477 189 
 570 398 715 208 226 393 994 
 852 60 792 610 976 615 826 
 184 180 957 866 276 462 881 
 519 433 289 729 665 304 868 
 395 667 436 611 585 818 180 
 567 988 329 842 334 274 858 
 894 243 176 189 681 540 501 
 280 538 78 820 458 819 912 
 231 432 33 233 932 211 30 
 58 361 456 758 388 70 173 
 115 656 150 916 625 257 558 
 249 929 881 474 316 750 165 
 690 965 466 130 431 602 797 
 613 381 266 762 28 568 887 
 530 261 326 533 29 418 297 
 597 732 233 456 960 824 948 
 762 4 960 374 530 376 60 
 641 465 343 877 199 543 359 
 921 511 471 63 47 427 589 
 10 279 483 681 909 311 35 
 8 265 812 517 542 913 687 
 999 198 252 307 939 61 200 
 952 760 194 778 346 531 694 
 240 494 5 132 586 345 676 
 95 628 392 409 629 957 128 
 860 119 220 779 753 453 839 
 999 248 379 252 103 16 854 
 196 661 610 454 978 454 997 
 273 7 28 156 458 906 874 
 977 174 122 17 744 155 172 
 93 692 566 307 175 594 331 
 651 113 263 483 275 507 530 
 861 446 448 281 237 168 143 
 276 516 896 354 244 477 466 
 49 434 139 785 581 751 787 
 47 195 191 261 621 630 212 
 785 65 843 571 316 810 931 
 617 760 421 827 420 908 893 
 835 361 112 452 808 761 687 
 220 361 515 338 139 436 591 
 569 458 239 688 440 373 414 
 47 115 384 223 415 554 342 
 463 236 562 
 961 250 362 401 696 429 751 
 7 403 259 215 421 584 825 
 540 14 531 691 162 640 927 
 747 996 146 783 581 960 74 
 891 755 635 302 772 401 157 
 334 38 832 225 899 336 499 
 197 442 140 307 580 718 47 
 907 755 481 911 155 491 121 
 160 196 655 450 21 192 490 
 311 766 560 770 416 470 490 
 738 290 626 936 915 322 185 
 913 752 392 982 206 931 107 
 662 733 331 415 505 893 315 
 321 371 278 8 599 528 629 
 642 896 977 890 872 934 417 
 131 777 653 854 924 823 107 
 920 845 802 333 507 129 885 
 158 652 431 99 71 269 67 
 591 532 872 915 557 692 230 
 73 940 174 925 275 233 76 
 667 403 130 297 285 711 359 
 489 230 544 945 445 968 203 
 583 291 499 938 437 840 528 
 656 483 5 53 630 822 18 
 207 264 449 901 904 735 969 
 216 270 628 11 878 999 425 
 871 891 661 72 457 783 533 
 512 706 73 223 28 731 243 
 30 402 821 993 389 859 170 
 185 998 318 900 249 673 821 
 510 243 974 309 518 242 779 
 999 55 857 764 200 360 680 
 526 839 494 790 897 316 810 
 525 369 523 555 728 835 107 
 746 605 600 450 255 74 3 
 979 7 832 138 415 826 35 
 343 263 853 165 611 298 380 
 238 847 316 157 396 954 121 
 109 1 761 836 364 618 994 
 73 759 137 391 772 417 127 
 163 384 633 43 38 911 906 
 929 424 549 108 922 759 131 
 494 984 416 916 520 526 39 
 793 337 985 335 421 718 337 
 593 343 165 413 349 371 685 
 354 377 208 734 194 748 439 
 512 156 737 272 412 487 940 
 876 52 262 926 515 747 458 
 712 619 636 626 825 829 859 
 340 496 311 606 953 808 1 
 818 777 439 144 605 763 37 
 572 72 2 476 602 152 609 
 60 625 472 685 747 733 968 
 629 919 685 139 914 244 237 
 132 494 468 154 134 622 425 
 81 750 703 139 878 129 449 
 586 94 381 782 307 763 352 
 138 674 227 515 248 236 687 
 908 968 769 884 646 378 947 
 316 922 265 706 761 185 751 
 212 823 200 341 829 55 410 
 903 753 354 797 417 260 732 
 492 596 286 860 335 462 88 
 157 645 981 295 686 453 65 
 587 705 567 125 878 822 237 
 84 677 821 328 834 640 142 
 637 178 345 280 692 457 503 
 11 316 484 824 591 272 423 
 711 785 960 48 979 992 895 
 15 451 379 384 143 370 665 
 103 417 431 350 808 740 378 
 608 859 199 
 78 269 11 642 832 426 321 
 800 620 612 242 525 562 175 
 819 591 162 247 48 342 453 
 490 815 2 511 290 440 481 
 573 83 545 558 355 777 379 
 976 883 535 158 880 436 487 
 292 704 392 973 632 995 235 
 194 206 864 77 673 423 847 
 718 59 923 136 524 474 21 
 85 366 232 340 582 510 957 
 871 246 425 283 670 848 525 
 506 513 348 47 74 257 23 
 465 453 304 254 350 768 682 
 800 822 252 368 238 368 113 
 848 916 90 437 590 620 377 
 888 664 119 930 527 748 514 
 196 994 939 186 148 6 946 
 968 158 617 636 931 971 522 
 313 984 536 684 349 561 304 
 46 393 769 238 740 57 267 
 805 28 506 566 740 911 178 
 81 955 141 948 477 278 519 
 970 807 708 555 770 267 37 
 762 556 927 671 633 472 900 
 408 66 898 638 960 95 371 
 318 118 732 702 563 559 369 
 96 709 374 242 596 70 143 
 327 457 774 658 947 676 13 
 247 605 133 967 741 103 35 
 166 810 523 38 27 298 214 
 969 82 705 603 747 872 263 
 801 226 486 926 679 278 635 
 708 621 951 946 464 611 94 
 128 15 949 507 916 772 965 
 84 461 865 903 233 909 208 
 923 448 846 679 300 299 880 
 544 619 19 952 884 955 114 
 448 523 162 420 521 228 412 
 155 776 868 319 965 364 161 
 359 710 211 188 807 85 791 
 352 324 520 740 325 858 574 
 342 107 666 400 829 230 706 
 358 24 70 387 315 995 196 
 809 784 687 452 692 650 213 
 373 673 195 307 929 776 392 
 842 365 972 720 630 984 492 
 303 531 163 628 733 494 916 
 787 587 179 923 666 294 128 
 689 33 331 36 491 569 193 
 738 283 345 845 90 368 241 
 880 846 579 257 352 48 809 
 175 553 996 831 74 834 297 
 521 450 55 822 512 596 226 
 854 183 478 144 635 436 270 
 373 516 111 347 127 303 644 
 32 35 541 120 300 170 104 
 333 499 649 141 534 194 115 
 185 785 845 374 740 320 320 
 992 296 638 808 736 440 673 
 367 877 217 619 673 639 226 
 192 586 351 67 632 92 655 
 631 346 561 561 840 293 28 
 312 590 150 880 257 992 823 
 766 656 846 206 87 193 84 
 401 357 949 911 658 90 209 
 645 159 437 973 278 646 384 
 434 853 43 482 304 892 993 
 646 946 202 617 504 651 542 
 934 387 557 376 573 275 245 
 532 989 195 272 342 498 134 
 755 188 425 430 349 798 194 
 791 646 30 
 937 736 108 920 868 631 737 
 696 153 385 22 5 175 172 
 838 385 729 525 947 102 689 
 104 881 56 51 100 107 997 
 900 90 665 444 447 208 207 
 808 574 842 428 300 1000 300 
 831 627 167 575 769 358 958 
 569 987 613 765 283 494 474 
 660 497 84 440 465 531 882 
 934 289 54 354 579 728 850 
 498 241 146 585 566 874 501 
 29 342 163 596 518 327 771 
 140 390 771 857 460 589 376 
 400 183 587 617 428 305 129 
 774 850 707 382 988 233 103 
 27 228 890 514 165 893 408 
 172 197 785 983 456 233 616 
 447 500 49 350 589 504 745 
 221 446 870 458 571 515 414 
 255 201 578 455 647 161 490 
 532 631 485 757 212 365 751 
 99 40 333 196 146 666 716 
 95 232 331 582 775 332 969 
 304 264 911 369 532 938 478 
 90 567 124 4 805 324 215 
 769 390 183 802 478 908 65 
 712 148 616 295 43 223 792 
 385 87 789 424 491 718 886 
 84 597 263 419 968 147 990 
 199 804 996 442 830 609 746 
 393 687 69 54 324 307 381 
 961 273 739 167 299 764 419 
 61 316 213 496 760 619 968 
 786 658 842 47 122 690 413 
 719 683 453 15 861 504 145 
 475 759 1000 994 523 978 164 
 728 947 679 876 846 242 604 
 5 284 246 412 324 495 812 
 926 494 773 362 702 663 971 
 653 886 447 290 57 706 803 
 397 956 998 857 900 809 432 
 410 517 366 469 189 463 516 
 148 831 423 850 140 548 359 
 176 239 467 353 260 331 781 
 271 311 885 813 768 404 820 
 388 561 614 886 931 650 487 
 189 32 867 416 295 4 922 
 451 385 258 671 745 209 152 
 97 301 942 979 616 765 743 
 20 658 180 45 836 817 873 
 938 873 659 269 799 493 448 
 551 167 131 81 744 932 505 
 925 741 989 364 466 407 36 
 719 773 500 297 241 923 996 
 385 721 691 883 980 98 498 
 849 745 510 380 475 410 556 
 290 792 471 218 953 619 219 
 112 636 683 888 962 647 148 
 987 420 723 499 736 74 896 
 27 364 991 957 227 588 994 
 297 132 632 287 247 59 799 
 763 115 619 802 229 16 328 
 112 340 293 123 357 93 826 
 737 337 137 366 938 545 600 
 134 338 1000 832 981 409 939 
 924 487 178 135 253 156 766 
 907 673 388 479 973 229 758 
 628 374 388 537 159 845 125 
 959 31 636 565 964 286 68 
 658 210 50 465 123 386 181 
 37 8 43 172 662 997 610 
 975 615 749 
 781 644 807 792 999 916 491 
 229 218 43 84 118 456 344 
 761 310 448 816 842 435 321 
 803 714 92 663 891 762 881 
 305 984 293 228 783 709 919 
 155 428 24 460 618 679 957 
 66 315 152 415 390 606 309 
 483 736 238 578 644 21 313 
 667 373 632 61 473 683 680 
 970 645 143 239 148 576 204 
 512 437 262 845 486 108 974 
 108 221 104 402 913 537 35 
 447 241 160 382 548 546 960 
 400 418 111 560 23 400 281 
 791 570 803 576 823 572 879 
 796 816 273 609 430 324 573 
 256 988 670 921 55 65 281 
 597 99 889 697 356 981 477 
 364 642 607 547 631 583 774 
 427 448 120 363 145 487 714 
 585 21 187 525 622 604 286 
 586 138 220 576 621 729 435 
 293 744 144 388 637 829 674 
 846 310 401 991 445 324 153 
 769 853 964 390 270 762 948 
 913 172 208 570 308 664 747 
 191 165 69 462 689 740 125 
 157 571 23 769 937 109 370 
 496 255 499 488 305 591 207 
 927 569 92 621 199 35 569 
 202 265 282 86 148 151 207 
 341 632 343 283 727 237 943 
 516 829 876 960 168 880 668 
 147 171 119 207 4 224 228 
 567 592 25 470 894 687 639 
 76 47 705 919 686 592 683 
 747 979 588 751 924 545 650 
 468 728 745 176 131 719 214 
 149 892 53 714 561 204 648 
 711 85 167 686 261 210 469 
 670 201 538 478 251 424 456 
 581 992 198 273 783 430 209 
 247 183 526 436 321 529 175 
 28 28 962 863 413 480 657 
 522 818 995 521 379 838 470 
 42 837 510 553 315 639 915 
 846 151 604 568 448 257 87 
 896 434 369 782 356 736 700 
 854 247 279 238 8 858 714 
 455 421 103 883 45 615 622 
 6 807 12 376 204 949 417 
 215 532 280 890 258 770 533 
 675 746 101 761 189 366 249 
 276 81 126 793 69 326 281 
 538 520 3 775 288 890 940 
 510 441 609 877 14 595 692 
 575 203 566 198 188 181 186 
 465 428 9 583 572 518 837 
 766 604 846 214 458 92 25 
 386 518 836 408 101 918 459 
 992 227 381 372 238 194 97 
 202 731 45 168 339 52 968 
 40 678 398 536 818 116 955 
 757 165 975 239 342 697 197 
 161 411 26 883 146 289 281 
 178 664 16 897 674 15 427 
 870 425 764 516 878 345 641 
 6 548 797 15 87 673 514 
 46 860 937 733 862 26 118 
 161 796 29 799 709 859 468 
 231 870 360 279 229 433 188 
 781 311 383 
 935 663 133 119 608 396 30 
 877 151 931 534 644 95 314 
 346 164 701 682 321 540 753 
 366 930 638 159 487 829 357 
 404 370 892 191 880 860 165 
 762 312 426 550 360 329 107 
 127 178 900 426 590 822 925 
 181 645 456 961 383 252 954 
 570 109 902 395 180 211 132 
 529 541 812 348 382 550 708 
 503 315 964 645 5 487 310 
 299 993 726 140 632 148 986 
 91 671 787 618 131 601 23 
 957 741 785 808 516 893 208 
 801 611 43 783 730 758 209 
 504 800 3 739 188 732 523 
 554 235 158 864 136 700 87 
 790 913 122 953 193 997 587 
 960 866 447 367 757 824 125 
 53 30 529 54 973 95 366 
 61 829 711 759 984 660 810 
 107 78 193 970 989 60 929 
 28 1000 550 129 355 417 254 
 10 560 607 126 862 4 291 
 565 347 819 423 139 47 865 
 264 12 750 193 867 55 723 
 281 561 324 517 999 946 455 
 781 98 67 967 328 969 519 
 293 177 980 838 645 19 12 
 768 989 449 859 304 832 975 
 739 112 194 116 599 977 993 
 710 267 647 225 156 949 606 
 315 377 393 863 330 446 782 
 321 966 316 897 735 84 428 
 389 661 707 511 759 482 543 
 212 531 68 428 341 576 623 
 522 888 4 883 99 382 48 
 385 165 206 33 483 344 735 
 275 870 814 391 414 784 206 
 630 214 361 607 170 180 492 
 60 337 318 442 772 928 86 
 643 654 734 869 107 111 240 
 86 662 595 939 362 155 333 
 67 855 946 967 845 944 341 
 808 470 146 31 393 795 764 
 576 550 781 516 220 156 762 
 369 495 702 885 788 552 144 
 992 22 392 176 967 968 9 
 472 300 668 526 796 305 63 
 527 771 282 603 545 120 966 
 646 775 389 194 708 755 468 
 796 557 210 486 127 230 515 
 335 619 432 734 736 538 755 
 996 138 491 289 482 306 230 
 866 541 738 556 555 828 906 
 156 693 536 784 109 231 517 
 653 743 75 973 27 872 264 
 401 383 271 917 503 394 786 
 753 457 255 472 234 267 44 
 870 892 795 329 946 245 998 
 322 49 218 247 53 177 60 
 726 154 357 672 490 573 916 
 49 310 276 345 806 373 641 
 544 499 637 903 85 728 612 
 892 796 932 278 371 856 192 
 233 862 860 570 407 774 955 
 664 769 306 984 625 195 185 
 29 369 276 560 381 101 770 
 170 624 473 415 362 337 434 
 486 977 552 15 435 97 233 
 101 390 702 401 975 598 655 
 228 298 604 
 512 24 858 271 180 87 895 
 297 549 695 725 92 115 601 
 846 943 574 252 119 405 612 
 63 565 796 906 144 374 1000 
 763 495 607 731 800 530 185 
 126 45 399 314 828 272 59 
 653 963 296 557 609 713 585 
 777 666 55 801 590 449 952 
 42 255 892 57 78 106 662 
 510 51 834 757 129 932 524 
 438 177 723 795 616 403 655 
 340 578 67 122 42 614 889 
 663 687 426 164 758 287 291 
 440 120 244 760 319 721 240 
 783 232 991 303 530 369 511 
 696 311 918 18 719 722 791 
 450 740 883 771 967 929 816 
 711 855 343 592 948 481 29 
 845 44 952 533 430 747 680 
 207 663 709 162 177 858 834 
 744 397 657 340 591 353 659 
 157 855 989 746 385 356 79 
 854 975 362 750 668 782 346 
 888 668 273 294 180 325 939 
 430 367 944 841 801 15 111 
 450 723 913 388 863 241 10 
 297 649 205 168 627 271 729 
 863 702 373 422 194 959 308 
 666 567 419 780 450 17 754 
 985 461 76 227 64 245 699 
 319 64 180 537 893 481 802 
 833 192 182 624 222 995 97 
 924 426 495 939 466 575 658 
 696 887 823 968 444 69 788 
 726 336 709 79 123 994 960 
 513 373 832 3 851 397 642 
 462 853 242 746 284 41 502 
 381 672 653 706 127 787 106 
 530 912 40 992 48 928 659 
 438 810 315 245 51 923 93 
 353 13 281 716 428 948 788 
 88 622 350 466 908 635 113 
 338 953 424 666 647 286 861 
 232 672 946 560 943 114 445 
 3 966 140 938 83 432 454 
 61 776 98 89 99 979 913 
 140 918 707 433 443 566 757 
 621 256 750 558 683 263 236 
 562 83 499 998 43 170 739 
 477 113 699 481 387 604 600 
 480 731 153 843 235 173 80 
 31 557 334 202 878 93 617 
 299 457 365 623 811 825 230 
 880 940 280 78 799 587 262 
 733 607 847 381 946 680 330 
 267 32 487 554 723 96 600 
 95 354 621 21 250 298 402 
 908 834 225 835 353 414 847 
 630 504 337 586 536 385 441 
 1 119 618 685 402 539 573 
 698 492 123 918 228 60 569 
 227 957 888 677 633 383 124 
 34 810 953 520 282 865 348 
 150 251 281 234 261 974 424 
 779 711 259 503 687 954 47 
 583 618 481 696 91 963 840 
 375 783 667 146 650 235 117 
 418 268 200 362 755 501 215 
 306 824 368 956 698 211 730 
 406 1000 966 227 866 664 195 
 492 597 956 636 559 86 812 
 930 164 437 
 75 62 466 966 45 216 943 
 699 882 523 109 812 916 701 
 749 304 424 712 833 249 526 
 794 939 16 160 228 174 246 
 172 204 160 582 762 139 172 
 435 212 902 425 836 953 357 
 813 570 592 533 79 46 116 
 614 447 954 284 652 590 286 
 103 662 812 479 18 177 413 
 503 722 969 491 783 208 964 
 595 92 351 263 511 780 646 
 844 46 72 237 194 533 183 
 938 700 188 166 922 461 713 
 905 846 144 964 784 571 577 
 247 233 759 338 364 290 980 
 808 348 204 382 786 707 717 
 324 676 973 110 713 647 278 
 7 287 542 692 924 304 417 
 653 672 461 386 72 915 51 
 281 373 845 584 728 884 576 
 328 830 614 375 448 683 453 
 120 287 760 132 59 480 460 
 750 143 265 93 48 9 384 
 221 781 468 722 297 62 999 
 676 696 22 913 933 232 350 
 797 521 776 613 109 494 316 
 285 856 548 468 230 916 56 
 588 444 994 941 609 71 276 
 102 209 830 654 142 783 851 
 135 636 33 996 631 991 914 
 439 182 925 381 74 832 916 
 224 430 570 925 565 706 651 
 731 943 214 162 975 857 878 
 772 640 462 802 674 29 288 
 128 580 451 689 561 649 789 
 107 795 9 542 552 684 104 
 576 8 425 131 730 550 434 
 464 811 866 134 671 201 908 
 421 706 160 141 121 942 723 
 934 260 567 52 893 240 773 
 228 675 280 568 401 918 690 
 412 450 927 298 956 772 179 
 789 264 626 930 434 847 765 
 985 544 908 777 808 159 736 
 604 155 768 330 309 753 852 
 448 784 846 621 596 244 505 
 22 160 472 524 68 360 89 
 735 681 689 573 764 301 725 
 580 176 531 164 20 166 700 
 17 729 579 678 978 958 897 
 66 381 766 812 704 338 217 
 878 923 53 536 235 884 104 
 695 973 487 770 244 605 64 
 66 332 445 388 762 504 880 
 455 828 450 190 672 821 514 
 617 318 195 766 305 569 568 
 981 743 641 636 467 124 463 
 548 650 991 21 172 28 529 
 911 85 419 321 686 951 940 
 397 816 797 55 551 721 948 
 568 884 719 25 819 971 201 
 573 913 282 157 849 516 471 
 852 417 748 809 382 634 632 
 661 60 739 28 207 138 318 
 493 183 417 19 757 247 653 
 64 207 566 155 178 513 62 
 689 594 868 45 347 712 661 
 157 176 113 609 668 145 328 
 539 396 541 982 541 248 21 
 809 927 43 75 757 146 808 
 280 693 436 328 978 599 337 
 184 482 715 
 782 998 167 890 885 439 388 
 62 519 219 658 750 213 883 
 30 462 125 239 256 464 709 
 914 464 332 304 266 905 200 
 91 688 42 521 887 308 721 
 621 300 542 119 29 402 252 
 921 174 831 623 355 562 551 
 52 197 905 503 267 707 57 
 663 377 149 397 371 598 995 
 969 672 614 471 626 535 408 
 543 525 843 392 257 166 90 
 476 22 205 397 17 929 463 
 511 419 424 266 280 879 655 
 782 255 585 189 412 289 692 
 848 512 572 941 983 358 722 
 14 323 230 686 547 165 695 
 544 454 214 44 256 323 144 
 873 843 75 327 539 129 722 
 351 643 579 639 709 785 469 
 910 941 8 71 46 575 462 
 923 643 104 79 790 236 74 
 214 95 331 274 996 265 822 
 869 676 448 552 322 428 837 
 334 14 540 121 18 498 235 
 611 506 196 86 178 973 737 
 615 161 251 565 831 925 498 
 640 500 608 223 248 97 740 
 715 358 744 278 442 146 464 
 496 137 686 6 821 887 404 
 917 129 912 374 534 600 170 
 240 413 251 512 640 689 698 
 703 393 298 605 556 826 615 
 113 410 291 838 330 540 344 
 499 564 7 908 133 66 5 
 207 811 507 985 147 74 112 
 230 626 379 974 469 32 366 
 716 818 975 201 931 6 894 
 839 504 203 729 633 931 465 
 919 965 44 195 310 632 739 
 705 598 980 924 443 760 594 
 636 746 620 983 815 646 933 
 478 317 479 134 465 896 429 
 745 303 159 878 139 308 959 
 363 633 923 70 889 169 429 
 335 576 152 102 573 77 414 
 955 720 887 244 558 776 164 
 985 773 532 530 407 383 17 
 949 609 116 780 788 9 822 
 270 345 699 843 906 988 490 
 879 55 790 630 916 550 790 
 795 369 35 182 616 20 667 
 683 380 719 890 863 257 699 
 81 918 917 975 258 506 756 
 471 964 207 648 645 652 230 
 284 624 497 466 123 743 510 
 668 531 980 470 999 440 368 
 153 659 882 266 440 602 950 
 704 642 748 942 153 676 394 
 72 328 11 60 119 665 362 
 268 411 256 1 79 193 790 
 875 223 10 667 102 858 477 
 314 40 623 348 839 254 302 
 119 89 516 413 395 599 844 
 193 143 981 711 179 188 763 
 605 886 331 250 892 34 628 
 854 489 299 529 233 905 934 
 463 189 383 648 880 375 260 
 526 360 572 711 628 862 645 
 954 815 398 26 800 346 937 
 680 599 281 11 218 522 838 
 864 240 596 350 830 538 467 
 587 616 627 
 826 168 592 406 165 614 578 
 553 106 265 97 548 756 34 
 498 296 918 979 458 951 330 
 652 960 911 511 160 794 878 
 940 702 680 125 368 632 363 
 164 445 718 324 961 183 480 
 756 112 864 774 535 441 305 
 544 679 293 496 932 402 182 
 588 51 650 945 385 594 992 
 973 180 224 289 424 246 293 
 628 717 577 117 960 408 204 
 711 64 981 590 793 267 388 
 828 423 197 581 138 111 272 
 683 611 182 896 634 560 576 
 169 968 186 938 49 29 217 
 463 637 402 312 772 828 211 
 607 245 157 196 518 884 922 
 228 9 597 482 316 112 402 
 839 702 180 791 916 93 105 
 109 644 697 638 975 434 503 
 877 438 140 482 562 821 471 
 812 750 164 881 139 353 932 
 144 972 842 207 694 288 14 
 838 785 536 761 743 964 417 
 911 812 40 864 578 668 504 
 276 201 72 207 614 165 590 
 641 386 699 941 76 58 904 
 173 133 703 111 155 754 775 
 372 863 363 405 951 999 95 
 611 15 279 991 896 875 255 
 941 953 553 810 803 401 342 
 151 972 424 162 818 859 317 
 56 49 837 267 841 974 151 
 308 971 495 582 849 12 102 
 403 773 705 25 971 621 932 
 25 159 975 417 955 640 661 
 632 753 1 320 808 758 234 
 676 528 435 672 64 260 428 
 134 658 545 985 33 164 417 
 438 631 689 5 682 605 494 
 134 448 770 336 18 135 559 
 569 863 922 27 178 249 854 
 768 272 715 327 31 326 582 
 865 212 454 813 255 209 135 
 933 318 692 468 773 359 928 
 763 17 607 420 209 789 885 
 174 389 508 392 309 587 231 
 655 128 421 476 926 994 385 
 996 99 107 981 26 716 309 
 467 916 351 99 692 475 662 
 577 278 995 856 747 669 962 
 225 895 259 80 741 2 183 
 106 903 236 990 142 531 603 
 460 358 981 71 721 221 488 
 378 388 698 814 982 409 192 
 979 236 354 25 848 160 430 
 838 152 269 596 968 316 290 
 733 499 278 89 245 152 464 
 92 984 718 771 206 556 678 
 823 618 58 163 565 471 524 
 267 541 462 837 921 320 497 
 619 318 6 467 134 388 5 
 375 286 88 606 514 438 905 
 831 743 410 397 536 430 345 
 998 94 469 698 479 369 962 
 505 514 846 365 190 797 524 
 416 73 199 471 147 208 302 
 862 977 324 958 237 189 607 
 224 353 930 910 393 447 589 
 142 374 411 779 424 176 498 
 666 988 35 814 209 22 166 
 677 974 147 
 850 240 619 242 51 724 695 
 83 752 387 358 825 346 903 
 72 95 118 836 66 571 3 
 979 607 900 586 533 253 349 
 288 254 767 983 13 229 838 
 384 970 429 758 446 260 141 
 217 450 163 215 806 540 337 
 59 7 586 931 857 510 792 
 225 657 917 942 941 234 623 
 268 990 708 834 71 265 423 
 522 48 484 63 276 273 218 
 462 559 671 342 48 514 469 
 200 405 573 502 880 712 833 
 121 270 586 750 66 437 502 
 233 213 634 642 10 753 616 
 459 262 141 497 733 746 886 
 133 556 994 44 891 62 644 
 616 471 709 896 29 793 677 
 236 417 466 290 761 314 540 
 495 895 329 233 646 241 728 
 520 443 896 866 166 887 888 
 727 386 669 685 924 839 510 
 35 636 568 44 48 569 877 
 233 571 472 520 253 192 592 
 437 962 235 601 109 248 416 
 196 817 359 132 830 375 465 
 70 195 511 227 370 37 954 
 390 571 282 159 346 614 142 
 716 429 335 798 486 62 532 
 383 465 669 363 506 687 383 
 693 721 921 626 287 942 703 
 60 356 687 687 588 533 523 
 254 357 339 676 810 94 634 
 178 323 387 918 828 325 393 
 905 869 831 612 268 895 856 
 497 938 883 391 922 411 868 
 271 909 309 702 28 619 226 
 946 553 561 514 478 348 161 
 207 278 960 45 626 333 457 
 721 817 442 853 53 805 715 
 399 581 212 986 51 561 388 
 506 336 195 482 487 769 541 
 46 344 186 390 479 438 786 
 880 221 690 997 467 563 808 
 887 207 248 646 848 820 706 
 42 209 385 674 62 186 238 
 581 661 890 147 951 474 843 
 636 544 837 987 627 499 172 
 571 396 995 35 541 806 45 
 324 704 207 331 629 467 925 
 182 779 811 684 257 954 348 
 658 61 2 321 475 240 897 
 356 341 452 291 756 68 97 
 753 937 563 618 605 697 95 
 328 697 616 588 345 970 362 
 715 510 912 720 522 319 578 
 539 802 135 99 684 87 416 
 999 815 593 348 724 35 661 
 968 392 242 387 129 559 289 
 254 403 457 214 373 69 973 
 581 588 855 752 409 297 831 
 819 674 24 374 224 932 870 
 261 298 97 149 46 495 675 
 540 733 119 188 667 315 809 
 897 410 462 402 651 639 906 
 893 227 889 190 257 800 16 
 422 869 51 576 612 420 461 
 242 150 233 557 257 869 873 
 91 509 618 803 699 201 945 
 592 650 628 827 41 514 594 
 573 973 606 792 74 352 500 
 946 672 395 
 533 860 685 901 366 563 761 
 677 308 625 496 421 522 834 
 805 989 906 138 616 980 245 
 442 835 351 706 551 184 528 
 64 993 443 117 563 556 246 
 5 40 33 664 747 761 265 
 781 160 800 486 291 706 588 
 922 922 934 316 20 865 439 
 790 358 793 996 981 519 723 
 75 102 49 767 560 202 491 
 99 659 674 380 416 724 347 
 348 987 143 630 203 737 175 
 847 693 47 805 384 748 516 
 566 949 876 808 421 775 996 
 601 253 700 82 546 44 341 
 19 226 25 205 397 900 596 
 578 301 236 879 878 615 261 
 448 322 122 155 20 351 199 
 723 827 508 916 444 821 303 
 965 52 432 364 934 450 255 
 333 696 840 185 279 473 940 
 502 137 954 186 426 740 815 
 852 423 259 640 828 93 839 
 802 407 905 465 621 394 710 
 717 811 673 45 684 22 644 
 926 422 142 249 708 113 965 
 695 386 380 563 399 976 434 
 440 139 915 71 509 947 423 
 868 545 844 53 378 205 127 
 237 592 6 347 122 229 133 
 746 601 141 920 460 871 523 
 39 469 693 90 318 7 44 
 884 598 704 736 111 786 473 
 303 698 369 692 950 155 528 
 315 743 766 973 824 100 317 
 876 184 483 522 546 614 263 
 901 83 745 58 262 28 429 
 716 482 407 315 122 798 961 
 591 207 852 789 109 44 704 
 823 59 495 193 672 764 948 
 336 93 802 350 226 558 465 
 732 958 159 219 675 493 792 
 663 303 172 37 233 850 155 
 237 320 176 947 242 906 889 
 705 469 896 587 693 551 576 
 130 345 352 6 825 866 56 
 122 669 113 574 616 695 854 
 588 370 853 224 406 805 653 
 311 495 934 57 550 674 539 
 81 697 265 897 987 531 624 
 705 299 188 878 762 498 692 
 241 996 272 179 774 401 242 
 372 83 684 41 612 477 359 
 520 807 16 150 700 453 210 
 373 513 206 86 698 400 891 
 258 410 402 576 991 124 139 
 859 620 607 479 901 601 805 
 806 275 252 277 543 316 238 
 681 77 207 530 955 44 20 
 699 848 506 319 227 755 133 
 564 115 584 688 374 389 380 
 6 573 618 47 466 563 821 
 895 828 69 404 347 436 745 
 770 245 660 308 742 284 583 
 121 217 60 883 608 682 991 
 975 812 442 64 5 531 270 
 555 207 740 815 606 824 746 
 827 629 361 154 642 256 880 
 326 48 630 960 15 365 774 
 356 885 550 458 880 30 610 
 274 869 911 780 969 267 214 
 571 377 491 
 20 139 271 28 131 561 583 
 970 90 928 542 325 795 903 
 689 463 25 591 825 875 795 
 589 883 502 306 388 424 247 
 161 56 361 694 713 754 281 
 973 138 575 232 705 465 319 
 939 191 788 766 13 862 582 
 996 499 792 571 780 34 480 
 458 887 321 339 134 407 286 
 343 875 875 626 324 785 365 
 92 996 610 868 702 196 466 
 594 65 647 563 741 313 55 
 270 447 824 891 337 84 92 
 95 916 927 296 23 705 483 
 75 337 678 82 930 340 68 
 544 742 573 533 356 46 428 
 664 587 203 984 268 93 229 
 799 598 108 896 195 971 88 
 182 830 163 116 659 323 35 
 278 396 138 841 633 773 378 
 838 491 804 251 38 78 296 
 955 854 550 569 244 353 870 
 926 143 995 531 849 67 594 
 326 140 492 375 138 15 764 
 385 906 697 331 764 608 298 
 445 523 540 985 703 547 891 
 579 474 403 531 102 35 292 
 295 81 784 565 752 76 643 
 59 782 734 644 842 449 218 
 439 767 946 905 779 417 855 
 694 326 243 283 108 481 466 
 106 376 327 470 357 541 468 
 99 746 219 399 749 265 71 
 336 814 902 537 608 607 913 
 113 763 703 455 342 510 142 
 366 419 232 256 323 195 602 
 746 556 310 887 910 285 891 
 514 183 507 731 681 820 154 
 350 333 420 622 521 582 53 
 787 115 305 284 181 354 673 
 404 535 272 502 871 973 44 
 480 630 824 906 330 168 901 
 762 727 604 180 617 165 342 
 280 146 236 827 84 922 117 
 14 632 703 954 462 806 350 
 330 901 551 582 969 345 140 
 808 784 584 702 859 266 830 
 972 329 90 654 336 884 397 
 378 897 478 411 210 862 66 
 741 742 287 366 909 268 403 
 877 744 136 256 175 941 383 
 103 367 298 618 307 207 379 
 867 101 742 945 440 26 221 
 84 898 879 997 136 941 914 
 824 729 941 808 761 479 700 
 53 77 455 822 695 742 567 
 313 745 235 431 405 56 377 
 40 743 360 624 550 869 628 
 390 989 977 871 724 868 190 
 446 714 516 260 122 618 575 
 763 542 87 257 409 165 661 
 239 692 848 93 50 166 266 
 887 890 987 452 790 122 228 
 200 793 232 129 470 327 480 
 656 911 400 141 608 269 619 
 831 92 695 996 156 760 830 
 770 783 349 969 241 240 957 
 864 852 104 221 418 560 619 
 709 127 841 435 721 117 517 
 889 828 276 202 963 305 784 
 249 892 946 681 239 326 317 
 172 415 96 
 123406 129839 120654 122361 124391 123555 121781 
 121955 127617 129323 127850 125829 126418 119169 
 128963 124489 117374 117144 126502 122622 126316 
 118001 124527 126717 126437 124236 124449 125120 
 125266 124975