 500 30 0 
 802 768 697 773 872 634 714 
 913 518 779 849 853 635 868 
 749 832 914 604 875 705 514 
 836 1061 644 638 511 1025 685 
 545 706 842 879 612 605 705 
 985 836 1046 1000 702 791 734 
 600 507 879 941 646 558 936 
 907 915 786 712 714 825 650 
 871 883 798 1056 905 1055 825 
 642 896 587 684 761 497 623 
 917 538 844 1007 480 870 934 
 760 542 1021 684 649 856 778 
 706 762 773 900 955 805 564 
 494 958 421 704 607 862 573 
 885 775 1000 818 754 895 698 
 737 688 988 630 605 558 604 
 715 801 1041 816 660 785 943 
 609 617 649 842 932 675 491 
 682 580 754 727 718 525 918 
 526 830 702 669 642 764 448 
 909 588 678 806 547 800 866 
 732 577 931 814 908 1002 554 
 893 702 906 976 643 516 941 
 510 591 625 865 645 794 884 
 656 579 827 1039 834 790 758 
 583 766 717 618 648 656 492 
 453 988 440 556 602 775 824 
 661 632 954 944 531 787 808 
 907 925 615 916 570 747 712 
 1000 673 590 856 876 991 833 
 811 450 644 886 821 617 718 
 693 994 806 696 796 790 573 
 842 625 668 658 896 867 890 
 604 733 867 948 640 1004 765 
 648 687 782 551 685 923 627 
 763 643 726 879 860 624 565 
 537 633 692 905 765 719 948 
 795 621 828 689 614 680 729 
 815 849 605 707 523 697 831 
 843 834 907 746 619 766 916 
 855 881 700 909 951 837 513 
 440 667 761 972 1001 862 1002 
 602 936 836 882 1028 766 927 
 574 823 955 524 673 674 984 
 866 567 535 471 840 731 699 
 522 822 891 815 724 516 912 
 614 882 524 464 688 707 775 
 878 769 952 840 1015 600 787 
 877 627 823 713 593 606 960 
 767 910 653 642 869 789 515 
 725 528 617 749 782 680 592 
 679 623 460 919 491 498 1016 
 822 546 728 873 542 1041 732 
 931 567 545 942 433 697 531 
 522 728 676 498 933 577 779 
 754 730 676 968 732 584 525 
 532 603 911 668 889 947 747 
 727 995 629 927 714 823 686 
 1073 744 561 841 689 609 768 
 560 904 829 677 615 723 793 
 579 807 585 750 879 734 881 
 582 904 724 660 759 940 505 
 808 733 586 827 575 522 842 
 892 539 958 765 1017 616 579 
 614 803 731 530 864 849 617 
 537 956 862 950 788 644 609 
 569 821 690 923 765 616 445 
 731 868 979 557 908 670 780 
 828 887 657 617 604 929 694 
 1052 591 954 861 580 687 745 
 969 872 468 528 783 602 864 
 646 963 535 
 989 551 699 448 21 492 312 
 145 317 353 276 288 125 76 
 441 258 857 426 880 145 494 
 953 749 904 679 140 676 650 
 652 674 137 430 663 846 280 
 835 958 724 416 139 168 720 
 25 369 728 406 871 857 906 
 841 958 996 872 476 252 408 
 346 378 540 433 290 518 760 
 218 244 10 59 226 693 81 
 930 63 538 387 137 451 502 
 251 957 553 856 889 341 846 
 938 281 847 151 202 672 947 
 86 574 130 554 700 122 693 
 452 261 162 131 940 319 669 
 562 445 728 55 947 25 666 
 213 149 461 248 782 903 678 
 717 214 775 130 97 114 125 
 286 66 611 399 371 940 603 
 683 647 209 24 6 349 215 
 299 927 748 260 864 210 712 
 114 331 814 538 202 807 454 
 352 778 357 56 837 486 174 
 111 759 319 97 872 899 86 
 988 30 280 824 219 326 517 
 839 153 755 52 716 281 423 
 795 910 859 30 679 336 591 
 106 271 870 803 133 521 582 
 261 307 423 743 167 731 95 
 522 406 681 766 955 880 709 
 170 150 704 233 769 121 172 
 606 597 573 177 931 996 571 
 875 554 129 273 318 227 60 
 946 859 220 986 175 220 695 
 877 831 302 786 481 871 441 
 989 123 858 1 838 162 111 
 9 516 299 454 988 245 246 
 296 796 576 66 208 511 394 
 104 701 629 241 578 669 594 
 786 202 465 475 66 402 123 
 594 399 928 704 593 620 349 
 589 432 863 873 842 295 931 
 40 249 331 4 403 918 137 
 822 15 412 155 756 813 571 
 21 241 566 355 47 512 709 
 694 968 796 498 793 414 615 
 434 305 720 267 999 765 447 
 514 24 464 89 414 906 747 
 308 296 754 724 441 225 919 
 505 984 954 49 19 782 371 
 441 90 902 262 920 596 349 
 33 839 196 908 941 450 340 
 435 858 691 804 58 23 264 
 518 631 363 412 503 718 284 
 526 509 987 234 219 480 481 
 811 52 522 696 4 336 958 
 985 157 119 139 361 930 84 
 453 406 640 312 207 557 238 
 646 483 943 310 978 285 840 
 48 592 939 725 590 582 949 
 416 965 609 675 405 976 736 
 579 962 572 283 776 737 100 
 665 569 493 994 332 326 117 
 697 741 131 435 270 359 955 
 668 944 989 171 469 795 962 
 715 50 73 37 437 334 363 
 64 131 194 138 821 810 86 
 16 831 121 615 357 649 119 
 942 131 41 455 493 304 786 
 237 120 311 581 654 24 133 
 949 153 182 348 853 551 305 
 578 1 195 
 983 319 615 698 270 985 332 
 449 832 959 734 345 376 583 
 749 628 703 264 992 812 885 
 862 505 687 280 441 184 44 
 590 493 768 349 211 856 804 
 866 832 829 615 217 881 251 
 181 504 645 12 614 646 628 
 270 140 484 883 820 161 199 
 710 722 10 898 721 507 872 
 486 327 978 165 409 511 690 
 889 807 10 206 8 323 621 
 376 684 420 142 418 81 176 
 416 278 940 601 623 974 394 
 73 363 259 330 951 965 438 
 811 551 738 383 276 963 369 
 657 484 636 7 938 224 974 
 29 659 286 134 646 364 827 
 237 243 845 281 273 99 709 
 958 680 363 155 269 564 865 
 45 157 325 256 835 996 17 
 266 818 297 924 682 882 572 
 352 653 919 606 739 867 688 
 31 178 201 602 532 433 299 
 521 181 624 932 291 415 357 
 966 677 806 484 16 153 696 
 942 27 910 402 492 203 407 
 20 402 629 487 580 212 165 
 465 627 98 620 489 65 419 
 668 593 728 346 171 518 363 
 99 329 863 477 364 834 432 
 890 731 753 770 614 580 203 
 160 47 7 639 610 779 923 
 247 18 625 149 559 440 737 
 246 848 94 155 599 731 651 
 192 350 942 839 258 990 216 
 507 428 983 100 29 897 171 
 264 902 326 980 170 933 375 
 149 943 336 346 527 275 310 
 157 697 440 5 192 884 263 
 692 379 627 727 663 998 685 
 136 350 778 55 830 453 330 
 468 223 993 9 805 683 336 
 258 863 342 5 386 847 127 
 733 790 613 245 414 468 515 
 806 840 891 348 735 10 145 
 453 123 230 656 413 773 591 
 103 476 795 48 370 676 704 
 652 810 482 616 661 330 243 
 713 901 694 966 733 118 636 
 766 90 602 175 668 78 449 
 127 966 28 822 811 961 984 
 865 146 824 857 890 740 778 
 491 162 419 836 257 682 801 
 36 173 432 96 785 768 581 
 852 979 856 111 833 870 268 
 183 3 806 944 962 777 217 
 673 64 369 583 488 862 394 
 818 79 452 180 525 549 734 
 560 150 105 107 343 876 535 
 535 659 463 845 337 128 529 
 293 299 952 128 257 149 305 
 25 800 241 391 435 682 844 
 104 905 900 225 116 429 277 
 741 393 53 421 290 688 207 
 416 580 513 628 798 389 159 
 421 319 753 267 439 305 25 
 505 833 874 121 261 464 564 
 728 884 319 300 210 466 255 
 505 263 334 624 708 913 671 
 341 755 528 845 856 181 725 
 856 139 109 961 866 978 840 
 715 915 858 
 957 12 175 802 494 411 65 
 131 699 126 206 128 289 735 
 922 349 76 795 260 249 162 
 777 320 644 467 647 631 199 
 762 995 745 326 789 700 870 
 63 484 871 879 839 139 568 
 944 960 799 847 538 844 434 
 822 377 776 958 20 250 754 
 860 163 691 417 434 497 848 
 246 926 200 577 806 501 590 
 476 748 649 365 451 488 414 
 752 134 226 652 258 439 741 
 802 38 424 172 454 909 428 
 910 719 388 359 40 919 169 
 167 862 313 433 304 970 974 
 772 896 904 151 819 975 871 
 9 302 948 504 532 512 959 
 884 875 302 27 319 553 4 
 904 806 7 351 777 425 528 
 200 922 593 617 133 175 760 
 633 351 436 131 12 707 673 
 553 526 593 394 848 434 78 
 631 340 176 618 913 382 425 
 969 39 46 826 90 307 913 
 698 809 447 968 715 588 543 
 102 314 240 110 504 463 65 
 607 466 363 988 186 101 901 
 669 466 122 322 103 848 101 
 424 239 546 970 329 943 673 
 800 168 403 966 88 28 989 
 554 260 167 881 895 880 886 
 336 362 250 879 998 60 280 
 4 850 597 557 913 184 608 
 779 78 999 773 584 757 835 
 489 137 491 291 798 391 695 
 929 434 747 147 675 95 331 
 565 844 303 929 533 553 478 
 48 653 628 109 566 666 922 
 699 544 627 861 546 737 190 
 802 593 519 245 960 511 627 
 211 412 355 247 722 383 915 
 278 895 645 643 492 612 675 
 777 298 267 744 130 264 227 
 856 679 887 605 192 29 398 
 787 198 295 129 901 204 835 
 960 715 192 264 349 761 573 
 275 707 294 366 755 687 819 
 280 315 383 540 597 313 565 
 136 456 616 138 128 500 137 
 531 425 258 498 93 217 14 
 133 303 260 337 287 563 811 
 141 532 116 337 898 693 671 
 390 795 287 953 103 599 970 
 909 916 889 199 394 215 567 
 567 325 973 530 882 580 206 
 490 158 62 580 375 12 251 
 901 447 737 255 209 563 554 
 981 819 184 133 773 335 558 
 823 950 391 138 529 930 262 
 51 57 364 105 63 561 562 
 88 308 210 962 440 862 719 
 854 198 948 714 15 283 784 
 943 387 410 866 234 943 762 
 67 368 74 508 826 776 511 
 452 945 200 16 359 653 23 
 98 409 864 335 781 395 630 
 942 473 647 529 969 999 235 
 573 767 92 359 699 566 983 
 135 734 112 388 359 39 579 
 736 561 985 763 716 111 956 
 616 709 682 226 135 673 55 
 867 346 217 
 444 608 407 559 134 697 401 
 543 407 128 712 341 466 266 
 625 858 95 353 318 382 916 
 195 555 900 474 751 765 448 
 339 725 635 473 812 66 18 
 783 495 974 882 163 197 455 
 873 921 29 865 603 646 271 
 900 759 105 272 883 176 515 
 27 158 184 838 251 119 964 
 863 347 212 575 644 770 529 
 512 915 376 635 539 192 833 
 861 505 956 635 243 271 173 
 921 415 230 235 901 798 159 
 395 768 82 956 3 202 246 
 239 997 280 379 60 696 728 
 221 534 889 277 293 50 4 
 874 629 685 778 457 197 38 
 938 265 424 571 112 785 429 
 733 941 295 462 978 444 495 
 555 94 760 269 932 25 30 
 753 753 759 830 444 242 178 
 392 998 421 344 257 54 723 
 180 723 422 297 444 13 156 
 398 480 559 113 178 374 956 
 623 657 901 837 109 154 416 
 370 410 899 342 695 586 832 
 227 256 580 551 393 172 719 
 69 204 451 848 686 240 896 
 517 615 227 260 487 683 322 
 975 345 655 996 383 370 351 
 649 343 413 189 728 55 923 
 397 499 917 173 449 923 310 
 43 197 171 213 243 786 174 
 472 395 3 167 157 918 201 
 812 991 766 519 450 504 429 
 341 151 133 3 452 130 853 
 734 158 778 8 718 899 64 
 15 124 164 838 751 653 240 
 661 765 274 823 904 137 877 
 722 746 482 739 615 831 100 
 349 541 869 388 276 236 905 
 552 383 465 361 14 70 236 
 733 851 940 419 908 160 15 
 802 40 660 751 217 112 164 
 672 659 602 851 487 423 877 
 601 126 737 239 77 928 967 
 612 435 523 43 241 651 704 
 266 427 214 428 201 555 225 
 812 891 78 112 475 674 21 
 482 323 491 962 622 836 504 
 981 544 544 875 249 940 74 
 408 402 854 770 144 83 7 
 258 172 978 89 21 568 746 
 93 852 107 451 840 296 608 
 347 250 343 926 291 274 959 
 368 586 706 539 475 362 294 
 729 347 620 827 471 580 636 
 402 641 473 172 386 195 495 
 746 671 454 735 833 260 341 
 181 360 945 509 483 349 581 
 423 869 687 858 12 571 965 
 474 189 913 122 373 79 765 
 222 248 121 621 259 845 382 
 303 636 710 680 997 181 598 
 835 966 378 461 380 302 514 
 97 661 913 624 956 523 138 
 756 339 978 773 942 144 164 
 590 606 524 734 376 619 326 
 663 117 706 97 415 193 627 
 913 596 501 706 620 716 940 
 282 257 969 775 122 226 351 
 688 725 512 
 782 521 666 298 8 187 992 
 349 50 838 614 899 267 11 
 694 483 102 746 392 396 591 
 316 206 337 15 896 835 787 
 751 407 146 537 190 319 816 
 280 771 135 376 459 290 238 
 691 122 14 596 596 994 226 
 334 964 751 240 642 74 132 
 605 591 240 438 107 761 590 
 380 756 207 695 479 127 789 
 510 81 285 952 374 943 816 
 597 924 173 912 880 309 606 
 221 454 215 553 68 33 945 
 651 346 679 161 407 537 193 
 441 493 789 116 8 149 861 
 394 442 361 674 829 455 798 
 97 785 813 9 632 687 69 
 258 491 880 357 258 772 328 
 538 731 811 534 988 283 771 
 253 135 504 297 764 629 42 
 658 509 309 316 868 696 425 
 64 640 677 187 109 882 108 
 309 682 225 972 51 904 780 
 573 233 401 163 271 35 34 
 97 278 704 473 914 484 254 
 918 72 117 524 771 254 697 
 306 948 169 475 737 477 617 
 348 137 526 867 903 103 759 
 124 642 731 299 149 242 931 
 734 121 75 937 541 175 33 
 52 722 784 186 737 589 272 
 528 1000 786 701 55 423 869 
 416 203 23 629 886 239 128 
 138 869 205 69 496 335 465 
 655 330 401 980 450 565 616 
 448 210 593 264 360 259 344 
 300 398 107 180 460 402 913 
 571 985 101 778 297 290 41 
 679 97 149 542 815 403 892 
 580 886 844 741 261 867 729 
 975 854 938 481 773 80 806 
 453 21 979 260 345 30 205 
 576 335 667 405 512 624 457 
 827 475 857 250 940 95 231 
 151 798 892 507 87 671 957 
 652 859 206 16 655 277 198 
 977 998 3 926 371 948 480 
 202 658 364 533 543 569 532 
 994 713 238 686 214 637 959 
 880 807 493 731 904 291 815 
 344 729 859 876 544 940 122 
 41 51 879 129 423 163 894 
 648 11 145 709 100 877 579 
 296 835 521 778 80 496 88 
 709 878 182 579 815 829 87 
 612 169 938 746 29 223 314 
 702 77 571 919 218 790 901 
 946 1000 888 37 511 524 595 
 14 779 736 239 66 575 949 
 643 565 617 505 791 91 119 
 4 235 72 179 976 723 228 
 733 659 305 947 244 582 57 
 637 369 331 474 674 625 801 
 514 11 353 311 15 609 199 
 578 580 279 437 630 938 430 
 612 718 938 204 993 764 683 
 203 810 655 944 595 272 143 
 871 415 778 114 34 248 397 
 596 869 612 189 456 700 732 
 970 898 354 545 723 80 385 
 68 947 627 149 311 134 481 
 662 158 210 
 152 433 773 70 627 166 513 
 251 668 320 350 645 749 654 
 716 391 686 332 240 137 974 
 208 955 204 882 934 717 911 
 14 107 839 305 623 745 164 
 845 140 135 269 355 464 109 
 14 365 288 731 453 733 180 
 887 524 151 696 104 426 962 
 768 598 54 277 661 957 646 
 963 426 790 651 422 749 412 
 245 205 758 454 374 894 57 
 770 735 850 868 740 980 339 
 535 857 377 14 597 174 297 
 879 519 447 83 25 203 952 
 643 99 399 485 665 889 400 
 899 147 216 497 395 84 495 
 76 706 145 486 929 729 895 
 47 754 325 839 343 138 358 
 453 619 433 784 731 378 329 
 699 552 623 773 995 632 59 
 502 15 514 708 205 74 131 
 816 312 539 638 807 389 884 
 416 500 992 956 21 1 436 
 5 621 509 859 646 659 983 
 101 390 539 663 426 821 841 
 961 960 763 466 601 267 420 
 220 165 32 618 716 925 776 
 129 82 787 68 40 358 714 
 373 933 2 369 449 437 693 
 172 540 790 75 14 884 861 
 789 17 371 526 289 817 282 
 695 466 171 874 476 197 185 
 26 408 945 427 103 256 324 
 540 183 352 333 10 572 217 
 558 755 57 393 389 752 350 
 793 990 586 275 684 115 999 
 358 685 654 995 77 334 956 
 590 42 328 170 386 977 589 
 277 809 939 183 827 664 935 
 782 434 237 390 708 499 658 
 988 321 918 911 989 461 541 
 377 61 441 384 588 101 876 
 348 82 110 934 291 945 511 
 15 449 581 975 621 203 578 
 897 775 952 504 467 45 85 
 388 749 291 673 851 354 522 
 101 318 111 717 626 235 630 
 643 487 1 850 361 25 938 
 776 133 393 926 433 587 284 
 795 66 160 398 886 544 752 
 363 528 476 303 91 346 667 
 682 803 511 961 139 91 539 
 971 654 115 526 705 247 580 
 104 782 215 696 725 976 907 
 57 837 965 131 491 882 947 
 379 985 289 974 619 712 164 
 64 479 741 93 578 646 78 
 499 973 290 915 682 414 52 
 348 612 461 693 144 882 596 
 573 128 208 128 812 527 435 
 769 465 912 811 738 886 957 
 945 63 799 772 599 857 527 
 271 202 259 41 967 137 321 
 559 81 402 405 469 379 697 
 218 298 647 816 173 635 460 
 965 318 520 141 581 42 204 
 779 396 942 317 328 186 163 
 143 474 340 965 16 244 760 
 585 763 612 599 953 934 615 
 208 761 634 212 424 750 942 
 571 235 284 194 251 352 653 
 28 718 128 
 432 101 357 86 103 440 587 
 291 551 184 691 288 677 519 
 816 59 565 982 520 117 282 
 111 407 345 780 891 533 525 
 717 125 880 270 825 211 832 
 597 521 144 476 75 103 779 
 743 269 38 717 585 864 841 
 749 695 564 232 692 691 96 
 210 199 1 793 702 775 439 
 290 791 322 610 458 842 840 
 624 632 801 613 928 567 989 
 665 299 561 461 25 618 181 
 994 212 341 880 942 341 831 
 165 248 11 130 613 232 298 
 435 845 458 175 926 225 589 
 997 368 636 321 363 54 61 
 594 218 665 672 31 671 694 
 834 569 325 158 241 763 568 
 107 407 974 553 317 62 906 
 197 623 864 404 100 213 757 
 898 746 290 483 255 751 939 
 869 111 166 197 300 833 408 
 383 982 800 351 95 48 64 
 522 758 236 720 355 835 227 
 100 105 880 802 888 918 558 
 229 988 600 809 732 610 265 
 643 135 472 165 402 170 677 
 663 241 656 702 722 991 89 
 46 800 865 812 991 980 49 
 235 67 152 827 137 721 526 
 443 276 672 167 8 867 605 
 493 910 254 324 976 335 791 
 848 923 48 468 331 316 827 
 249 844 710 127 184 212 119 
 945 257 606 72 736 415 50 
 8 380 535 880 767 333 202 
 436 163 282 525 615 445 688 
 581 631 88 783 452 347 367 
 555 529 241 891 639 147 484 
 567 313 348 334 557 262 157 
 329 684 356 877 854 263 98 
 138 801 623 240 691 770 772 
 141 307 645 270 268 582 844 
 246 750 344 650 890 366 706 
 118 285 967 724 673 955 166 
 273 416 21 982 653 432 881 
 687 192 413 119 190 143 568 
 291 468 247 316 589 534 592 
 88 474 47 411 601 64 527 
 204 623 148 977 669 804 276 
 479 304 219 892 119 602 63 
 353 634 32 942 623 849 483 
 258 266 590 611 238 766 771 
 277 360 631 781 540 810 776 
 502 9 305 341 781 298 794 
 879 814 499 528 563 521 558 
 206 937 907 380 572 252 935 
 634 692 767 755 177 433 730 
 754 118 557 207 948 524 743 
 159 192 586 14 619 620 585 
 688 308 546 745 792 993 100 
 152 772 996 697 795 802 491 
 174 880 6 200 350 368 637 
 55 788 112 246 611 431 98 
 421 135 811 157 727 477 54 
 825 357 568 378 841 905 273 
 419 46 305 509 237 976 566 
 49 48 396 283 27 758 955 
 318 976 330 968 249 308 761 
 871 669 733 501 542 171 222 
 29 77 91 100 991 245 928 
 707 648 418 
 905 222 49 48 648 840 858 
 671 232 934 371 77 185 497 
 39 976 611 300 223 384 36 
 834 767 854 290 892 946 759 
 319 221 607 518 423 598 361 
 149 339 464 351 162 99 102 
 144 746 605 614 244 78 720 
 875 971 743 135 300 102 522 
 534 698 703 164 582 740 113 
 412 289 154 175 500 188 955 
 462 693 103 263 890 341 341 
 124 473 378 468 553 73 59 
 876 533 43 794 160 501 556 
 548 278 735 895 364 277 569 
 260 875 411 152 983 889 500 
 602 960 135 146 42 86 436 
 399 367 811 979 123 764 629 
 975 574 685 450 438 117 230 
 177 998 237 459 104 27 984 
 679 665 732 850 470 124 680 
 995 633 707 172 898 445 807 
 361 893 545 93 191 258 339 
 209 108 805 34 214 994 552 
 73 235 684 268 945 61 567 
 554 620 492 200 551 480 223 
 561 651 921 798 35 961 142 
 771 467 532 414 768 36 733 
 507 527 928 214 827 364 318 
 382 142 683 794 83 507 360 
 199 400 184 251 13 652 29 
 703 579 486 904 423 651 250 
 799 712 216 445 256 596 968 
 520 304 316 609 830 244 610 
 709 212 219 369 389 118 432 
 438 687 268 169 20 311 855 
 737 608 183 109 317 504 310 
 13 209 236 874 68 256 98 
 445 108 317 115 200 792 245 
 39 690 663 161 929 943 867 
 212 427 457 137 24 383 167 
 878 657 258 32 358 847 688 
 765 836 604 759 458 632 137 
 270 747 508 544 538 766 525 
 322 132 196 193 358 716 55 
 861 774 68 227 628 210 196 
 996 159 665 992 587 31 899 
 67 559 275 335 411 189 585 
 405 913 25 39 955 487 920 
 295 48 560 586 476 706 478 
 882 39 769 422 99 784 943 
 220 178 773 166 134 30 595 
 560 601 960 88 123 94 546 
 837 885 393 785 756 354 511 
 970 421 93 694 14 559 524 
 690 677 521 514 403 972 950 
 292 183 734 610 706 936 851 
 688 91 654 459 399 183 283 
 985 536 746 1 407 288 62 
 828 558 245 142 398 346 650 
 994 838 455 755 101 623 670 
 23 296 242 246 289 636 284 
 794 965 10 853 838 131 635 
 877 537 125 686 951 345 455 
 613 523 858 67 318 388 780 
 754 818 974 888 459 560 141 
 888 707 23 318 865 464 773 
 294 793 877 826 332 512 436 
 892 936 801 391 401 224 549 
 197 902 574 156 821 602 99 
 874 300 50 218 883 527 379 
 205 958 743 969 63 354 646 
 65 438 924 
 414 624 383 940 556 139 542 
 891 383 251 20 917 595 246 
 47 862 548 102 857 925 403 
 536 40 35 105 573 880 154 
 151 728 450 877 937 843 923 
 140 758 90 629 636 121 116 
 310 224 93 245 746 522 730 
 374 937 303 833 727 800 102 
 81 649 961 415 711 894 434 
 915 343 365 917 599 414 686 
 285 976 899 338 523 133 401 
 728 700 807 990 767 67 434 
 616 119 109 840 580 278 17 
 490 646 507 403 326 655 716 
 525 414 474 296 421 382 662 
 4 540 524 377 758 132 341 
 464 971 655 788 624 513 703 
 673 275 323 561 787 652 984 
 488 141 122 514 866 505 732 
 688 598 1000 736 523 969 101 
 19 800 75 796 744 761 604 
 734 338 876 197 769 759 201 
 64 842 730 604 159 834 142 
 159 862 153 283 565 23 485 
 211 550 913 232 329 717 744 
 980 575 394 547 464 236 113 
 856 272 543 879 799 550 182 
 816 305 387 573 298 927 996 
 599 727 249 932 94 829 277 
 573 683 77 700 749 924 214 
 684 66 408 527 823 998 363 
 574 998 401 386 539 461 994 
 726 668 205 731 617 983 12 
 950 81 121 693 443 991 81 
 151 399 447 579 638 916 549 
 590 124 811 643 53 461 474 
 325 790 45 821 137 788 641 
 486 951 4 624 356 325 201 
 56 452 239 96 953 970 256 
 636 138 518 355 175 661 15 
 264 172 947 977 519 520 46 
 14 958 194 907 909 219 94 
 580 708 896 166 527 103 249 
 195 305 478 383 78 336 504 
 130 89 218 890 792 36 713 
 173 792 849 643 691 870 975 
 939 543 644 799 721 775 92 
 663 994 723 383 777 360 915 
 85 387 183 562 483 541 997 
 692 485 997 350 456 345 834 
 658 717 703 2 704 294 986 
 524 303 70 432 589 145 538 
 376 483 309 480 536 827 896 
 276 396 674 772 188 286 30 
 876 344 145 162 260 164 747 
 932 667 121 613 847 925 543 
 284 159 163 826 733 120 66 
 119 138 981 187 53 87 729 
 735 820 595 359 337 415 768 
 922 265 848 977 972 252 648 
 197 511 605 427 80 605 961 
 229 564 824 349 751 210 913 
 496 663 147 721 960 539 37 
 225 581 371 558 673 368 25 
 825 882 450 786 947 197 236 
 626 101 712 250 745 519 508 
 830 271 297 776 830 464 472 
 227 165 504 386 955 650 277 
 3 72 914 463 411 671 518 
 345 214 448 829 324 617 48 
 239 735 317 412 527 553 325 
 737 158 178 
 799 526 415 620 876 125 382 
 254 359 14 591 138 544 667 
 904 955 350 281 270 145 358 
 499 864 383 286 246 566 675 
 984 285 711 115 166 602 189 
 768 194 864 882 84 723 492 
 502 538 255 981 623 145 315 
 343 632 689 203 436 861 1 
 58 821 28 230 648 387 523 
 485 919 536 848 34 716 852 
 213 840 494 433 400 823 728 
 509 188 732 374 451 562 67 
 24 312 925 262 802 950 800 
 19 847 867 816 14 241 343 
 864 251 274 784 8 258 144 
 933 613 664 139 932 839 658 
 397 820 357 65 614 601 321 
 892 60 779 187 816 101 30 
 382 95 156 744 357 227 621 
 676 859 130 985 25 653 711 
 584 481 848 764 258 370 729 
 978 451 327 273 515 146 156 
 909 374 848 268 975 480 457 
 322 326 211 732 793 390 608 
 402 372 911 51 848 941 518 
 410 972 654 198 845 241 297 
 268 581 211 96 493 653 986 
 987 377 209 310 598 652 497 
 271 486 488 204 313 575 356 
 819 169 343 346 388 323 623 
 3 148 839 335 595 665 15 
 15 653 893 97 150 636 987 
 421 491 862 286 822 356 770 
 557 248 97 675 57 245 271 
 395 779 935 702 961 341 861 
 354 734 935 87 498 746 238 
 455 962 530 339 565 857 366 
 58 961 554 883 829 38 642 
 133 547 691 398 227 788 505 
 410 536 394 540 282 964 615 
 793 297 711 880 556 954 401 
 156 358 953 914 732 416 16 
 972 379 819 779 874 354 579 
 108 360 986 800 740 839 713 
 98 293 830 360 807 330 898 
 450 46 971 18 149 720 434 
 674 974 372 999 213 622 567 
 12 690 447 206 871 418 300 
 891 547 327 219 985 421 604 
 884 408 151 308 558 334 343 
 484 926 644 429 232 423 236 
 775 278 800 331 476 20 72 
 18 946 914 946 692 624 640 
 504 264 946 590 489 180 16 
 821 787 445 486 864 151 192 
 161 978 695 568 631 798 279 
 230 11 417 150 921 602 232 
 572 187 697 761 208 527 699 
 819 841 243 348 892 697 394 
 63 486 151 502 23 489 149 
 920 407 742 557 688 626 81 
 649 274 202 180 881 662 129 
 323 644 750 297 124 730 94 
 436 930 591 653 58 710 544 
 781 646 452 819 228 32 38 
 952 969 424 555 441 893 583 
 365 707 479 214 838 866 134 
 907 64 773 995 270 687 751 
 614 472 855 305 542 223 972 
 15 957 913 877 377 641 750 
 568 678 515 907 124 704 837 
 648 697 139 
 565 713 464 947 820 245 330 
 895 126 624 578 73 135 953 
 729 491 418 10 716 873 112 
 579 192 952 330 118 361 122 
 472 296 942 6 621 452 412 
 586 512 455 372 256 723 83 
 958 10 754 132 586 277 451 
 836 275 534 559 823 914 367 
 988 478 404 871 960 421 954 
 453 101 411 492 83 552 92 
 973 43 631 736 876 402 589 
 993 520 846 48 919 770 121 
 301 491 335 235 56 966 148 
 153 717 223 304 903 725 895 
 319 262 258 285 940 902 529 
 255 476 434 978 703 387 110 
 657 874 680 218 194 599 935 
 75 326 412 754 294 696 71 
 670 828 902 527 470 467 792 
 633 195 530 322 97 630 346 
 793 295 923 30 183 565 982 
 233 398 26 842 921 278 432 
 573 215 688 733 77 139 262 
 411 857 474 848 64 303 759 
 64 502 9 971 744 40 511 
 236 448 873 683 702 914 52 
 63 12 545 658 526 964 557 
 376 268 726 127 508 47 811 
 196 979 715 237 268 261 14 
 35 312 539 416 641 734 301 
 520 521 812 893 719 795 518 
 507 29 645 471 104 29 683 
 968 794 713 974 212 410 221 
 748 903 182 541 323 354 863 
 246 61 544 298 261 177 238 
 703 577 232 508 715 994 258 
 438 190 326 156 17 492 719 
 442 574 323 334 892 856 394 
 286 515 797 252 328 128 534 
 399 938 752 871 495 54 257 
 286 33 596 627 3 73 7 
 655 659 682 728 897 732 89 
 605 941 7 808 904 347 337 
 43 31 842 585 924 542 453 
 767 991 678 247 1 997 276 
 936 84 57 34 278 732 461 
 365 74 44 10 772 143 157 
 584 851 683 47 579 907 786 
 264 746 634 543 750 311 857 
 323 102 464 201 961 371 920 
 781 791 302 172 590 300 872 
 22 217 490 256 739 313 978 
 533 301 619 218 58 753 502 
 184 253 974 646 115 886 537 
 341 606 159 67 968 171 816 
 247 787 265 415 765 132 949 
 554 769 736 586 245 584 480 
 601 449 383 929 358 11 436 
 214 160 176 641 158 366 280 
 612 965 674 482 136 139 783 
 714 976 431 466 378 489 601 
 610 702 973 682 678 837 95 
 732 411 599 322 145 42 180 
 215 844 795 175 762 554 228 
 892 604 327 496 343 631 600 
 960 584 731 347 121 192 179 
 528 635 308 662 223 813 364 
 655 902 785 98 788 393 876 
 819 198 96 41 399 901 294 
 634 720 337 543 326 948 416 
 984 945 915 547 739 630 640 
 647 977 93 
 23 91 526 157 514 599 523 
 880 259 999 366 993 505 130 
 17 326 332 870 278 901 703 
 943 709 568 303 124 915 569 
 599 623 67 908 601 528 241 
 366 541 744 219 441 153 646 
 21 244 172 876 432 756 507 
 639 699 838 231 33 293 72 
 165 358 231 330 107 488 829 
 272 427 723 918 132 905 336 
 496 85 693 554 597 394 47 
 810 739 237 573 523 350 655 
 910 189 230 359 380 866 585 
 234 307 154 862 258 668 838 
 6 151 328 502 331 397 909 
 772 509 19 234 621 705 903 
 770 267 889 457 35 699 281 
 463 596 663 447 650 728 316 
 31 834 796 504 137 326 217 
 923 500 554 371 283 55 206 
 526 12 523 19 339 318 154 
 717 126 404 934 6 837 166 
 169 848 192 990 928 328 123 
 450 54 539 669 366 274 394 
 253 7 945 717 169 776 953 
 209 127 756 794 721 624 928 
 244 973 663 262 752 613 373 
 977 945 124 265 108 383 181 
 466 312 422 46 37 961 699 
 591 869 720 482 920 518 830 
 408 198 655 910 228 172 475 
 704 612 705 702 556 665 502 
 911 76 625 83 618 560 744 
 534 42 168 558 307 713 668 
 631 962 272 724 173 852 573 
 78 934 75 975 179 973 92 
 531 631 777 797 820 356 167 
 823 52 231 1000 938 357 981 
 338 859 317 765 648 502 917 
 789 681 595 417 409 137 906 
 709 775 778 254 900 356 624 
 243 592 348 807 415 152 459 
 517 234 212 455 271 677 450 
 938 44 300 822 241 404 619 
 379 662 414 89 524 981 12 
 111 306 896 655 895 363 155 
 690 924 222 631 120 222 841 
 815 164 170 798 900 132 707 
 426 1 693 19 180 917 69 
 104 109 756 379 95 699 509 
 974 936 109 513 608 87 791 
 985 825 830 83 684 546 259 
 811 914 184 973 241 156 781 
 709 386 40 902 23 686 925 
 158 309 953 466 789 608 111 
 327 1000 614 841 777 751 42 
 618 622 753 302 320 493 736 
 400 851 195 780 736 863 676 
 280 45 321 711 278 139 163 
 56 267 45 256 437 651 962 
 278 512 443 737 894 54 536 
 940 149 236 587 654 376 773 
 681 195 90 723 764 196 917 
 579 547 176 345 655 73 977 
 967 545 761 563 693 549 781 
 621 200 644 528 949 42 759 
 802 757 313 714 125 856 3 
 700 945 395 914 552 420 987 
 740 885 903 954 743 830 409 
 825 902 496 836 525 430 151 
 241 921 432 463 708 327 924 
 475 632 997 
 298 840 680 849 592 663 234 
 118 970 924 948 425 149 865 
 788 900 409 514 713 872 250 
 271 67 888 973 300 131 106 
 851 983 601 108 287 694 89 
 432 535 575 437 87 189 732 
 665 895 362 860 506 612 639 
 779 780 911 931 869 277 90 
 243 772 388 663 501 799 545 
 419 275 367 20 70 936 816 
 893 391 700 588 542 762 327 
 959 514 297 239 554 900 19 
 281 744 792 279 41 634 834 
 926 890 882 624 372 485 978 
 352 821 754 155 41 503 495 
 20 259 483 827 473 181 803 
 777 351 970 930 949 328 411 
 646 552 955 315 415 571 129 
 645 149 365 432 230 331 325 
 991 274 869 254 109 831 642 
 718 882 219 881 45 467 614 
 205 421 222 815 665 486 826 
 944 778 703 835 297 911 515 
 720 526 841 753 125 327 914 
 418 487 467 183 928 299 523 
 565 291 749 720 533 723 194 
 28 479 173 420 329 255 981 
 465 380 258 528 546 911 719 
 982 524 817 806 41 568 406 
 874 457 307 103 94 380 134 
 207 424 950 947 26 975 467 
 395 573 142 943 186 574 70 
 914 239 18 157 797 861 8 
 921 405 787 921 379 610 587 
 308 683 470 501 956 287 38 
 49 128 19 842 726 349 399 
 197 494 974 667 643 838 279 
 707 517 671 44 611 13 893 
 780 649 298 290 445 526 107 
 586 414 818 227 541 535 985 
 762 174 753 578 653 894 789 
 345 602 472 85 49 70 426 
 948 972 522 424 711 302 201 
 201 392 557 290 910 758 609 
 366 326 327 155 377 283 216 
 286 64 985 106 912 671 284 
 165 151 920 767 625 540 810 
 700 777 241 607 271 678 153 
 475 8 892 612 70 12 999 
 855 528 147 132 29 487 304 
 662 616 882 971 903 413 371 
 733 859 363 447 56 235 801 
 876 620 479 203 807 969 288 
 603 795 840 392 622 744 649 
 386 901 49 554 537 217 724 
 780 786 523 799 533 849 464 
 688 148 141 840 905 537 850 
 801 116 897 609 717 69 754 
 762 664 776 682 437 360 718 
 608 995 146 140 439 496 65 
 885 542 604 309 477 417 46 
 876 429 477 728 20 460 750 
 856 684 260 561 708 238 296 
 232 931 916 999 737 643 349 
 761 301 974 910 148 305 852 
 641 214 86 999 487 791 529 
 160 444 814 434 453 359 272 
 773 247 38 664 763 85 747 
 2 149 506 512 678 429 735 
 132 412 533 896 643 523 932 
 544 143 338 484 844 561 842 
 477 159 189 
 850 535 275 505 465 826 306 
 83 377 685 720 765 896 744 
 481 554 805 339 690 477 181 
 978 792 374 787 535 890 139 
 433 886 927 680 809 926 799 
 55 970 989 572 285 611 889 
 300 978 648 877 181 895 832 
 770 831 45 186 337 48 834 
 395 41 219 690 393 989 741 
 766 37 963 708 543 370 373 
 816 306 32 935 911 1 855 
 85 603 4 531 738 34 228 
 692 368 648 772 491 763 702 
 398 220 899 616 441 958 757 
 74 339 315 113 777 688 736 
 170 561 424 124 103 242 554 
 248 860 889 347 611 519 959 
 796 778 628 324 958 169 512 
 298 519 372 661 777 554 445 
 898 685 336 427 103 210 280 
 751 220 91 39 166 687 637 
 768 237 487 310 874 192 732 
 181 276 344 506 560 481 848 
 122 648 972 14 967 501 514 
 882 184 393 577 488 275 173 
 852 541 636 397 996 859 520 
 61 798 813 340 16 999 609 
 884 141 631 561 60 864 888 
 272 576 217 78 180 725 295 
 604 543 124 10 210 702 826 
 939 351 686 648 604 720 489 
 883 222 982 517 123 343 98 
 991 28 480 344 921 302 88 
 476 473 277 979 87 45 712 
 384 455 279 242 604 57 613 
 458 290 920 677 194 303 595 
 307 561 199 136 690 513 202 
 50 587 201 867 51 985 720 
 158 195 345 694 575 524 746 
 339 459 386 760 315 272 502 
 136 272 411 644 674 782 236 
 130 282 868 380 1000 350 952 
 570 669 12 639 656 912 947 
 351 897 409 878 973 606 746 
 935 605 197 161 698 285 41 
 915 469 921 784 520 464 684 
 942 392 976 715 476 625 691 
 322 713 357 115 674 156 534 
 523 633 102 361 867 800 443 
 491 267 338 642 934 529 130 
 361 106 2 650 770 868 690 
 435 595 38 693 383 144 932 
 497 744 889 379 137 974 115 
 359 506 851 415 139 51 631 
 469 206 383 882 823 815 970 
 157 86 114 637 375 964 854 
 530 448 718 244 734 424 431 
 247 177 125 692 916 726 798 
 556 880 867 603 964 444 480 
 432 452 401 279 229 994 491 
 184 584 890 912 18 469 778 
 645 616 594 615 876 473 309 
 994 879 854 698 32 84 65 
 326 445 870 491 821 862 975 
 146 363 248 103 155 125 939 
 107 581 101 318 694 161 455 
 769 753 163 455 597 74 442 
 158 508 709 839 273 576 917 
 544 872 397 9 625 151 246 
 262 526 382 640 1000 412 705 
 744 697 72 454 485 565 686 
 122 189 835 
 195 803 680 612 916 851 207 
 225 151 194 131 566 78 888 
 965 560 498 756 320 672 309 
 967 808 628 742 128 618 522 
 90 575 105 708 39 808 507 
 170 401 637 528 410 352 714 
 166 72 935 502 564 493 726 
 198 573 865 146 818 144 281 
 785 260 521 726 960 709 329 
 211 824 670 679 957 164 606 
 379 368 36 608 638 773 703 
 394 316 605 249 445 948 916 
 330 280 798 350 971 955 809 
 643 718 356 655 842 853 364 
 913 302 687 134 482 667 385 
 605 413 814 723 827 909 112 
 406 16 336 753 877 385 931 
 812 59 564 132 791 326 981 
 361 71 654 186 428 965 753 
 302 203 850 737 752 849 164 
 876 1 606 974 378 216 279 
 128 340 726 582 548 193 296 
 96 587 119 751 768 347 907 
 217 470 530 218 822 255 743 
 579 578 107 149 651 749 89 
 126 110 436 426 457 877 366 
 672 252 45 70 341 272 969 
 235 147 94 517 856 248 405 
 10 572 533 73 160 234 306 
 922 302 607 684 250 467 13 
 385 444 954 769 537 525 903 
 662 541 212 821 632 116 480 
 307 752 1 894 361 603 510 
 615 646 817 367 299 695 510 
 63 465 1000 674 259 689 338 
 104 856 247 280 329 558 832 
 921 847 169 114 557 104 770 
 125 344 896 842 819 663 510 
 706 617 534 794 315 170 717 
 627 953 384 637 867 191 970 
 911 414 592 220 895 951 450 
 881 771 897 19 818 102 302 
 297 875 986 817 235 642 289 
 500 872 439 82 633 331 545 
 764 792 283 758 684 278 573 
 520 366 648 753 344 373 898 
 548 588 83 138 522 721 919 
 955 361 198 273 531 118 854 
 479 467 56 83 469 250 455 
 419 479 832 387 236 102 579 
 212 574 707 964 884 877 575 
 590 814 499 614 228 525 703 
 407 727 244 440 517 762 522 
 968 810 542 441 201 560 237 
 258 464 103 783 379 851 110 
 430 516 948 402 546 812 562 
 752 491 430 468 378 97 859 
 502 954 93 150 63 682 839 
 322 327 184 740 604 196 282 
 469 688 431 837 416 36 960 
 533 525 574 543 163 616 278 
 861 482 817 451 782 312 661 
 863 55 517 778 130 535 293 
 373 407 479 318 780 913 313 
 832 667 227 667 398 983 802 
 512 369 259 995 610 551 462 
 155 1 494 681 75 226 355 
 633 704 1000 289 417 844 723 
 194 493 14 707 263 102 370 
 643 343 777 544 750 881 862 
 77 338 258 776 220 623 629 
 849 235 982 
 541 612 837 641 955 8 658 
 695 272 319 65 564 986 266 
 313 361 479 698 498 817 595 
 182 982 959 345 672 542 552 
 531 486 518 324 490 554 129 
 356 604 992 323 522 680 371 
 248 811 10 182 95 350 759 
 170 238 945 399 997 196 279 
 862 997 361 740 242 160 134 
 612 922 3 363 15 698 76 
 573 926 152 928 164 817 102 
 731 325 264 205 787 756 878 
 102 867 704 932 464 464 100 
 275 185 222 552 263 397 368 
 204 700 391 209 640 449 730 
 438 292 231 182 272 339 352 
 915 842 622 336 735 671 753 
 676 343 720 64 61 544 576 
 975 123 547 760 196 769 289 
 129 789 300 756 518 225 371 
 394 485 968 990 288 265 818 
 246 482 305 88 865 764 350 
 132 905 887 910 633 561 308 
 460 994 487 226 428 244 976 
 952 183 435 606 266 299 309 
 610 564 383 209 282 519 682 
 485 441 61 337 137 129 310 
 466 487 609 457 379 903 398 
 186 873 565 867 270 386 810 
 441 623 497 490 772 519 229 
 306 323 174 801 215 941 180 
 65 487 260 758 729 65 355 
 305 365 875 22 607 392 735 
 958 572 710 349 194 903 344 
 135 396 305 466 198 224 1000 
 678 280 29 64 855 774 105 
 934 45 86 783 308 667 206 
 551 387 626 75 289 492 444 
 165 90 4 191 595 226 611 
 927 693 355 235 346 477 729 
 33 426 933 610 230 238 71 
 165 386 469 607 457 108 998 
 329 332 732 739 785 633 45 
 871 23 134 428 379 639 754 
 577 925 873 353 712 899 549 
 533 958 682 36 204 371 586 
 671 420 580 789 576 847 70 
 451 619 767 66 71 298 351 
 356 223 835 511 641 782 722 
 645 795 97 86 308 886 76 
 724 894 632 538 101 864 995 
 990 625 722 121 605 185 947 
 332 192 102 399 531 562 194 
 848 499 837 385 405 284 477 
 887 341 7 129 449 354 840 
 478 251 421 535 682 244 205 
 574 856 651 303 25 257 537 
 229 929 364 507 806 448 563 
 878 793 786 430 713 785 463 
 572 712 295 507 493 119 699 
 841 728 305 600 883 565 835 
 242 19 770 579 848 367 302 
 448 98 166 447 552 561 677 
 980 132 304 624 450 588 791 
 217 303 49 281 706 8 103 
 875 650 187 127 148 641 788 
 861 626 427 448 799 410 327 
 530 488 820 709 856 431 699 
 545 365 875 504 858 334 803 
 729 377 723 735 53 242 187 
 871 308 444 918 815 289 303 
 808 528 943 
 58 403 262 812 402 650 475 
 584 203 933 870 227 390 639 
 18 114 94 89 560 288 635 
 356 757 596 130 553 905 390 
 258 489 949 337 639 675 481 
 832 653 425 8 16 564 785 
 900 809 150 980 681 179 713 
 105 131 554 573 959 351 18 
 628 100 323 378 629 600 20 
 744 575 737 18 303 357 877 
 957 491 518 873 23 992 937 
 212 727 414 619 323 104 725 
 408 890 870 864 787 287 756 
 755 518 351 581 988 824 69 
 705 243 554 871 827 320 640 
 470 861 345 463 664 899 817 
 578 847 95 959 333 984 177 
 396 678 628 924 922 175 118 
 586 941 732 864 173 26 52 
 670 770 185 962 559 462 796 
 744 831 893 61 584 798 447 
 82 307 471 481 551 293 416 
 45 103 615 748 169 146 170 
 169 551 621 500 474 122 349 
 972 981 211 633 565 74 215 
 99 316 80 305 972 130 983 
 638 546 81 733 597 114 462 
 185 43 893 394 49 231 357 
 616 652 258 212 78 823 684 
 736 84 224 87 553 143 684 
 77 638 210 857 152 803 944 
 442 325 899 876 78 335 213 
 652 351 101 920 194 204 275 
 221 145 726 25 809 999 978 
 542 560 655 82 130 448 491 
 828 638 491 476 960 468 226 
 857 706 54 809 345 708 312 
 823 329 833 612 730 724 649 
 337 988 613 967 27 1000 597 
 299 401 827 222 496 361 986 
 188 486 531 991 478 54 320 
 435 328 303 281 938 957 875 
 823 137 359 264 757 161 766 
 991 639 425 938 447 786 861 
 489 703 465 872 816 773 514 
 450 882 737 668 281 680 873 
 919 265 86 835 874 284 210 
 636 917 880 371 19 818 899 
 101 348 444 927 454 150 973 
 13 552 588 449 914 749 308 
 980 749 404 633 404 628 261 
 920 845 985 965 772 481 57 
 946 418 652 694 430 916 336 
 297 116 479 790 713 508 251 
 95 825 135 718 318 517 185 
 423 173 211 632 434 234 34 
 929 537 72 659 781 725 876 
 361 958 615 382 834 244 497 
 699 251 485 867 477 982 864 
 87 322 170 936 564 397 790 
 425 154 647 965 164 42 882 
 16 3 643 339 590 939 388 
 533 228 980 645 134 117 274 
 92 419 544 137 936 49 340 
 490 159 810 269 631 256 36 
 291 656 952 65 350 580 45 
 305 884 551 36 239 830 6 
 298 637 846 51 597 704 961 
 152 488 435 100 134 169 341 
 375 387 547 75 964 308 714 
 803 711 552 434 613 419 193 
 605 441 280 
 73 769 169 877 984 374 613 
 879 487 832 296 496 612 497 
 950 198 595 539 474 448 785 
 96 545 201 728 786 56 346 
 953 698 886 577 773 1 265 
 164 161 664 994 467 789 759 
 327 553 820 671 628 953 1 
 145 129 415 365 883 698 125 
 291 942 234 99 839 929 44 
 387 2 107 414 865 127 794 
 654 22 475 462 105 39 414 
 700 864 143 420 676 818 49 
 322 106 240 540 960 446 466 
 244 316 2 884 124 496 133 
 680 118 881 340 434 198 335 
 532 854 698 435 912 874 938 
 204 149 963 206 383 422 873 
 164 66 704 113 934 302 870 
 406 406 760 994 542 569 343 
 431 902 12 699 730 910 713 
 913 418 906 96 849 675 565 
 22 196 199 565 542 470 831 
 487 690 175 36 105 367 441 
 840 362 307 889 747 657 304 
 734 518 256 550 34 114 703 
 434 83 375 807 73 865 659 
 781 346 109 336 11 614 462 
 556 510 808 187 919 609 165 
 351 751 564 42 912 459 988 
 344 741 449 809 664 779 928 
 755 910 414 740 17 72 528 
 901 454 947 451 735 877 586 
 790 416 638 181 482 923 983 
 18 545 351 388 743 595 118 
 730 859 344 22 814 831 860 
 2 497 808 270 374 304 441 
 47 965 957 683 42 450 983 
 140 24 64 538 384 249 90 
 310 138 146 674 464 377 258 
 674 579 875 138 716 244 306 
 23 770 89 592 680 652 303 
 444 344 541 757 34 107 989 
 580 188 713 277 259 595 404 
 148 348 11 305 139 984 753 
 104 242 243 838 243 969 288 
 104 168 991 195 37 167 843 
 488 367 850 67 262 998 696 
 143 386 688 296 892 374 609 
 877 306 846 691 374 957 510 
 339 994 860 958 657 782 723 
 176 222 287 977 47 83 62 
 217 231 45 798 392 957 971 
 438 43 869 611 671 462 165 
 655 948 556 557 571 645 658 
 338 907 18 611 55 423 552 
 433 259 638 469 607 865 387 
 387 825 649 970 670 753 890 
 353 453 832 284 54 283 984 
 695 885 867 284 13 254 293 
 500 904 352 650 402 988 160 
 25 494 338 975 975 946 489 
 654 753 260 756 227 529 271 
 660 41 58 736 428 760 939 
 57 983 538 709 720 290 81 
 573 709 585 56 600 382 322 
 280 75 426 915 39 901 287 
 285 984 346 107 165 742 640 
 629 62 270 912 234 360 110 
 364 687 510 577 618 113 443 
 944 292 325 987 440 573 569 
 712 814 788 639 787 506 584 
 533 318 262 
 552 726 395 309 207 702 135 
 300 505 64 196 866 920 7 
 138 415 117 934 995 181 895 
 384 848 409 5 142 142 264 
 68 909 216 913 839 876 492 
 439 17 54 181 875 68 835 
 172 331 223 254 357 268 545 
 366 810 57 536 742 634 465 
 368 172 424 553 157 298 139 
 287 398 781 680 738 679 744 
 786 114 213 1 525 483 503 
 815 437 817 274 264 858 282 
 65 988 263 366 381 120 735 
 567 282 628 479 880 886 860 
 17 719 760 935 581 506 20 
 881 376 892 881 120 594 580 
 614 121 361 593 656 329 575 
 240 701 930 211 552 949 532 
 275 468 414 847 589 950 436 
 953 847 52 330 44 340 20 
 779 468 924 286 407 915 39 
 622 255 909 825 654 743 331 
 950 886 734 505 912 35 478 
 30 748 591 491 990 512 654 
 62 377 299 924 927 857 634 
 944 412 478 574 361 645 809 
 79 690 843 371 78 303 283 
 283 957 308 566 714 343 931 
 478 710 80 33 200 320 627 
 485 124 455 349 464 310 121 
 980 394 682 973 582 867 25 
 112 988 364 86 931 91 689 
 86 754 718 616 787 411 774 
 814 576 794 964 709 242 295 
 804 807 235 708 466 897 526 
 815 465 449 1 869 335 758 
 397 753 338 625 439 790 249 
 350 116 322 395 131 551 807 
 216 429 994 112 152 605 549 
 424 807 638 713 850 966 443 
 708 575 504 995 82 148 674 
 3 640 15 807 503 768 541 
 622 329 867 150 13 141 162 
 42 353 2 531 700 972 513 
 548 827 974 299 232 880 679 
 716 76 756 650 689 1 637 
 529 730 351 404 552 264 494 
 399 555 861 532 927 87 350 
 149 289 497 778 638 597 24 
 743 423 752 236 153 620 314 
 3 753 914 183 279 583 10 
 341 625 232 855 147 4 269 
 567 932 609 977 595 958 646 
 745 967 477 997 408 512 478 
 654 130 792 493 45 317 67 
 429 489 438 495 491 929 505 
 758 73 782 869 963 235 592 
 955 214 795 178 853 55 885 
 189 207 187 826 70 599 978 
 901 503 635 301 472 782 566 
 632 619 967 98 539 105 810 
 757 792 107 52 796 340 137 
 118 672 494 477 776 26 361 
 653 188 335 633 779 754 244 
 143 191 582 761 780 968 820 
 5 687 724 807 157 895 525 
 188 291 999 640 290 56 717 
 771 277 194 632 62 975 708 
 285 303 518 424 577 18 43 
 13 675 871 751 193 145 194 
 222 117 718 864 545 674 366 
 974 477 527 
 690 226 629 551 522 478 360 
 981 302 816 930 360 275 866 
 883 604 53 370 370 605 9 
 98 767 580 551 901 547 152 
 609 902 728 427 759 928 184 
 914 774 108 839 242 821 294 
 471 514 365 271 247 404 795 
 673 931 163 903 500 650 780 
 449 347 33 908 817 893 355 
 462 267 437 101 537 52 177 
 99 402 352 418 805 95 431 
 248 78 950 548 851 338 225 
 835 553 342 611 308 315 188 
 640 532 277 701 390 167 177 
 725 957 477 996 165 39 713 
 499 171 751 978 597 354 67 
 31 216 841 201 269 192 348 
 259 865 851 612 714 756 630 
 71 404 249 742 512 381 623 
 357 717 551 255 18 762 338 
 965 975 777 473 574 177 102 
 169 126 602 899 338 391 406 
 785 780 408 847 569 752 75 
 425 565 763 756 373 306 164 
 474 158 346 991 40 749 547 
 945 41 845 434 955 13 822 
 492 986 765 58 298 156 864 
 841 26 274 580 620 869 334 
 595 707 141 460 99 200 571 
 56 75 376 897 923 134 733 
 724 125 994 372 887 1 405 
 359 624 443 956 74 75 170 
 236 726 288 462 12 40 766 
 688 1000 895 268 316 95 327 
 555 135 863 520 45 688 53 
 93 340 240 334 726 650 449 
 205 797 540 768 355 704 798 
 794 871 603 685 616 819 395 
 846 602 346 859 281 437 307 
 286 581 396 398 841 138 687 
 113 46 609 422 50 272 45 
 220 785 521 22 724 493 645 
 665 140 571 253 896 884 766 
 547 794 813 618 816 627 977 
 926 791 66 151 372 535 149 
 890 690 851 245 270 983 474 
 1 83 813 733 275 285 272 
 188 356 945 746 983 615 71 
 556 758 433 903 220 903 404 
 102 585 419 30 821 944 902 
 989 790 940 98 118 678 62 
 451 274 897 546 89 808 240 
 598 776 760 842 881 463 284 
 854 320 386 927 301 295 783 
 659 695 385 811 692 12 23 
 794 638 294 91 704 223 185 
 626 11 716 202 858 389 741 
 424 730 915 423 718 186 303 
 981 867 582 117 557 664 510 
 279 500 223 371 897 473 996 
 505 644 178 948 975 411 425 
 776 751 767 333 168 541 35 
 200 663 234 430 99 50 134 
 612 124 928 736 796 819 841 
 189 911 415 750 297 974 459 
 116 969 680 696 112 652 405 
 344 785 60 142 80 529 105 
 400 620 689 712 93 943 591 
 470 865 321 640 527 973 135 
 805 684 718 881 440 984 610 
 94 571 697 352 544 349 870 
 724 711 899 
 357 93 838 216 843 551 175 
 36 272 311 176 758 271 923 
 954 81 105 149 293 32 772 
 394 142 257 710 671 499 290 
 628 207 316 871 8 708 386 
 655 198 683 628 89 694 974 
 46 153 79 999 536 778 384 
 858 39 363 853 928 238 250 
 899 514 274 634 292 644 768 
 211 993 693 319 925 451 48 
 757 852 440 244 395 379 214 
 844 496 305 337 685 190 499 
 588 739 358 374 232 514 660 
 227 896 29 355 201 473 585 
 494 4 418 142 900 335 439 
 67 417 882 13 31 491 43 
 468 327 851 94 944 755 664 
 893 830 623 19 814 79 753 
 476 559 526 935 799 994 145 
 862 502 56 538 635 798 935 
 346 538 897 355 202 192 158 
 702 657 376 426 815 804 575 
 669 963 481 609 644 55 458 
 312 314 593 826 40 662 281 
 808 227 258 402 695 741 665 
 40 185 775 974 393 303 100 
 333 892 418 661 194 603 886 
 860 19 591 260 603 686 319 
 956 907 586 248 244 603 783 
 275 74 719 164 714 523 356 
 660 441 762 892 880 316 160 
 414 443 788 847 867 176 120 
 844 713 292 357 567 631 435 
 870 59 380 851 138 878 952 
 106 129 703 1000 376 636 291 
 586 285 790 671 228 528 863 
 754 693 500 34 114 632 772 
 948 299 245 408 339 622 422 
 671 399 496 785 387 316 974 
 554 10 667 145 718 105 228 
 117 207 825 68 73 803 95 
 470 358 835 261 922 864 484 
 891 824 294 143 250 130 929 
 801 246 749 502 651 713 582 
 956 222 247 517 516 310 437 
 2 571 828 873 770 857 112 
 928 8 743 20 146 699 586 
 978 862 923 18 217 572 410 
 145 474 134 717 124 205 565 
 288 643 745 269 91 624 568 
 929 255 578 271 437 990 558 
 854 317 549 770 676 736 802 
 369 880 900 493 214 991 952 
 72 657 401 28 615 194 273 
 417 886 145 224 704 525 177 
 441 715 548 703 762 429 469 
 966 775 139 79 968 111 343 
 164 477 723 577 239 636 18 
 180 80 322 438 81 763 116 
 931 53 315 998 533 187 418 
 409 79 386 533 591 595 365 
 961 335 861 197 337 854 437 
 215 402 443 360 52 244 865 
 334 884 457 363 226 714 179 
 609 476 773 232 981 149 972 
 20 675 471 439 482 292 482 
 406 362 26 758 802 337 536 
 972 949 108 353 844 482 66 
 13 812 533 572 731 981 193 
 677 25 645 850 186 12 59 
 417 32 40 31 489 104 823 
 789 771 180 
 442 494 895 182 305 629 797 
 276 266 794 238 230 306 616 
 126 339 223 942 101 31 777 
 568 314 365 548 195 151 635 
 767 187 354 427 762 37 489 
 955 857 371 779 673 394 211 
 206 328 968 894 53 625 862 
 121 917 762 138 685 715 823 
 623 831 440 771 601 159 975 
 165 166 809 748 355 905 606 
 341 591 510 503 461 788 572 
 182 181 534 766 357 834 333 
 184 187 164 344 913 730 51 
 768 757 466 393 76 632 259 
 800 590 266 581 426 336 492 
 279 139 504 359 865 751 196 
 63 762 571 134 225 401 236 
 222 834 317 329 162 587 115 
 330 734 742 930 421 76 210 
 400 12 962 366 315 256 118 
 559 110 731 98 257 617 728 
 607 727 136 772 882 947 951 
 730 161 436 434 767 237 618 
 839 266 901 931 880 265 190 
 155 785 707 940 326 638 353 
 783 853 906 19 326 377 287 
 108 572 811 161 357 253 799 
 304 955 879 220 865 871 969 
 844 228 689 332 260 804 36 
 563 802 720 648 924 498 940 
 34 916 319 766 843 132 361 
 105 427 598 628 85 404 477 
 42 593 654 855 53 829 981 
 292 847 881 669 788 517 109 
 841 322 840 271 14 209 850 
 38 307 762 303 650 572 868 
 331 223 355 976 958 6 909 
 113 583 690 637 798 462 698 
 908 389 991 180 724 63 903 
 84 79 246 256 119 625 790 
 949 58 999 710 772 720 79 
 446 606 720 581 806 216 835 
 649 242 415 103 938 351 894 
 21 816 668 247 730 228 809 
 747 503 424 368 681 993 638 
 750 736 824 881 552 4 824 
 726 669 354 305 504 304 860 
 575 590 938 892 809 366 177 
 41 961 342 659 986 545 590 
 8 421 288 454 50 461 334 
 257 14 400 37 815 952 388 
 692 956 328 557 66 41 854 
 567 503 958 294 220 234 948 
 764 325 378 972 46 927 478 
 602 956 877 603 39 448 720 
 248 897 413 166 139 786 946 
 32 393 883 243 425 312 599 
 547 559 869 688 836 572 852 
 985 482 801 195 880 250 367 
 766 250 830 125 744 203 950 
 921 574 509 685 655 307 356 
 297 730 531 634 56 445 889 
 80 563 455 207 7 603 947 
 776 665 462 771 743 715 960 
 384 750 847 505 643 710 131 
 667 96 729 275 648 896 473 
 831 69 27 718 60 608 927 
 162 980 595 571 725 517 94 
 82 239 985 230 336 657 51 
 999 246 274 229 602 637 746 
 641 903 28 1 293 658 66 
 181 678 845 
 859 989 808 232 722 945 107 
 859 282 741 878 928 893 489 
 151 25 97 850 802 796 93 
 311 334 416 455 995 85 22 
 859 37 92 657 115 745 661 
 348 753 276 988 213 277 58 
 8 165 503 207 437 685 484 
 736 955 447 121 615 577 978 
 656 656 535 955 309 447 110 
 635 175 269 969 437 623 423 
 360 356 426 781 183 879 991 
 939 3 596 151 545 448 813 
 447 714 11 892 871 431 3 
 840 856 506 726 349 47 722 
 660 821 828 329 534 160 545 
 751 13 669 715 980 898 278 
 299 215 377 508 337 833 156 
 672 492 857 344 420 780 174 
 970 573 892 511 696 178 168 
 267 239 777 603 127 600 422 
 109 258 977 531 582 929 797 
 509 662 132 643 572 600 717 
 143 801 434 652 59 829 557 
 365 531 781 820 980 779 567 
 558 853 313 692 908 405 281 
 363 578 656 333 153 598 938 
 289 826 497 116 16 909 472 
 468 624 147 114 27 117 494 
 727 380 641 866 60 426 15 
 317 224 455 498 757 550 451 
 264 366 161 675 950 104 409 
 173 610 34 624 621 106 464 
 555 561 440 77 440 12 194 
 986 676 125 835 802 938 69 
 892 907 754 851 744 669 904 
 543 969 359 15 561 302 358 
 225 279 361 997 96 48 210 
 579 49 588 150 447 430 479 
 165 708 1000 385 142 284 831 
 479 114 710 985 304 267 215 
 452 967 731 122 379 243 661 
 168 106 351 172 941 482 754 
 636 280 802 871 892 185 972 
 403 809 31 411 976 985 193 
 334 419 876 576 542 167 35 
 158 798 480 621 146 943 119 
 565 934 505 561 662 727 961 
 934 170 818 949 57 100 806 
 816 765 459 486 254 58 780 
 18 799 186 380 426 499 126 
 738 539 889 87 663 221 656 
 454 113 2 530 83 412 175 
 99 222 569 472 285 822 210 
 12 353 253 770 397 421 831 
 430 246 801 22 155 467 911 
 472 695 290 845 356 760 299 
 52 54 533 24 199 632 181 
 100 514 140 331 789 543 202 
 823 777 834 999 347 762 864 
 104 666 258 202 41 696 453 
 522 744 481 552 298 600 475 
 189 791 727 787 43 424 798 
 257 728 577 44 26 662 381 
 297 321 246 688 779 405 984 
 872 651 192 149 207 876 341 
 139 721 25 143 622 29 579 
 345 94 853 357 378 332 742 
 544 116 836 863 958 273 26 
 809 87 924 156 723 637 440 
 948 258 104 980 178 930 647 
 241 563 368 733 464 19 331 
 464 583 395 
 934 177 941 523 534 693 922 
 94 604 469 889 568 545 887 
 264 473 572 714 221 302 62 
 341 968 683 336 61 400 331 
 841 16 327 908 121 44 997 
 459 804 766 949 498 751 68 
 610 683 284 842 447 707 422 
 165 233 583 636 296 21 712 
 533 442 753 982 823 228 259 
 150 807 187 891 819 72 994 
 834 413 772 429 511 476 572 
 725 806 531 847 543 63 533 
 860 187 128 505 863 84 538 
 204 637 100 595 762 105 46 
 416 757 426 977 785 609 490 
 263 434 901 31 313 885 114 
 959 872 945 480 702 771 512 
 973 607 668 883 669 100 649 
 743 745 661 460 172 935 642 
 97 505 677 801 914 329 117 
 439 397 27 750 246 880 453 
 424 514 826 894 694 276 505 
 566 25 482 211 678 457 965 
 741 942 227 417 525 267 104 
 674 431 261 259 794 322 537 
 864 197 392 276 573 105 680 
 26 530 294 844 241 664 513 
 905 337 851 576 298 391 479 
 437 978 302 972 915 494 477 
 976 18 215 519 704 907 936 
 517 415 505 675 619 243 85 
 332 677 954 72 99 223 703 
 359 474 295 748 312 730 340 
 415 870 486 802 357 486 756 
 572 111 311 439 929 110 900 
 478 722 183 682 554 825 239 
 264 17 266 453 16 318 78 
 835 337 301 675 2 490 655 
 244 464 31 642 794 51 347 
 997 608 98 465 999 575 295 
 419 725 214 303 647 597 728 
 829 557 973 811 50 264 762 
 27 589 495 954 923 106 171 
 120 542 85 95 643 529 258 
 297 6 682 652 706 997 20 
 441 471 396 833 455 596 287 
 910 610 534 273 453 393 750 
 502 70 299 116 991 675 596 
 169 272 853 448 178 211 346 
 612 558 155 835 695 134 224 
 839 779 751 45 441 243 809 
 707 969 756 117 283 334 339 
 529 70 847 866 259 717 84 
 266 350 719 832 968 223 222 
 594 543 798 137 264 145 14 
 895 114 189 675 23 623 615 
 302 754 475 426 994 726 675 
 998 891 513 838 290 740 346 
 203 800 629 783 882 211 774 
 45 588 417 447 652 522 360 
 635 734 191 730 616 235 132 
 504 855 110 807 224 131 61 
 682 302 500 227 484 84 169 
 429 163 129 599 111 93 890 
 884 604 369 412 185 831 248 
 989 907 517 594 797 73 159 
 386 831 882 696 225 599 702 
 50 499 620 145 849 780 242 
 495 812 89 918 531 904 6 
 977 510 395 866 640 327 488 
 797 201 598 359 589 5 121 
 154 562 918 
 107 752 568 567 631 202 726 
 703 608 647 313 212 670 103 
 434 198 712 289 79 754 637 
 741 252 587 304 753 551 753 
 126 340 831 969 929 356 506 
 447 538 744 105 102 305 893 
 604 611 580 225 228 125 121 
 393 485 533 899 803 656 573 
 286 859 210 442 787 94 350 
 209 74 135 394 371 315 204 
 668 80 874 384 227 13 454 
 159 686 853 216 908 181 1000 
 251 67 585 286 328 821 996 
 569 527 654 551 838 901 912 
 344 43 16 710 48 949 595 
 504 14 208 482 729 910 149 
 469 50 990 306 900 860 726 
 757 135 496 605 919 842 894 
 284 496 994 64 659 294 771 
 789 757 765 901 652 293 581 
 466 158 420 295 40 817 770 
 965 359 446 648 532 633 827 
 463 938 68 158 971 567 553 
 750 980 14 11 137 186 560 
 910 780 119 804 509 606 850 
 313 9 764 638 775 746 954 
 567 897 672 774 560 899 846 
 421 220 411 539 914 907 521 
 240 386 609 342 736 857 813 
 518 555 634 14 364 681 992 
 445 970 951 984 578 349 323 
 850 81 435 118 60 753 364 
 599 285 303 889 34 802 175 
 863 642 170 262 345 84 201 
 537 961 511 623 837 68 468 
 999 659 593 346 351 9 768 
 206 154 400 738 69 142 66 
 620 273 814 223 315 349 24 
 780 110 416 972 994 982 715 
 329 423 487 99 399 663 843 
 653 588 57 715 197 647 178 
 820 205 550 817 43 214 792 
 127 401 799 42 477 157 712 
 474 306 356 893 565 611 233 
 252 753 97 292 685 961 737 
 220 788 956 446 876 255 356 
 215 310 344 504 984 35 858 
 96 961 494 435 940 273 451 
 638 571 304 139 333 796 343 
 804 264 119 752 587 673 360 
 213 145 852 425 642 701 63 
 884 466 335 308 147 642 953 
 585 1 342 611 692 140 367 
 165 895 664 130 291 904 261 
 144 175 230 76 599 842 154 
 476 515 857 771 39 892 703 
 927 635 118 958 538 457 843 
 692 793 79 768 631 491 662 
 370 105 340 140 910 474 297 
 487 372 161 707 478 513 8 
 476 471 231 977 179 319 21 
 60 206 509 981 990 828 285 
 898 913 816 494 318 574 533 
 523 317 563 860 378 947 36 
 742 646 46 747 258 620 330 
 207 678 511 785 637 342 524 
 847 777 909 365 182 51 566 
 567 415 770 57 730 123 418 
 438 700 853 612 483 820 320 
 721 734 558 919 719 801 308 
 264 424 1 807 943 837 836 
 552 76 141 
 813 921 677 205 250 866 889 
 534 392 341 497 10 75 553 
 735 12 895 294 68 514 309 
 821 419 284 311 61 582 394 
 98 557 764 639 166 765 767 
 903 135 587 367 841 616 822 
 937 324 348 252 29 219 733 
 772 801 105 953 715 633 139 
 240 623 796 647 638 413 693 
 360 72 474 766 863 888 564 
 644 321 848 598 107 627 360 
 806 896 606 616 31 720 210 
 405 205 91 803 292 300 424 
 78 320 398 576 714 514 593 
 98 295 677 789 769 552 431 
 526 823 503 550 190 296 492 
 449 351 839 62 793 523 241 
 917 580 532 259 70 1000 883 
 156 236 855 833 834 381 358 
 271 286 772 941 397 783 440 
 886 860 455 95 742 877 287 
 797 934 454 259 714 518 928 
 901 518 454 18 370 517 988 
 538 927 819 940 801 538 742 
 634 868 561 742 489 897 91 
 685 313 688 839 367 99 333 
 120 320 60 495 901 63 378 
 435 490 47 882 757 209 975 
 957 723 598 118 999 66 381 
 849 397 325 956 664 513 33 
 152 628 479 513 761 920 301 
 946 156 786 693 390 980 904 
 810 938 160 731 563 166 802 
 685 362 519 813 249 876 23 
 300 22 71 559 994 947 492 
 897 149 58 337 857 210 509 
 774 621 335 226 651 928 139 
 941 134 578 981 745 661 388 
 375 870 413 887 865 113 249 
 83 317 670 10 174 518 406 
 873 506 718 801 917 413 84 
 579 589 511 851 670 500 886 
 769 803 367 537 396 615 648 
 366 428 647 616 820 648 348 
 287 815 594 460 684 575 985 
 671 106 608 251 52 880 872 
 951 726 414 338 755 883 793 
 461 387 902 677 923 724 929 
 117 690 164 45 341 77 369 
 844 849 144 963 869 317 61 
 819 629 84 130 904 893 621 
 735 798 905 785 592 205 818 
 285 575 58 87 231 246 456 
 496 338 303 101 6 522 460 
 948 892 447 717 109 654 834 
 269 126 931 16 660 552 380 
 33 763 890 730 711 121 230 
 377 742 207 461 951 440 549 
 772 986 927 475 419 676 543 
 1000 633 295 368 746 609 808 
 951 714 634 414 831 741 826 
 680 418 681 232 415 275 694 
 763 400 959 728 166 488 358 
 6 433 669 413 884 702 848 
 696 649 760 468 234 48 460 
 470 245 926 44 986 257 856 
 159 177 292 298 58 508 661 
 999 29 504 952 804 229 527 
 553 436 357 665 201 465 100 
 135 594 366 637 140 410 423 
 689 177 65 334 300 927 795 
 708 225 988 
 772 843 671 385 614 22 393 
 649 843 429 670 530 268 154 
 565 937 981 389 110 303 71 
 200 552 222 371 49 743 129 
 623 547 489 222 202 987 365 
 613 391 747 923 109 924 265 
 208 979 423 541 202 282 37 
 389 14 737 274 160 307 367 
 856 796 767 999 920 375 954 
 571 321 480 414 26 331 468 
 163 794 354 288 805 212 732 
 849 172 785 321 188 55 808 
 605 911 271 69 727 844 989 
 417 670 153 371 907 416 153 
 851 522 859 608 642 495 919 
 465 786 556 794 775 283 272 
 385 629 895 14 791 926 879 
 760 808 19 752 854 162 241 
 374 542 232 391 740 355 165 
 455 464 750 786 12 514 93 
 353 646 526 78 934 101 462 
 905 792 844 209 80 915 929 
 130 376 522 166 704 300 735 
 824 409 446 51 2 149 69 
 116 698 307 870 921 190 166 
 978 894 783 486 394 944 242 
 455 413 552 733 993 405 416 
 160 524 213 47 407 449 468 
 620 409 97 246 755 538 54 
 686 82 304 723 493 883 400 
 653 289 656 95 222 119 144 
 143 942 191 115 551 872 521 
 511 642 645 291 816 235 587 
 439 241 173 603 774 261 588 
 757 888 204 930 916 687 638 
 547 233 302 569 120 608 876 
 963 141 133 976 159 49 884 
 76 887 440 547 394 333 186 
 601 655 953 273 11 633 849 
 205 258 578 908 911 318 738 
 701 712 120 429 305 359 874 
 538 711 933 248 343 385 920 
 483 757 175 785 657 743 958 
 991 574 177 266 768 160 315 
 89 899 725 250 28 213 870 
 411 163 575 8 911 343 149 
 847 972 471 741 617 457 671 
 891 410 279 148 311 717 945 
 360 19 598 538 109 389 816 
 336 564 474 977 508 27 557 
 95 470 920 337 289 971 840 
 364 750 94 109 512 534 864 
 467 968 289 335 722 375 811 
 551 969 200 365 235 174 892 
 363 1 296 471 343 641 993 
 690 216 404 796 655 793 548 
 306 206 659 224 700 98 554 
 724 632 267 73 249 203 545 
 261 162 19 653 441 762 370 
 192 303 518 338 416 226 463 
 411 181 611 139 925 16 450 
 376 166 6 424 232 826 447 
 614 354 493 42 735 79 642 
 725 126 23 257 454 176 479 
 651 273 487 931 133 143 412 
 163 158 67 602 1000 792 164 
 154 187 960 685 234 713 750 
 475 973 152 811 91 824 376 
 38 465 346 570 316 344 129 
 954 947 909 516 660 581 506 
 772 368 277 211 417 660 914 
 298 926 998 
 30 331 733 526 446 823 744 
 237 328 529 4 584 174 419 
 310 267 908 781 658 414 762 
 26 648 807 458 187 229 165 
 257 928 250 776 694 195 191 
 322 460 242 54 918 582 191 
 991 58 287 146 455 965 144 
 698 687 881 190 877 949 543 
 944 301 21 725 244 926 726 
 673 868 353 172 634 451 755 
 489 787 867 91 331 502 641 
 189 947 738 623 529 867 796 
 39 555 588 391 648 928 106 
 340 587 733 905 439 826 32 
 308 303 941 483 210 571 244 
 572 391 637 139 765 507 632 
 617 316 805 105 479 875 813 
 759 857 613 676 217 686 109 
 604 420 607 86 719 377 673 
 633 713 896 154 378 652 159 
 910 106 279 57 703 731 758 
 190 293 669 64 414 395 299 
 34 542 397 524 135 318 91 
 771 564 648 311 734 453 673 
 342 422 10 508 536 995 743 
 475 63 149 630 485 26 858 
 348 486 390 634 134 241 497 
 76 305 430 998 279 420 348 
 744 793 919 941 87 15 8 
 332 523 1000 338 783 187 346 
 668 92 908 841 866 693 347 
 131 341 220 217 805 723 645 
 585 739 279 989 546 370 95 
 870 813 174 768 23 830 242 
 1 397 98 499 537 861 93 
 339 617 581 304 470 602 589 
 13 142 189 977 178 143 477 
 755 447 578 228 450 176 778 
 591 949 873 856 235 397 964 
 951 781 614 187 623 867 356 
 839 34 507 437 493 464 839 
 267 947 954 997 110 166 848 
 831 266 744 412 896 686 988 
 299 738 152 186 983 823 152 
 257 445 374 515 671 839 65 
 365 489 1 232 483 131 732 
 167 189 879 325 912 31 318 
 59 977 553 735 42 236 460 
 74 506 200 483 52 182 626 
 683 288 70 395 643 522 4 
 264 185 274 510 37 410 914 
 8 975 47 841 335 11 80 
 595 110 489 641 174 368 864 
 896 13 922 913 610 251 846 
 731 592 566 503 793 525 993 
 719 693 627 56 146 555 211 
 25 329 590 537 503 542 987 
 449 173 586 879 349 269 840 
 785 105 958 919 951 436 751 
 314 937 15 974 424 408 674 
 79 306 685 11 190 760 649 
 174 851 698 248 387 527 576 
 188 315 938 896 754 104 883 
 210 351 911 196 573 849 526 
 515 392 565 125 145 840 660 
 831 192 749 773 213 719 723 
 752 159 533 921 384 706 294 
 299 366 903 569 575 804 729 
 709 433 641 988 143 24 966 
 534 869 117 42 111 728 351 
 425 88 107 8 317 525 325 
 373 938 177 
 297 344 427 854 328 37 598 
 578 19 62 992 760 66 191 
 752 659 859 57 116 651 564 
 559 951 741 8 34 181 836 
 345 853 203 898 129 343 778 
 973 384 484 901 353 845 483 
 311 721 957 93 718 773 108 
 131 973 147 542 460 341 557 
 564 64 385 574 568 912 643 
 940 895 161 450 564 194 45 
 992 232 290 664 733 417 398 
 171 534 589 599 595 659 582 
 805 382 699 665 913 611 1000 
 41 346 806 138 423 692 678 
 44 594 820 943 336 526 452 
 966 964 446 975 728 753 561 
 3 954 791 70 338 286 11 
 167 574 274 59 671 567 192 
 679 906 999 93 888 89 936 
 339 973 362 347 460 666 538 
 647 5 575 354 146 567 177 
 82 427 764 443 912 60 669 
 858 486 728 126 675 927 288 
 854 573 200 213 328 359 310 
 213 539 767 11 142 409 79 
 144 843 42 424 449 202 110 
 972 420 337 965 261 103 324 
 367 342 996 951 266 957 902 
 931 638 829 376 211 378 997 
 314 796 749 458 547 599 540 
 637 61 325 791 525 491 759 
 346 787 499 995 539 615 371 
 837 576 390 301 443 702 64 
 386 958 706 42 184 18 1000 
 552 691 836 5 184 468 70 
 900 839 901 669 546 829 240 
 917 971 7 282 712 657 488 
 91 171 48 927 298 989 266 
 623 19 982 75 80 144 972 
 164 929 512 245 240 602 865 
 867 88 666 23 570 622 446 
 170 106 628 900 561 845 211 
 395 585 832 122 187 44 778 
 517 412 985 574 297 999 927 
 32 240 614 345 73 809 452 
 368 42 157 204 684 162 161 
 234 128 264 55 92 232 168 
 587 751 843 725 806 257 968 
 666 701 786 810 617 502 786 
 276 695 31 761 155 494 335 
 968 518 17 713 130 262 300 
 917 986 125 899 525 755 360 
 751 823 514 892 728 759 948 
 546 790 794 679 106 366 162 
 969 624 85 925 74 273 493 
 524 491 100 434 996 228 201 
 619 886 743 595 857 847 421 
 996 929 567 99 949 649 818 
 732 186 869 393 182 839 887 
 22 668 61 872 385 718 834 
 144 196 547 300 839 337 914 
 212 113 631 99 730 124 847 
 192 124 665 145 34 150 748 
 932 302 760 740 426 380 970 
 584 872 243 248 288 590 854 
 78 831 627 573 930 897 22 
 851 52 393 796 371 71 543 
 812 17 604 931 540 729 170 
 324 106 883 296 55 346 225 
 22 793 882 407 95 483 294 
 447 599 192 573 558 132 968 
 936 43 846 
 361 494 297 365 570 761 825 
 447 624 197 265 79 396 950 
 90 660 587 943 644 887 675 
 658 601 658 982 3 748 112 
 73 34 185 169 273 260 601 
 458 506 689 516 94 695 468 
 29 335 408 380 523 26 510 
 349 581 38 976 54 291 906 
 164 896 597 113 84 715 964 
 47 734 888 2 185 33 206 
 691 438 665 622 24 287 809 
 117 479 576 171 541 884 267 
 409 138 805 201 864 77 392 
 1000 834 82 814 618 504 786 
 524 291 137 976 805 937 270 
 532 977 673 545 193 404 358 
 16 894 863 344 150 119 462 
 829 588 465 838 843 146 792 
 965 145 951 297 766 264 489 
 446 507 637 246 469 34 900 
 15 887 11 547 31 721 478 
 476 367 684 311 368 143 685 
 983 691 460 52 377 948 980 
 397 745 32 218 849 477 412 
 705 641 681 423 539 335 275 
 913 575 197 267 614 916 378 
 896 752 409 760 522 336 976 
 623 276 706 101 767 589 35 
 138 504 195 796 64 657 54 
 604 125 386 901 582 777 202 
 716 152 574 224 560 814 338 
 115 800 778 582 512 380 997 
 364 718 306 689 755 443 332 
 614 810 524 707 849 774 743 
 393 508 603 17 890 992 340 
 103 144 675 955 645 505 993 
 551 815 673 683 656 499 87 
 386 564 555 593 818 735 187 
 998 472 636 359 751 769 631 
 858 500 783 134 606 448 349 
 586 574 276 701 681 109 173 
 294 169 757 701 958 677 743 
 713 953 471 989 8 295 321 
 737 934 39 435 804 675 846 
 332 413 608 677 401 367 794 
 597 158 57 622 644 168 77 
 795 517 734 928 158 457 955 
 211 392 887 124 934 239 580 
 969 639 887 779 534 757 951 
 627 871 352 459 819 158 108 
 29 446 523 906 434 615 991 
 581 654 59 961 764 687 24 
 565 253 922 17 721 316 256 
 855 725 117 838 527 540 560 
 247 550 7 725 897 4 108 
 932 562 547 233 494 193 383 
 339 497 613 458 85 86 502 
 334 17 418 781 626 647 526 
 892 993 561 887 549 109 26 
 925 531 983 938 172 3 587 
 859 708 33 108 704 425 697 
 917 810 842 996 876 490 465 
 343 852 198 799 2 305 84 
 934 102 98 688 275 963 101 
 565 113 924 213 261 583 924 
 580 584 964 421 337 862 712 
 220 41 381 146 701 501 729 
 841 784 334 407 700 57 627 
 920 592 721 511 78 412 678 
 651 287 494 882 198 740 931 
 374 934 744 441 949 894 697 
 549 265 517 
 121467 126800 127262 122541 122641 124961 122067 
 119881 126644 127411 123071 127090 131071 128547 
 127827 122424 126275 124539 125196 126668 121598 
 128681 122088 125434 126377 132342 121538 122719 
 125853 129268