 500 30 0 
 596 670 472 555 523 901 878 
 975 581 973 558 763 836 779 
 660 626 552 901 726 945 976 
 737 610 693 625 881 745 890 
 572 561 777 739 981 727 826 
 785 944 854 764 876 690 683 
 848 533 635 899 1032 460 967 
 811 794 708 778 459 618 584 
 700 773 765 992 566 670 944 
 744 818 701 559 698 658 950 
 936 922 732 819 650 672 861 
 513 812 977 988 838 581 878 
 808 428 946 497 701 696 799 
 870 915 613 532 810 791 891 
 837 864 590 896 843 721 786 
 699 703 732 983 662 601 955 
 875 790 707 729 579 602 917 
 959 730 569 985 578 622 708 
 555 598 663 858 548 680 811 
 831 830 579 762 765 730 961 
 897 661 753 598 809 829 779 
 871 690 864 899 521 639 510 
 474 974 769 680 801 729 651 
 649 809 728 726 682 894 896 
 414 871 903 924 1042 655 825 
 738 567 546 956 989 933 551 
 873 942 478 837 704 537 844 
 730 718 882 837 789 817 675 
 757 719 586 761 571 945 632 
 934 573 906 502 698 1038 632 
 770 525 615 641 705 1088 800 
 577 642 628 769 920 947 893 
 569 761 830 735 966 670 689 
 749 606 548 615 1011 838 791 
 954 563 558 970 684 723 1027 
 924 904 894 656 844 533 618 
 966 830 652 573 695 703 751 
 445 841 879 630 441 844 481 
 795 479 577 755 714 855 926 
 827 895 975 682 513 994 666 
 997 683 857 450 810 706 553 
 556 682 845 1013 507 582 844 
 1023 716 829 925 622 432 857 
 960 993 872 626 792 955 512 
 521 717 736 871 991 893 821 
 601 915 549 1076 511 482 791 
 665 909 888 847 840 806 715 
 696 797 796 561 919 551 777 
 666 591 813 721 736 623 969 
 965 969 607 704 975 550 583 
 898 879 484 827 818 834 604 
 818 705 779 978 524 642 700 
 843 704 858 757 552 760 598 
 551 774 740 555 870 426 779 
 706 934 647 665 964 824 650 
 536 843 693 772 659 853 729 
 582 845 670 749 668 762 775 
 577 579 749 536 829 694 772 
 515 910 827 813 737 714 875 
 811 809 822 567 794 914 796 
 586 814 493 872 996 347 590 
 966 529 712 853 1044 921 619 
 562 676 620 757 973 579 632 
 630 820 911 1065 671 799 645 
 945 813 574 488 877 841 856 
 662 777 931 764 956 570 779 
 741 970 590 755 515 687 614 
 524 1037 796 893 573 847 693 
 912 889 892 625 701 805 992 
 488 698 419 787 502 1004 592 
 818 868 707 653 828 942 861 
 638 961 834 
 779 396 626 389 57 120 769 
 749 817 112 843 763 102 352 
 724 525 418 902 704 976 516 
 181 469 923 765 707 720 593 
 208 297 105 116 373 854 861 
 266 124 698 135 233 729 531 
 862 985 109 506 380 398 294 
 714 132 370 131 222 641 748 
 106 983 711 339 30 888 346 
 905 361 98 824 832 237 847 
 935 565 971 175 966 822 175 
 244 12 156 802 214 411 153 
 181 204 931 633 45 153 334 
 128 780 3 895 471 641 299 
 825 78 189 46 120 968 381 
 253 354 298 94 758 140 193 
 836 456 364 421 33 2 538 
 250 877 857 845 473 442 539 
 671 504 413 94 128 742 619 
 559 139 260 641 908 803 644 
 41 185 315 723 902 363 160 
 247 206 501 927 559 203 206 
 846 324 224 711 91 50 715 
 525 342 231 695 971 704 848 
 806 917 273 606 952 516 122 
 628 39 324 615 677 678 447 
 826 647 925 176 583 146 950 
 519 835 519 356 496 491 232 
 737 113 23 732 396 991 67 
 830 148 296 105 842 663 598 
 424 272 880 296 922 732 557 
 680 721 379 740 748 847 141 
 521 918 711 875 753 602 567 
 807 611 242 906 14 939 780 
 71 895 422 142 164 496 701 
 591 472 84 146 797 267 671 
 563 198 334 45 697 263 18 
 798 975 141 609 259 651 951 
 854 60 791 80 861 209 877 
 782 59 861 179 661 460 105 
 812 776 110 414 914 987 769 
 648 444 12 307 82 324 683 
 844 702 789 334 158 82 159 
 94 579 33 354 814 444 318 
 580 848 133 785 515 496 554 
 975 673 790 583 260 858 740 
 890 320 639 731 306 273 672 
 470 644 166 651 963 57 975 
 255 165 304 565 391 819 237 
 477 287 542 14 164 712 524 
 546 554 180 960 425 542 520 
 342 217 5 716 911 317 913 
 99 153 390 235 587 163 503 
 505 484 483 777 894 465 897 
 556 68 824 663 848 26 880 
 351 214 525 415 819 137 288 
 177 74 300 363 24 911 707 
 605 358 841 784 786 491 611 
 28 570 456 945 818 983 487 
 231 249 532 808 529 442 789 
 300 554 52 571 615 78 55 
 533 401 806 863 773 489 862 
 773 263 661 680 292 170 739 
 7 160 644 639 803 239 520 
 883 207 940 294 72 956 744 
 198 431 675 767 181 357 117 
 747 483 130 59 739 538 769 
 260 66 182 869 802 519 69 
 439 203 568 333 329 105 885 
 280 546 216 29 105 328 554 
 660 44 783 981 975 839 43 
 199 301 417 
 743 935 413 222 235 219 479 
 480 663 808 20 605 443 270 
 637 891 762 847 685 820 618 
 803 909 601 948 549 195 72 
 595 451 257 222 199 608 127 
 498 998 545 504 79 383 314 
 109 95 823 222 900 551 216 
 840 518 463 381 445 267 6 
 117 525 318 240 922 614 520 
 943 977 431 262 810 463 5 
 937 504 288 663 609 458 447 
 114 25 892 556 276 601 50 
 537 136 438 922 475 630 753 
 758 233 728 114 853 837 877 
 906 86 933 758 3 444 57 
 890 561 872 522 265 245 290 
 423 18 733 885 846 469 933 
 757 661 136 636 633 342 930 
 478 432 996 433 108 78 320 
 292 342 259 290 736 732 408 
 400 699 672 560 607 946 747 
 400 605 203 449 126 3 98 
 438 3 603 291 165 369 125 
 140 948 129 608 104 169 53 
 43 571 227 265 505 537 65 
 800 126 261 507 922 717 499 
 562 855 517 892 288 826 439 
 284 607 94 584 589 538 249 
 86 554 653 139 60 11 806 
 932 262 603 297 545 683 411 
 69 69 622 916 191 511 443 
 375 418 423 114 852 115 16 
 653 389 717 965 344 936 770 
 107 542 687 565 562 238 656 
 656 538 439 930 288 583 600 
 718 441 637 942 722 251 475 
 964 268 186 751 836 931 823 
 468 120 949 912 221 375 87 
 327 361 536 552 5 36 472 
 373 53 802 772 570 760 523 
 629 429 12 20 862 43 124 
 195 94 695 989 776 381 686 
 886 723 137 644 413 898 566 
 388 625 40 88 305 443 188 
 256 768 476 895 40 241 885 
 923 286 786 416 147 305 642 
 82 495 704 950 845 132 627 
 181 174 869 112 123 212 452 
 510 616 876 799 318 311 100 
 994 703 686 853 640 254 344 
 895 689 39 283 460 362 503 
 170 820 640 565 3 460 562 
 724 654 37 225 186 978 189 
 745 525 599 953 500 66 611 
 397 291 157 661 577 340 88 
 219 52 938 499 716 492 183 
 360 429 381 321 796 276 21 
 520 716 846 793 803 981 201 
 74 374 497 648 261 284 387 
 618 821 132 162 761 209 909 
 949 588 189 440 642 403 545 
 922 559 454 500 935 692 460 
 590 805 631 316 544 478 357 
 446 685 923 945 798 868 72 
 198 78 852 556 484 488 815 
 301 965 814 826 661 245 587 
 386 583 859 381 981 479 257 
 616 395 725 693 204 404 568 
 669 882 374 842 53 817 397 
 519 40 755 225 628 336 406 
 358 498 998 707 542 320 952 
 648 630 378 
 949 406 771 699 705 675 187 
 707 169 253 339 400 38 482 
 988 494 90 658 620 263 451 
 170 773 217 730 783 409 442 
 627 622 465 644 866 390 695 
 496 817 858 65 955 428 232 
 410 684 153 826 336 841 712 
 872 80 788 463 418 969 193 
 194 182 306 453 228 750 909 
 781 472 207 304 419 678 609 
 31 218 198 234 884 68 854 
 617 346 976 292 466 100 997 
 978 247 336 932 676 673 506 
 904 555 425 882 423 71 897 
 918 518 86 33 413 63 607 
 147 937 441 286 478 953 211 
 53 986 753 656 526 768 67 
 529 74 495 89 21 97 894 
 874 257 40 437 432 48 67 
 250 963 881 784 260 88 899 
 279 513 895 145 755 72 63 
 278 322 646 313 671 587 753 
 551 771 28 189 27 99 825 
 202 159 241 796 699 232 890 
 1000 260 42 514 891 379 330 
 812 766 67 629 583 574 96 
 259 640 488 950 499 329 518 
 359 358 125 412 969 291 72 
 441 372 805 968 295 772 614 
 103 329 283 754 763 759 947 
 700 267 642 350 817 610 887 
 62 726 617 886 4 306 102 
 392 449 899 727 859 277 226 
 52 317 819 502 688 25 985 
 393 213 940 161 940 538 343 
 961 467 46 434 698 832 297 
 141 506 345 392 661 754 936 
 132 592 208 70 439 482 826 
 280 270 868 494 197 436 663 
 252 356 44 947 728 880 76 
 848 97 368 707 745 36 976 
 713 956 933 2 425 106 274 
 410 15 350 920 405 592 664 
 906 687 598 279 469 837 409 
 648 772 529 885 225 740 463 
 229 156 311 666 379 547 666 
 41 484 88 69 582 565 482 
 93 980 376 679 796 342 925 
 748 227 455 233 629 996 613 
 551 893 434 197 921 445 837 
 445 828 316 568 412 166 682 
 809 186 161 45 810 990 781 
 864 828 907 535 335 575 90 
 628 226 89 134 443 93 228 
 690 581 676 670 306 557 446 
 655 124 536 953 421 853 539 
 279 631 531 247 627 451 158 
 373 910 264 805 145 232 522 
 50 593 295 33 781 986 601 
 881 505 726 657 880 760 632 
 187 921 640 723 728 355 882 
 653 64 128 366 976 347 910 
 777 850 125 88 121 89 117 
 930 886 888 660 326 329 552 
 46 594 90 775 58 342 706 
 633 9 878 132 857 728 644 
 301 6 893 602 597 710 379 
 58 837 915 710 702 71 783 
 518 950 795 841 11 549 991 
 421 765 499 172 549 576 801 
 553 458 89 262 992 720 868 
 291 203 508 
 849 24 180 111 530 765 814 
 607 757 409 951 298 258 434 
 226 842 124 761 654 807 423 
 123 297 31 613 870 738 966 
 128 634 409 701 615 667 703 
 612 410 936 172 40 883 981 
 340 683 562 105 969 214 479 
 279 568 638 149 12 627 361 
 147 69 329 952 602 918 215 
 490 214 378 149 644 948 734 
 385 506 392 660 539 652 539 
 49 205 993 790 525 289 100 
 890 37 224 977 531 314 358 
 246 593 368 199 281 100 870 
 295 862 818 544 36 637 466 
 294 316 917 341 458 406 74 
 10 684 994 608 622 470 111 
 381 294 774 841 8 404 607 
 583 995 187 638 949 209 299 
 989 358 809 210 210 775 85 
 497 389 315 867 778 564 587 
 169 162 446 962 54 651 473 
 897 989 950 195 7 993 74 
 499 646 759 207 254 230 837 
 185 825 979 590 534 137 397 
 987 422 219 3 921 93 805 
 327 684 737 449 71 303 444 
 557 689 145 585 516 187 942 
 198 298 646 283 406 801 25 
 455 123 95 460 489 726 492 
 907 822 375 20 174 472 682 
 296 243 189 711 589 27 532 
 464 305 868 15 233 409 244 
 217 577 125 736 599 938 822 
 192 479 394 772 763 961 736 
 498 49 56 533 86 716 942 
 576 585 765 674 144 35 785 
 363 110 812 8 153 90 795 
 737 232 27 350 160 731 355 
 470 994 251 512 48 678 53 
 795 514 363 220 6 708 833 
 139 279 890 761 192 935 435 
 108 809 794 131 380 224 972 
 808 348 767 224 79 57 962 
 343 413 133 358 890 756 552 
 573 505 123 733 935 447 605 
 349 607 883 300 590 187 992 
 702 513 505 431 260 854 849 
 305 113 440 727 710 969 136 
 773 468 77 914 843 113 561 
 618 278 911 236 669 768 971 
 674 79 725 907 163 783 129 
 666 473 884 683 358 332 822 
 770 628 797 53 145 632 453 
 810 764 782 987 287 895 695 
 551 800 963 749 682 150 840 
 221 418 567 978 479 79 63 
 483 63 582 220 443 721 840 
 365 226 870 482 864 433 929 
 771 190 956 672 944 855 72 
 611 854 724 692 70 156 505 
 594 974 879 358 674 325 498 
 842 154 149 515 199 815 430 
 247 500 234 881 145 116 908 
 472 284 977 567 19 190 601 
 418 508 153 732 42 629 376 
 691 888 734 494 696 439 913 
 334 796 618 481 145 869 984 
 966 579 508 870 417 765 504 
 48 511 553 228 360 49 663 
 417 282 926 938 20 37 572 
 2 285 194 
 83 47 276 386 878 594 852 
 785 120 412 684 708 746 595 
 570 939 927 511 703 607 427 
 801 992 866 487 638 25 473 
 806 6 610 907 37 272 943 
 774 701 98 128 870 351 145 
 381 796 691 300 576 24 713 
 729 463 687 532 388 80 474 
 706 948 963 756 397 580 702 
 889 990 25 676 255 414 872 
 642 599 972 221 143 416 869 
 659 417 447 87 879 599 943 
 475 107 410 842 46 971 738 
 958 687 737 555 118 230 793 
 772 438 9 988 298 619 365 
 709 233 894 886 765 486 711 
 871 727 613 321 57 883 134 
 66 580 283 902 127 478 119 
 494 857 581 696 638 209 630 
 767 568 476 988 387 492 231 
 272 269 207 146 195 211 818 
 116 764 430 203 906 682 93 
 118 518 328 613 274 265 476 
 487 564 665 574 848 115 841 
 136 895 408 707 778 296 731 
 438 26 739 246 760 774 316 
 603 873 266 776 932 365 647 
 660 213 328 650 390 252 646 
 432 888 940 906 642 112 116 
 274 308 832 11 405 101 46 
 504 196 254 52 739 913 851 
 109 301 875 603 484 360 388 
 911 259 750 200 644 94 467 
 526 944 478 97 397 526 109 
 959 917 298 341 849 346 988 
 6 126 793 29 803 532 767 
 50 91 27 150 139 889 524 
 351 410 459 919 151 20 210 
 247 514 945 910 287 743 35 
 999 417 104 288 331 466 104 
 928 738 343 203 766 275 557 
 679 518 933 148 99 850 990 
 321 820 916 83 342 42 371 
 803 434 476 263 28 991 344 
 619 658 264 336 52 427 567 
 317 749 148 488 93 608 521 
 310 956 773 551 353 932 290 
 114 37 68 766 909 873 66 
 78 605 468 144 131 244 984 
 567 906 86 915 990 689 69 
 689 409 202 181 652 106 441 
 951 798 480 334 718 101 266 
 9 131 804 58 576 841 392 
 865 434 824 889 935 369 794 
 980 311 193 486 763 235 3 
 304 620 245 576 389 402 49 
 78 176 717 675 973 390 690 
 124 694 17 418 772 591 454 
 740 6 625 871 770 110 94 
 96 36 539 715 290 79 45 
 818 10 170 117 92 239 182 
 615 680 693 796 760 974 276 
 851 407 354 439 792 869 930 
 966 637 964 678 379 637 345 
 882 100 540 617 261 813 145 
 453 550 59 440 149 148 529 
 345 590 498 234 411 523 932 
 171 335 276 844 198 348 353 
 387 133 421 573 889 701 860 
 123 458 815 557 489 934 189 
 547 783 311 472 827 294 417 
 908 626 80 
 683 56 383 35 1000 319 16 
 573 116 945 277 503 190 390 
 311 857 418 815 975 713 795 
 348 206 763 27 349 760 448 
 187 946 207 318 729 289 984 
 850 636 786 168 592 753 180 
 821 471 11 702 45 933 532 
 397 694 973 758 193 2 547 
 143 70 393 219 640 931 747 
 149 573 612 916 481 530 919 
 446 122 338 224 469 708 719 
 806 557 365 720 698 740 245 
 517 243 631 333 428 27 5 
 601 377 383 717 997 479 553 
 521 584 530 741 136 83 368 
 781 364 272 450 501 296 683 
 286 406 703 329 842 491 972 
 299 336 469 141 249 837 455 
 471 726 328 424 336 871 554 
 676 406 907 257 570 915 578 
 180 59 285 157 759 455 367 
 385 804 792 250 363 549 123 
 305 338 532 466 703 711 758 
 90 928 182 363 549 306 466 
 183 399 26 401 958 385 430 
 732 585 872 318 933 315 706 
 801 118 434 38 336 710 510 
 904 829 306 331 431 130 717 
 254 351 762 375 705 789 632 
 111 135 550 816 632 206 926 
 402 317 359 194 144 204 511 
 45 731 27 963 194 74 534 
 830 646 270 499 362 779 582 
 228 839 347 398 666 903 27 
 878 289 213 212 195 776 457 
 384 912 165 60 760 90 315 
 852 160 78 234 655 183 708 
 682 895 392 224 359 826 234 
 788 387 758 991 926 575 654 
 567 539 608 503 34 617 825 
 514 584 973 956 439 489 825 
 152 502 347 531 9 901 686 
 254 546 56 857 225 723 36 
 251 921 410 34 689 304 3 
 395 611 882 216 992 236 203 
 159 366 877 19 542 452 385 
 860 815 196 326 889 307 683 
 945 934 408 377 14 703 386 
 543 986 322 443 172 976 516 
 578 373 685 101 492 272 117 
 635 870 39 170 310 797 205 
 608 456 908 242 241 867 611 
 494 193 992 607 831 720 763 
 838 410 931 903 431 155 451 
 787 651 710 936 601 574 257 
 589 995 12 423 299 468 51 
 725 41 239 556 170 99 155 
 849 697 638 217 158 222 372 
 843 967 826 604 340 925 462 
 231 495 607 785 778 57 106 
 650 31 13 185 348 194 531 
 291 261 212 904 168 701 570 
 77 193 862 202 783 121 792 
 2 105 424 922 529 699 593 
 991 962 368 320 758 605 827 
 502 248 796 487 528 695 877 
 137 595 555 364 998 400 356 
 653 748 575 687 285 225 388 
 552 831 550 436 700 381 602 
 255 691 524 61 170 248 797 
 347 35 472 445 324 604 428 
 420 133 291 
 799 430 713 448 61 644 806 
 651 658 231 727 712 190 594 
 157 637 2 924 444 29 163 
 864 614 476 897 829 890 409 
 942 155 130 506 895 637 232 
 371 924 287 750 404 312 68 
 327 277 663 641 929 483 474 
 110 887 967 963 746 289 35 
 881 948 66 972 643 537 901 
 277 116 8 271 954 740 975 
 154 431 192 772 558 659 774 
 651 616 241 803 786 416 544 
 72 981 635 96 104 818 270 
 691 298 317 389 428 543 754 
 678 243 891 251 449 876 820 
 479 740 434 635 767 872 879 
 221 591 165 600 832 121 950 
 330 86 161 28 480 595 799 
 35 911 791 944 647 31 218 
 212 28 706 714 726 608 82 
 278 453 153 797 496 333 686 
 647 349 37 256 539 723 94 
 284 225 447 840 239 734 620 
 588 320 390 786 737 547 555 
 772 448 779 595 960 654 413 
 682 772 221 413 709 110 385 
 841 345 376 139 791 255 685 
 543 736 801 254 862 417 761 
 42 491 925 573 961 54 981 
 709 856 170 562 584 730 630 
 888 17 595 838 490 270 84 
 519 21 642 828 565 223 839 
 829 341 308 166 426 921 347 
 578 786 511 357 831 366 816 
 849 214 889 105 304 549 668 
 851 787 888 118 555 22 970 
 390 113 427 706 249 769 239 
 302 834 28 261 208 357 331 
 396 651 810 656 249 35 73 
 589 732 488 953 969 276 905 
 129 574 489 495 34 948 38 
 313 27 59 874 73 315 826 
 843 232 92 819 234 63 732 
 843 700 945 410 194 357 761 
 995 983 533 615 298 465 767 
 985 881 77 310 235 442 290 
 455 663 140 422 532 475 942 
 518 654 173 60 544 704 662 
 405 969 547 505 257 470 629 
 675 418 123 544 416 737 596 
 228 874 382 711 172 696 268 
 398 801 655 3 605 321 595 
 251 248 261 732 96 594 13 
 833 194 93 436 333 50 308 
 692 508 636 82 39 684 807 
 201 258 540 581 426 618 317 
 371 959 243 386 144 922 868 
 361 829 452 349 367 185 996 
 252 965 129 181 426 189 761 
 966 720 554 749 345 432 770 
 719 427 214 365 518 557 611 
 115 35 158 517 46 787 559 
 24 940 523 644 707 235 127 
 606 610 131 56 161 583 893 
 777 358 224 476 472 640 550 
 295 917 614 730 788 212 493 
 1000 948 226 332 697 824 265 
 284 930 471 588 846 758 213 
 313 898 363 539 66 160 807 
 649 554 321 386 499 951 443 
 784 158 579 551 68 745 707 
 890 830 804 
 852 949 240 593 128 565 956 
 61 389 194 830 389 96 536 
 8 864 668 47 209 657 4 
 59 69 489 569 275 506 550 
 396 753 840 638 715 222 62 
 345 972 364 13 505 219 616 
 549 931 419 741 297 67 205 
 642 540 577 300 646 832 949 
 229 89 362 531 999 610 951 
 831 670 472 244 599 343 474 
 776 891 267 749 283 781 891 
 360 723 16 480 249 859 426 
 135 253 362 986 367 738 411 
 216 291 781 106 559 61 850 
 202 51 609 831 815 233 149 
 728 590 147 745 752 518 377 
 258 796 213 502 646 935 898 
 256 943 749 230 261 120 289 
 58 277 849 293 311 292 138 
 772 503 828 705 705 295 829 
 211 838 25 92 533 996 379 
 620 736 309 793 391 141 435 
 123 610 174 790 975 883 984 
 288 516 204 674 33 635 413 
 695 921 950 755 899 777 469 
 546 447 344 629 27 453 462 
 279 534 834 659 426 639 446 
 413 904 16 876 107 953 97 
 498 749 649 466 336 95 138 
 908 184 361 490 635 602 120 
 34 29 845 883 468 735 580 
 301 434 11 230 613 542 60 
 316 39 557 805 729 528 866 
 444 299 36 172 938 819 783 
 71 696 821 693 628 288 568 
 995 351 321 629 794 244 288 
 200 319 697 70 856 227 761 
 822 790 611 950 779 176 335 
 396 780 90 403 77 807 849 
 375 704 366 351 854 569 595 
 452 889 215 85 27 626 56 
 152 969 528 493 702 716 101 
 980 111 783 832 185 265 591 
 51 20 25 884 637 129 341 
 224 453 874 71 442 819 436 
 913 992 494 188 80 45 885 
 712 123 304 111 917 824 88 
 688 108 51 289 890 828 150 
 48 127 421 958 293 416 433 
 235 445 135 27 342 445 124 
 77 376 238 491 107 126 195 
 616 833 46 820 615 301 688 
 920 549 4 421 684 350 205 
 553 501 837 527 320 231 942 
 836 602 812 44 50 302 83 
 625 398 575 638 224 983 345 
 857 572 859 250 60 294 700 
 592 824 825 65 519 328 911 
 548 767 327 127 742 214 819 
 21 853 563 572 583 568 462 
 880 784 432 33 769 607 447 
 239 357 325 486 854 956 625 
 80 678 863 531 304 758 109 
 827 890 595 36 687 572 607 
 921 678 330 603 777 239 196 
 165 348 17 921 984 300 9 
 504 911 720 605 131 143 497 
 531 714 454 249 265 152 983 
 566 379 479 627 267 309 428 
 174 793 238 635 239 304 649 
 705 406 144 346 851 674 517 
 638 826 386 
 925 839 346 455 803 681 199 
 979 122 528 423 21 201 357 
 102 479 392 829 756 262 806 
 672 414 15 520 273 199 33 
 898 683 36 6 685 622 650 
 641 52 868 664 543 718 574 
 668 934 3 789 855 878 647 
 226 680 681 247 733 233 220 
 599 662 867 850 103 948 130 
 429 384 144 184 332 427 401 
 979 227 444 286 358 182 409 
 358 688 627 701 47 174 458 
 402 800 305 717 618 247 824 
 735 364 426 508 206 703 142 
 925 592 352 641 71 943 691 
 904 516 629 75 831 632 574 
 2 844 423 991 39 162 344 
 634 658 239 149 502 297 196 
 65 713 856 216 961 693 171 
 499 829 195 227 67 815 347 
 649 761 217 390 70 336 419 
 961 614 587 251 851 104 939 
 340 945 511 819 962 453 437 
 436 27 419 452 136 477 79 
 820 47 271 79 932 786 697 
 109 33 107 106 721 504 929 
 501 448 179 125 467 598 532 
 942 87 756 805 204 204 994 
 916 567 198 819 847 821 315 
 387 947 29 128 889 788 214 
 771 133 75 63 988 792 875 
 205 555 206 114 462 895 308 
 160 696 755 617 273 288 210 
 999 987 532 260 966 638 696 
 831 484 69 113 351 270 849 
 874 713 613 328 522 435 257 
 928 362 36 927 311 647 290 
 2 389 116 454 490 759 189 
 530 559 405 475 318 700 686 
 658 662 180 569 108 636 766 
 443 52 660 447 103 106 955 
 251 64 498 831 300 351 650 
 141 598 757 503 196 120 336 
 679 437 779 286 108 631 887 
 899 221 212 698 962 244 822 
 448 685 479 831 514 837 392 
 514 174 168 275 277 145 109 
 122 979 39 744 563 996 15 
 54 188 371 927 960 756 930 
 683 935 641 232 676 716 585 
 638 842 885 337 357 961 838 
 926 63 157 317 791 711 222 
 860 7 834 529 12 724 338 
 508 326 41 542 887 17 492 
 11 755 387 6 81 420 1000 
 510 254 46 515 788 267 408 
 119 958 104 547 372 604 287 
 337 490 476 867 350 495 421 
 760 304 400 444 695 821 114 
 649 360 792 814 22 750 251 
 806 900 384 340 930 6 749 
 103 888 570 189 815 423 907 
 175 381 954 560 863 748 349 
 314 236 450 233 199 706 630 
 31 386 36 841 7 783 407 
 983 398 951 655 723 240 64 
 634 627 515 113 662 272 343 
 136 859 468 198 853 393 193 
 72 130 848 198 124 281 881 
 361 638 276 360 194 547 978 
 173 213 717 870 519 869 78 
 823 536 673 
 990 384 22 464 125 445 879 
 348 344 234 778 816 476 787 
 237 329 139 3 530 725 169 
 438 304 590 757 21 931 693 
 728 236 188 439 216 549 118 
 937 609 643 749 954 984 550 
 751 236 471 921 935 706 639 
 373 166 617 201 851 696 382 
 26 564 759 75 922 185 891 
 401 259 201 180 373 202 166 
 709 954 384 670 520 498 101 
 99 153 964 488 577 84 340 
 809 138 109 789 875 404 155 
 655 651 669 28 905 49 692 
 504 621 529 671 573 110 624 
 739 101 770 894 672 248 15 
 728 360 59 887 307 923 182 
 291 880 924 231 665 515 857 
 864 733 201 389 649 889 284 
 445 341 620 240 917 5 43 
 219 624 927 283 551 249 668 
 682 542 925 204 808 2 60 
 130 624 418 84 311 646 555 
 980 904 977 469 713 590 125 
 153 682 9 975 283 108 540 
 399 675 557 215 436 435 336 
 575 772 192 69 797 486 568 
 854 929 917 640 402 356 580 
 923 98 544 546 577 532 921 
 740 830 979 552 741 437 147 
 267 223 976 749 878 54 89 
 687 136 489 246 304 389 256 
 135 910 823 916 558 392 75 
 9 346 747 508 948 676 189 
 611 124 166 899 657 10 999 
 387 506 272 791 505 546 771 
 106 505 476 120 247 313 383 
 632 590 788 935 619 515 926 
 340 725 245 931 708 875 341 
 14 945 821 871 947 803 17 
 546 363 228 58 38 466 390 
 941 570 666 380 431 76 950 
 755 456 829 918 478 633 730 
 261 716 532 970 708 259 39 
 32 756 688 856 824 654 878 
 904 841 594 978 359 384 114 
 888 379 374 636 279 808 254 
 658 485 518 697 170 387 373 
 909 979 686 178 298 542 499 
 103 323 785 919 755 548 162 
 897 294 191 280 545 899 918 
 545 669 475 144 794 415 125 
 484 282 656 888 7 382 347 
 572 485 202 449 740 889 252 
 576 116 565 449 291 802 720 
 876 951 6 211 538 195 465 
 378 367 893 23 34 926 500 
 539 335 18 321 151 18 336 
 637 800 828 32 569 619 374 
 64 343 523 316 399 972 309 
 829 649 10 762 684 128 735 
 370 595 829 383 304 580 777 
 26 737 624 407 37 988 131 
 189 577 256 758 318 654 233 
 82 592 502 313 189 78 681 
 557 86 382 556 223 488 120 
 576 829 728 795 68 211 639 
 583 506 518 15 802 385 844 
 37 459 240 219 274 288 398 
 808 473 192 121 324 992 984 
 933 462 335 862 1000 275 611 
 295 855 582 
 399 665 547 47 382 503 433 
 324 675 832 693 515 909 334 
 83 251 243 223 890 206 499 
 342 10 559 370 751 223 10 
 51 285 525 448 384 620 10 
 743 290 173 729 235 672 20 
 788 592 617 363 942 154 362 
 876 428 858 926 649 890 346 
 360 956 461 914 98 22 476 
 770 843 120 924 982 554 547 
 544 936 797 472 414 433 24 
 326 391 389 230 255 822 146 
 49 577 478 14 913 741 505 
 307 950 617 140 100 863 934 
 436 884 374 610 343 683 497 
 339 802 1000 209 423 110 188 
 623 630 505 908 796 189 638 
 349 710 841 332 485 497 895 
 679 582 371 70 568 9 942 
 129 693 556 684 869 137 923 
 636 407 738 911 854 908 325 
 962 319 493 33 726 733 856 
 29 488 850 767 515 488 66 
 863 457 429 139 424 588 762 
 414 551 179 115 297 350 252 
 206 538 926 777 866 227 354 
 56 416 40 91 334 100 578 
 698 337 914 785 657 655 424 
 995 600 818 567 511 737 872 
 465 568 803 820 385 666 462 
 702 389 47 883 363 749 526 
 481 93 9 399 399 864 852 
 369 893 593 785 72 313 671 
 130 408 482 503 67 282 174 
 873 816 233 156 820 43 762 
 744 641 412 623 667 802 486 
 259 134 9 581 267 946 48 
 210 777 1 469 202 839 706 
 241 994 494 352 412 995 372 
 119 34 781 815 155 308 452 
 139 152 838 173 789 488 20 
 279 230 361 748 442 278 123 
 722 360 614 802 670 62 412 
 544 861 9 756 95 593 833 
 795 345 41 510 883 144 689 
 524 77 525 337 713 850 849 
 229 896 200 452 46 309 612 
 25 717 527 236 510 211 308 
 826 229 857 872 55 868 555 
 355 38 252 259 669 899 395 
 199 242 791 754 978 38 549 
 783 715 111 786 568 495 157 
 86 27 951 162 701 600 137 
 314 100 291 520 809 92 251 
 332 478 952 37 343 588 486 
 893 291 466 559 225 335 887 
 390 790 692 464 771 887 297 
 509 733 457 555 14 889 199 
 177 593 837 318 35 33 922 
 400 1000 829 741 178 418 598 
 453 140 242 421 290 451 411 
 864 785 737 264 803 114 679 
 644 878 70 263 726 19 905 
 796 680 692 419 990 435 638 
 438 224 717 984 71 208 38 
 554 117 248 869 821 386 937 
 829 934 876 619 359 945 747 
 940 398 455 232 734 925 720 
 506 863 640 280 224 583 893 
 993 245 892 49 484 879 277 
 698 470 678 704 536 308 124 
 724 458 303 
 480 165 154 701 595 275 72 
 661 399 322 639 145 891 672 
 833 897 264 672 172 540 352 
 33 873 997 291 269 889 998 
 265 914 654 247 750 499 754 
 77 841 268 306 268 75 759 
 951 682 231 842 771 480 798 
 349 494 105 688 948 556 488 
 242 112 655 900 11 742 3 
 283 492 213 453 567 586 728 
 458 267 428 583 361 3 645 
 613 121 270 817 738 904 693 
 40 622 712 777 540 571 635 
 270 682 927 440 657 330 667 
 236 211 358 839 705 131 276 
 753 917 508 836 906 875 467 
 368 976 554 943 703 289 264 
 974 880 227 356 724 902 358 
 86 595 344 6 119 945 917 
 650 175 4 658 478 627 261 
 116 345 675 551 28 446 556 
 783 741 114 474 329 110 218 
 147 702 368 90 868 295 838 
 389 381 528 632 448 36 77 
 70 53 602 614 565 649 575 
 442 59 852 821 36 58 203 
 23 136 838 463 528 540 78 
 580 668 167 733 297 799 314 
 710 618 175 984 161 559 842 
 47 103 778 743 572 111 915 
 758 888 630 524 167 900 57 
 899 587 862 874 219 940 129 
 476 457 413 14 894 247 57 
 332 801 323 221 936 491 789 
 693 813 359 674 39 578 738 
 516 113 334 749 317 907 956 
 667 31 556 542 899 918 758 
 467 771 592 562 473 320 761 
 33 945 791 209 887 780 595 
 418 831 9 268 715 646 660 
 820 990 801 933 673 513 502 
 742 826 279 404 339 994 772 
 913 430 965 538 143 97 373 
 431 133 67 139 755 567 374 
 646 898 966 775 629 973 845 
 731 949 489 944 113 1 388 
 644 884 756 379 519 45 672 
 638 606 314 212 550 353 240 
 927 843 943 994 367 168 152 
 623 224 179 182 717 86 21 
 91 407 624 646 41 255 626 
 406 132 60 137 60 48 570 
 820 294 417 845 888 324 382 
 315 768 637 397 52 110 463 
 381 10 51 808 638 424 816 
 773 953 660 707 477 383 733 
 673 124 818 971 550 328 238 
 400 636 694 109 610 487 515 
 541 190 709 305 810 164 814 
 479 90 940 688 735 165 668 
 407 918 89 294 814 166 303 
 211 56 716 447 403 477 696 
 844 743 238 943 71 373 439 
 434 100 785 487 532 599 171 
 504 591 565 205 742 460 874 
 416 554 308 613 812 836 457 
 21 92 171 627 34 707 36 
 467 820 144 867 362 613 842 
 948 167 733 845 984 106 464 
 328 33 460 313 284 340 451 
 357 956 689 951 48 148 164 
 565 161 316 
 273 334 36 561 17 151 506 
 664 151 751 635 129 305 675 
 511 149 438 520 327 288 540 
 589 479 116 255 999 32 995 
 593 145 734 747 109 425 78 
 887 369 419 670 937 654 284 
 402 705 97 167 778 140 887 
 568 716 333 443 193 578 428 
 479 568 588 569 51 13 228 
 303 544 20 955 361 92 798 
 487 942 323 239 937 460 146 
 8 904 901 915 3 928 763 
 863 56 823 317 607 330 749 
 711 817 137 145 114 883 101 
 323 433 808 703 142 783 557 
 184 98 257 227 941 794 623 
 898 625 290 666 234 754 646 
 333 497 54 890 307 627 501 
 254 435 269 286 414 829 63 
 871 778 692 133 621 82 706 
 804 727 544 324 981 867 11 
 338 979 877 206 157 308 748 
 269 917 905 874 50 810 918 
 127 411 951 856 53 341 29 
 593 761 972 621 493 142 817 
 915 682 633 946 51 442 107 
 160 292 504 283 324 615 764 
 344 831 215 350 807 75 709 
 412 553 501 210 91 673 494 
 795 903 280 542 132 291 457 
 64 589 423 140 732 68 157 
 931 839 448 538 246 619 913 
 157 982 582 456 105 460 194 
 779 82 367 257 997 329 792 
 839 534 703 277 213 943 643 
 919 106 244 108 437 712 904 
 717 236 470 834 772 405 219 
 57 537 109 389 104 94 251 
 749 505 987 803 395 115 118 
 965 889 315 581 245 729 100 
 571 408 21 982 12 755 402 
 192 161 532 691 350 994 229 
 782 448 495 436 337 504 317 
 299 396 385 40 560 467 880 
 101 165 314 812 300 157 190 
 660 591 26 997 333 902 985 
 813 616 686 955 101 133 422 
 130 39 994 447 512 287 753 
 350 735 204 93 523 511 68 
 379 350 91 61 353 775 58 
 567 727 106 791 747 647 581 
 583 33 373 385 782 980 879 
 193 225 479 988 695 632 236 
 316 623 204 232 699 922 626 
 816 756 874 642 922 903 494 
 371 371 211 261 122 836 674 
 202 935 939 575 60 774 178 
 144 562 726 578 187 401 411 
 542 722 678 275 56 775 122 
 891 900 517 88 855 605 516 
 71 132 259 970 992 606 802 
 474 775 744 625 710 746 495 
 663 788 242 317 462 762 964 
 486 724 752 438 932 837 586 
 450 235 323 50 508 492 249 
 487 947 674 874 176 218 806 
 252 462 876 283 499 709 753 
 961 791 257 586 106 717 544 
 966 677 567 948 747 206 739 
 740 291 98 620 807 100 723 
 802 256 29 649 290 72 889 
 835 278 751 
 998 863 986 472 34 687 971 
 983 538 591 720 804 987 632 
 486 724 60 863 845 179 553 
 970 419 804 465 744 236 804 
 330 598 535 922 497 864 839 
 32 260 878 142 110 139 922 
 121 714 946 242 539 185 680 
 554 195 604 948 335 133 579 
 540 347 314 746 510 652 454 
 974 922 820 869 151 126 334 
 461 475 512 932 929 598 240 
 467 291 210 933 652 207 512 
 532 601 768 388 424 803 779 
 114 349 14 869 171 170 673 
 861 942 497 271 577 71 320 
 744 730 199 326 908 478 401 
 61 724 913 392 857 256 27 
 945 276 400 152 484 303 332 
 490 681 592 850 95 573 846 
 146 482 634 150 187 441 159 
 731 332 252 332 759 354 609 
 860 779 421 727 472 640 585 
 913 488 436 724 374 952 692 
 92 114 804 948 47 351 108 
 39 415 945 405 751 372 412 
 557 643 447 86 124 763 919 
 868 171 53 982 341 421 117 
 177 761 408 966 930 495 523 
 419 229 705 180 20 900 616 
 529 290 363 103 66 785 155 
 401 984 576 207 257 216 505 
 72 981 869 784 840 234 913 
 598 673 774 746 179 884 943 
 284 510 593 399 178 860 577 
 348 132 713 948 641 368 522 
 908 655 760 374 118 873 79 
 415 804 794 843 693 187 518 
 776 221 69 883 291 148 534 
 198 130 974 151 589 236 644 
 317 856 27 281 814 166 931 
 27 633 784 354 130 554 784 
 14 810 352 97 47 608 311 
 451 817 262 12 180 751 982 
 924 144 64 249 299 892 307 
 69 654 541 66 520 984 52 
 360 815 748 966 289 964 367 
 300 886 475 3 688 453 636 
 170 778 3 614 601 677 49 
 120 257 93 447 942 788 645 
 11 365 251 202 887 663 210 
 978 902 93 680 490 908 33 
 8 585 769 742 97 688 740 
 829 125 270 367 305 260 533 
 510 493 742 758 823 763 371 
 333 784 11 163 572 667 125 
 828 753 91 559 518 943 307 
 741 504 333 339 732 537 649 
 634 308 238 82 154 921 215 
 503 766 64 295 499 28 426 
 767 918 306 906 362 978 306 
 638 734 210 589 480 584 706 
 376 193 812 118 442 90 135 
 109 161 730 604 690 616 382 
 224 21 721 852 815 758 49 
 438 851 13 248 695 952 249 
 109 799 616 991 948 694 863 
 167 895 994 677 477 909 496 
 639 700 356 748 213 787 24 
 537 34 789 105 248 950 969 
 206 457 171 38 340 690 128 
 403 277 250 233 162 72 659 
 147 315 596 
 635 56 336 180 882 567 108 
 457 802 89 282 123 480 795 
 759 61 724 23 198 499 601 
 969 192 716 253 402 816 727 
 808 606 15 551 332 686 44 
 559 193 141 97 436 805 507 
 926 29 38 379 254 355 904 
 845 932 240 901 234 99 441 
 95 483 24 891 454 905 696 
 230 378 297 849 636 79 576 
 130 897 476 520 289 192 746 
 406 360 385 173 604 158 732 
 716 108 599 220 776 59 259 
 803 998 673 48 378 405 594 
 959 301 558 63 78 208 118 
 993 50 956 349 203 707 415 
 780 436 605 351 560 790 426 
 948 137 579 177 681 65 864 
 948 633 813 145 461 953 173 
 42 310 793 571 494 307 177 
 814 810 495 693 115 414 185 
 449 168 265 885 883 785 658 
 546 483 966 910 79 228 378 
 756 788 895 620 810 226 435 
 516 222 729 383 797 124 886 
 667 36 474 153 122 964 68 
 472 568 704 616 245 611 933 
 866 383 755 645 566 555 712 
 284 142 953 280 703 313 711 
 150 410 752 302 73 542 791 
 182 906 61 520 946 979 646 
 870 339 975 190 732 997 630 
 764 412 724 965 771 903 420 
 63 422 536 451 190 453 926 
 432 543 938 869 56 616 793 
 956 100 147 971 76 467 928 
 882 133 161 396 193 840 133 
 420 843 436 283 879 568 594 
 798 262 415 359 459 765 830 
 453 206 742 650 800 989 466 
 112 753 455 102 839 404 306 
 191 459 722 806 590 19 406 
 694 186 109 360 248 104 238 
 83 368 554 668 150 409 283 
 111 957 399 686 267 357 469 
 570 351 738 361 510 163 169 
 345 427 203 564 836 494 781 
 105 944 123 788 145 335 88 
 203 273 625 214 40 186 144 
 385 782 977 325 610 393 342 
 590 672 975 925 996 163 291 
 606 926 749 465 37 375 238 
 920 377 336 366 259 997 925 
 721 830 728 768 33 536 172 
 721 15 397 441 680 895 641 
 903 424 470 564 317 603 645 
 807 765 677 115 643 700 610 
 283 268 970 262 962 487 142 
 617 159 946 367 231 553 252 
 810 120 218 208 414 868 228 
 828 801 612 79 529 296 633 
 856 419 513 894 25 662 937 
 468 843 13 773 761 419 802 
 153 79 200 996 545 894 272 
 564 707 753 365 277 409 657 
 467 726 343 140 78 938 537 
 419 438 250 882 23 242 95 
 980 537 62 202 58 371 675 
 663 223 17 50 901 429 847 
 481 326 277 170 889 727 713 
 742 70 39 275 915 660 911 
 652 518 249 
 341 979 544 462 544 779 321 
 140 436 275 466 673 251 396 
 334 384 543 94 918 482 2 
 223 94 166 786 783 676 257 
 293 495 426 694 352 931 111 
 52 71 644 26 34 259 614 
 17 315 719 361 509 161 257 
 867 94 276 329 248 269 375 
 931 134 958 86 420 132 402 
 618 878 851 134 160 556 915 
 765 237 692 239 942 49 943 
 940 549 110 714 316 226 591 
 19 173 451 217 914 952 514 
 131 852 914 143 573 897 540 
 468 170 152 795 395 372 56 
 631 8 771 173 452 45 734 
 316 786 265 413 992 477 704 
 652 632 876 897 200 990 593 
 833 783 304 813 235 362 548 
 577 420 273 821 125 248 737 
 961 385 166 280 222 869 268 
 781 704 112 971 384 668 634 
 384 997 305 858 464 520 451 
 271 584 839 735 32 760 514 
 685 74 725 27 161 860 264 
 974 744 939 715 399 987 127 
 613 629 61 203 522 282 805 
 797 443 192 914 833 630 299 
 544 93 910 881 31 308 464 
 385 238 932 803 246 419 159 
 653 491 674 41 565 507 774 
 110 117 943 874 665 291 23 
 653 204 51 333 650 330 551 
 668 164 54 289 611 425 826 
 126 273 701 7 323 176 971 
 7 949 418 756 667 473 228 
 664 654 944 677 389 335 488 
 356 258 479 706 612 610 246 
 520 97 97 165 458 976 272 
 747 533 936 392 880 227 738 
 344 971 928 977 167 821 913 
 257 225 34 845 378 418 211 
 817 425 355 140 204 363 630 
 973 671 713 963 891 587 841 
 752 613 279 282 635 438 544 
 854 216 693 663 149 25 822 
 825 997 248 598 433 332 533 
 777 958 289 776 747 516 589 
 598 40 284 557 708 629 866 
 148 108 499 186 418 178 431 
 2 944 805 74 861 479 174 
 881 757 763 274 980 590 810 
 288 79 859 684 689 42 921 
 106 218 984 860 103 235 602 
 141 287 29 362 849 209 269 
 183 113 606 459 931 331 359 
 626 125 707 528 828 263 977 
 54 133 832 825 105 84 439 
 245 658 408 284 571 740 513 
 214 309 490 114 556 540 827 
 903 860 884 504 323 837 182 
 97 294 998 265 731 120 594 
 53 531 409 618 725 838 476 
 96 289 344 751 420 598 305 
 187 689 599 647 683 110 256 
 558 558 364 615 767 957 913 
 993 491 460 65 229 950 369 
 79 275 340 974 607 682 797 
 165 276 44 151 792 792 242 
 464 510 590 399 856 980 897 
 869 680 393 274 314 782 184 
 764 401 827 
 212 321 591 138 125 704 628 
 153 717 781 622 269 689 462 
 220 503 631 846 448 480 924 
 716 74 806 251 513 27 99 
 780 764 952 146 259 469 715 
 881 147 828 504 61 974 335 
 957 569 558 245 479 580 440 
 125 115 181 646 654 387 471 
 249 997 581 380 657 152 227 
 323 668 821 565 730 640 898 
 950 761 576 739 16 12 72 
 772 760 639 865 540 530 759 
 163 790 931 596 413 494 1000 
 768 678 337 66 830 137 609 
 710 51 426 690 101 854 700 
 496 952 998 53 460 74 448 
 368 906 931 917 337 525 856 
 461 606 941 260 918 162 510 
 644 731 201 464 829 493 19 
 461 894 66 360 974 261 903 
 783 276 155 671 559 672 975 
 177 330 42 579 706 764 442 
 144 696 119 879 794 986 700 
 650 19 840 153 322 457 182 
 182 478 87 79 997 669 772 
 27 276 453 661 425 917 541 
 779 795 128 499 157 708 12 
 437 916 378 315 672 488 156 
 950 98 485 114 789 480 221 
 854 120 710 189 598 273 338 
 407 135 634 311 866 552 8 
 555 843 4 458 263 673 53 
 796 129 556 249 289 468 171 
 134 413 387 32 300 30 951 
 933 591 302 742 971 913 169 
 119 278 697 558 911 465 910 
 63 918 458 978 201 558 726 
 366 971 361 899 570 358 471 
 840 697 529 497 29 37 953 
 785 297 648 898 822 951 470 
 233 113 96 427 125 49 927 
 16 889 662 847 733 714 256 
 925 413 1 941 540 69 871 
 236 764 562 427 292 442 204 
 190 524 87 543 561 569 760 
 299 859 321 1000 857 596 314 
 647 853 232 417 160 945 20 
 940 213 647 538 607 460 452 
 925 415 806 886 332 415 148 
 411 142 854 56 551 473 413 
 628 779 594 553 501 365 388 
 429 85 109 937 245 51 641 
 162 602 163 517 22 776 205 
 276 764 169 94 628 648 480 
 233 341 559 93 956 960 460 
 52 434 727 270 355 907 672 
 575 567 357 1 597 230 417 
 459 366 170 870 631 222 314 
 383 409 56 592 187 110 702 
 146 463 862 608 417 582 65 
 422 116 99 228 830 18 85 
 889 389 514 568 343 373 18 
 610 951 522 89 37 25 949 
 501 693 274 172 140 822 382 
 528 195 192 485 541 111 165 
 263 671 647 832 975 1000 334 
 686 826 836 682 881 747 777 
 590 504 414 679 992 409 457 
 931 425 505 168 779 560 697 
 369 777 61 337 91 904 134 
 545 605 656 51 108 386 314 
 690 786 973 
 482 162 34 30 974 176 100 
 794 858 908 248 301 226 856 
 873 775 276 237 342 150 875 
 94 118 633 196 345 433 632 
 510 201 311 788 588 237 137 
 994 99 637 185 95 826 274 
 978 451 571 364 143 733 333 
 160 477 938 767 543 488 892 
 453 911 758 764 130 847 317 
 400 506 957 590 251 388 360 
 494 679 625 765 728 347 592 
 995 44 556 932 669 230 845 
 604 434 310 422 713 997 211 
 110 486 589 551 920 329 325 
 896 103 251 729 436 841 505 
 637 954 845 599 597 296 228 
 282 620 888 88 179 350 818 
 7 186 404 879 822 424 394 
 867 206 610 586 824 447 935 
 63 834 87 632 465 911 928 
 514 419 195 709 277 958 468 
 11 658 579 890 175 999 947 
 420 644 170 95 306 625 822 
 78 174 539 992 82 394 200 
 168 305 352 638 561 645 684 
 239 503 106 18 782 979 274 
 54 126 808 995 216 215 714 
 923 251 984 428 617 242 227 
 278 675 698 99 657 838 61 
 910 34 857 124 498 999 809 
 81 697 453 59 719 572 117 
 699 379 465 890 815 968 836 
 276 338 51 487 490 897 442 
 753 401 456 781 968 71 810 
 218 374 725 826 466 876 160 
 189 637 969 191 763 590 985 
 602 338 366 942 206 929 194 
 119 163 205 740 339 857 869 
 57 467 574 653 551 267 866 
 6 477 799 788 320 744 213 
 980 908 489 422 824 996 8 
 572 747 95 455 283 368 222 
 582 7 170 343 929 353 825 
 709 891 785 524 444 681 306 
 330 45 319 944 590 406 748 
 322 605 462 796 671 113 323 
 185 499 483 508 72 118 475 
 926 165 696 639 231 582 511 
 29 20 680 596 80 123 59 
 9 884 80 534 283 298 271 
 51 231 442 654 697 110 28 
 24 196 544 60 449 100 930 
 673 645 615 775 396 935 31 
 695 712 947 540 538 878 2 
 48 267 94 432 205 381 629 
 679 334 590 521 130 352 365 
 437 761 31 309 653 471 631 
 879 561 404 97 754 897 380 
 682 330 45 100 218 360 257 
 352 569 831 186 7 706 769 
 92 352 53 869 39 261 517 
 219 613 236 150 801 684 428 
 732 748 684 382 820 160 775 
 16 467 243 819 608 872 430 
 386 797 915 305 404 925 922 
 88 753 437 151 866 656 796 
 803 331 614 326 521 551 655 
 386 402 317 222 475 788 189 
 725 639 954 537 651 225 562 
 212 497 174 1000 798 922 490 
 253 355 958 16 639 399 885 
 667 848 89 
 468 456 62 66 689 991 133 
 60 918 358 766 490 399 324 
 510 868 411 901 439 983 580 
 475 175 846 767 319 818 747 
 723 106 824 652 385 54 238 
 341 632 860 950 849 181 843 
 677 368 429 301 656 239 562 
 538 806 835 679 929 764 627 
 171 370 612 24 575 780 594 
 422 440 119 323 127 803 161 
 486 140 372 41 399 691 301 
 525 392 422 903 684 15 826 
 929 707 365 578 563 232 244 
 622 809 680 797 104 273 680 
 517 80 571 758 485 341 419 
 830 596 722 959 75 837 570 
 993 643 856 331 428 217 354 
 171 638 601 978 446 250 510 
 339 834 58 476 739 369 295 
 836 421 524 320 794 971 471 
 108 584 681 961 928 816 305 
 776 726 884 602 238 164 110 
 32 838 408 599 850 36 348 
 408 718 368 718 826 796 281 
 381 614 949 385 66 3 33 
 236 644 307 915 23 833 684 
 478 739 285 327 964 887 253 
 754 531 798 464 14 365 662 
 114 713 147 635 512 441 529 
 423 683 764 344 627 613 386 
 654 146 213 608 150 690 377 
 451 519 889 440 568 5 496 
 565 534 938 883 139 800 202 
 900 395 291 360 754 190 156 
 788 958 684 728 834 495 248 
 968 977 2 961 82 17 883 
 313 720 1 170 115 71 107 
 30 903 639 24 515 550 653 
 738 523 812 483 38 413 239 
 170 718 95 315 861 888 877 
 860 293 425 119 672 139 671 
 148 187 969 656 689 976 103 
 870 47 871 111 71 616 155 
 296 798 768 968 722 147 483 
 407 398 539 945 666 19 360 
 356 774 72 734 422 387 901 
 251 115 381 312 27 122 719 
 488 414 594 357 3 499 694 
 166 792 609 169 275 243 82 
 128 115 364 317 794 794 247 
 871 272 165 242 202 772 830 
 704 817 722 135 704 936 833 
 168 492 606 385 433 491 471 
 106 359 381 236 240 479 138 
 674 144 132 17 562 641 272 
 305 701 403 187 42 286 729 
 622 616 221 613 334 973 847 
 464 442 27 982 758 788 508 
 146 155 335 10 917 792 340 
 214 247 531 532 801 822 194 
 844 795 978 541 364 15 964 
 726 519 203 677 378 168 81 
 38 565 608 943 523 639 97 
 358 950 400 962 220 933 69 
 841 306 515 303 810 526 7 
 759 777 94 974 404 609 960 
 817 633 426 732 415 943 93 
 254 808 517 23 421 791 842 
 230 206 357 206 703 637 845 
 636 852 344 907 736 886 212 
 475 159 181 36 787 395 874 
 461 768 748 
 201 794 473 278 904 680 102 
 196 529 657 214 23 623 474 
 59 303 121 379 551 22 553 
 361 338 943 732 78 66 426 
 168 683 866 348 583 698 718 
 464 605 710 427 55 234 311 
 306 193 248 199 750 161 764 
 775 2 922 644 6 12 684 
 213 214 631 540 874 446 124 
 854 108 191 774 444 828 24 
 656 452 641 456 623 978 226 
 295 158 42 610 762 893 172 
 934 707 361 54 800 125 794 
 218 794 735 375 52 569 976 
 138 18 351 301 859 697 270 
 931 421 539 813 247 403 755 
 644 823 584 332 200 262 897 
 700 822 810 291 996 870 470 
 27 5 679 78 266 274 252 
 390 989 7 562 360 222 557 
 337 874 716 314 379 524 162 
 786 56 570 475 480 829 517 
 657 771 584 434 904 216 909 
 536 949 428 917 306 341 110 
 643 152 576 142 967 461 746 
 712 942 913 285 582 960 228 
 136 224 63 47 157 565 951 
 347 709 167 115 478 404 287 
 106 697 629 246 867 498 995 
 463 869 930 20 453 685 358 
 335 288 670 239 495 510 451 
 752 622 459 900 866 259 616 
 145 513 415 21 113 916 674 
 327 273 143 561 48 357 369 
 412 249 416 13 424 135 20 
 768 585 656 145 767 78 197 
 821 46 786 461 767 336 261 
 621 772 714 719 9 53 614 
 544 785 46 801 208 252 400 
 347 233 949 913 153 318 656 
 449 12 346 43 20 576 633 
 412 438 892 183 974 289 476 
 578 692 927 992 17 153 321 
 650 576 661 283 546 170 144 
 558 130 254 12 123 192 213 
 692 800 615 793 854 836 444 
 757 794 946 57 20 215 464 
 604 547 762 940 741 334 350 
 243 185 139 962 769 369 528 
 973 920 330 797 898 841 419 
 602 916 795 273 519 152 790 
 946 389 700 527 98 735 507 
 737 65 640 166 839 17 307 
 305 900 177 229 227 975 931 
 643 772 359 485 347 700 138 
 210 500 711 478 798 444 938 
 827 675 373 716 79 319 302 
 236 855 186 107 135 374 560 
 21 206 880 586 863 18 875 
 173 357 287 378 871 533 496 
 736 669 58 232 607 319 356 
 772 942 62 546 594 764 314 
 3 770 455 390 519 550 987 
 672 528 467 283 9 680 733 
 177 425 945 124 830 784 751 
 96 256 492 238 653 70 22 
 170 550 492 347 650 124 479 
 11 380 411 496 580 279 777 
 17 460 707 70 193 824 25 
 337 399 71 922 16 855 285 
 905 461 583 400 391 626 121 
 709 41 235 
 319 401 212 381 368 254 948 
 730 580 619 711 306 1 34 
 629 936 619 320 852 994 709 
 31 973 126 370 724 72 316 
 490 447 128 736 453 933 502 
 564 482 959 167 703 548 520 
 844 424 401 346 341 617 970 
 262 933 700 41 852 555 238 
 694 992 654 93 823 89 359 
 851 899 689 83 504 173 670 
 63 897 802 363 906 386 345 
 61 776 900 540 790 740 319 
 531 420 795 142 355 607 297 
 406 337 716 749 396 280 612 
 203 257 236 756 28 638 60 
 515 344 895 777 805 279 433 
 954 970 194 243 315 190 333 
 383 993 134 201 445 934 192 
 507 315 525 119 222 318 148 
 760 720 383 652 208 183 95 
 794 450 458 688 443 730 327 
 608 217 402 304 791 16 544 
 749 843 440 467 640 912 632 
 489 147 697 542 619 753 108 
 369 915 630 641 715 419 952 
 497 775 237 123 294 750 849 
 109 327 745 738 974 744 134 
 440 885 779 139 939 866 608 
 811 980 312 989 451 972 7 
 167 548 456 130 284 558 523 
 141 85 881 107 180 775 963 
 22 252 732 520 396 10 172 
 956 84 149 245 498 580 309 
 491 602 649 280 975 989 322 
 392 369 704 789 590 813 498 
 534 444 583 366 100 838 439 
 486 337 279 706 301 245 642 
 6 371 170 919 203 671 85 
 297 418 190 793 865 359 966 
 938 557 286 481 44 559 719 
 418 379 173 633 680 351 987 
 519 925 605 874 573 118 54 
 583 544 273 421 252 289 992 
 963 710 760 399 971 780 216 
 94 797 978 47 423 131 273 
 362 903 773 391 946 189 52 
 789 64 652 553 468 289 632 
 131 519 122 689 483 351 667 
 899 127 105 131 362 808 888 
 559 989 565 569 881 178 259 
 546 378 755 107 138 808 803 
 306 312 110 508 391 586 894 
 267 478 708 767 898 743 28 
 463 459 574 503 302 333 592 
 606 960 449 18 238 265 361 
 226 394 645 861 970 273 967 
 37 544 823 93 397 934 428 
 110 436 858 926 691 19 677 
 1000 918 438 221 344 270 884 
 969 281 253 582 263 373 391 
 801 752 615 483 355 334 244 
 951 440 851 728 334 90 681 
 55 433 361 184 890 710 896 
 931 86 298 571 193 987 511 
 530 245 234 302 55 876 28 
 804 207 906 978 604 746 476 
 783 440 810 50 551 887 30 
 245 878 269 835 66 785 670 
 287 177 934 104 925 361 90 
 914 744 655 998 504 176 339 
 32 236 53 913 802 788 782 
 744 429 391 
 256 796 700 317 760 907 41 
 824 799 570 192 686 256 973 
 397 435 442 649 277 985 614 
 882 831 471 88 747 257 563 
 101 937 355 791 657 789 588 
 932 709 670 565 105 259 963 
 98 738 617 841 258 353 647 
 201 347 701 249 182 143 677 
 267 417 580 843 863 509 870 
 912 144 498 573 787 260 201 
 951 370 811 36 19 868 946 
 660 890 828 78 975 950 310 
 577 55 151 198 390 76 770 
 997 541 204 633 323 477 672 
 112 147 132 287 204 449 287 
 254 284 44 714 758 157 532 
 143 884 631 450 703 254 153 
 818 553 963 556 57 373 704 
 714 30 944 689 765 402 45 
 341 911 383 440 865 253 58 
 698 400 802 344 170 695 125 
 730 802 395 323 368 237 102 
 930 879 977 854 762 554 985 
 405 51 769 96 254 606 956 
 476 899 318 598 280 785 219 
 658 480 889 737 510 586 797 
 485 586 377 534 379 679 968 
 904 144 855 729 458 219 824 
 915 7 402 928 829 943 830 
 640 918 978 141 304 543 33 
 731 46 607 180 344 718 829 
 387 424 496 106 270 269 405 
 759 579 85 503 976 290 827 
 267 850 594 942 56 370 978 
 491 92 289 479 403 722 257 
 201 716 758 209 500 313 500 
 688 70 497 116 882 741 192 
 334 54 959 520 453 580 774 
 533 77 702 722 531 340 869 
 596 312 978 465 379 833 368 
 517 337 557 450 312 755 300 
 180 293 475 581 205 765 269 
 2 406 745 419 516 993 585 
 777 406 42 356 72 747 382 
 997 707 806 493 978 843 469 
 234 420 778 261 461 941 90 
 92 596 493 644 977 22 835 
 16 531 987 228 879 676 468 
 740 841 796 326 927 808 324 
 518 502 513 321 795 523 694 
 613 566 931 684 757 579 535 
 909 956 476 184 837 250 66 
 677 701 12 331 775 930 42 
 330 934 474 795 337 691 396 
 649 975 437 988 236 849 592 
 673 943 122 417 55 636 618 
 658 171 608 368 286 82 967 
 87 595 608 30 273 235 898 
 434 55 368 323 252 668 355 
 86 121 869 171 488 443 248 
 45 779 57 271 505 393 38 
 83 14 727 741 936 330 701 
 872 93 348 975 874 984 510 
 910 195 667 931 812 909 929 
 604 345 384 343 626 640 210 
 770 731 128 468 300 589 43 
 877 750 260 353 175 389 171 
 234 395 180 315 326 805 589 
 503 621 584 775 587 245 855 
 917 672 134 128 661 730 551 
 321 700 347 607 872 681 655 
 955 276 48 
 135 371 389 675 441 754 907 
 640 174 673 81 429 665 507 
 208 540 768 926 795 462 116 
 159 358 553 697 162 798 89 
 940 683 775 856 976 248 127 
 245 463 931 589 925 352 529 
 145 588 909 700 827 674 872 
 80 307 670 195 159 995 492 
 581 317 606 310 996 802 839 
 187 38 899 762 874 413 144 
 667 372 53 684 472 229 542 
 479 591 609 178 826 871 758 
 726 383 216 973 785 150 433 
 888 926 824 293 10 969 524 
 93 522 11 698 756 733 597 
 731 333 998 246 980 341 759 
 253 335 880 404 158 144 500 
 116 932 376 991 878 986 811 
 65 654 722 954 801 356 433 
 448 969 656 377 269 417 56 
 157 196 21 597 737 636 301 
 569 393 73 592 561 182 641 
 407 778 425 846 275 269 855 
 493 446 58 544 35 914 381 
 88 994 292 307 97 599 230 
 259 575 468 519 653 257 355 
 963 612 536 225 690 363 409 
 94 842 672 698 542 468 514 
 895 882 462 972 266 307 870 
 559 812 979 905 170 781 500 
 30 264 29 885 886 165 64 
 113 728 312 28 741 647 967 
 187 973 186 358 494 733 750 
 389 287 472 782 436 268 915 
 710 880 677 502 746 290 445 
 720 129 940 144 920 521 587 
 361 219 137 154 96 520 569 
 428 573 813 410 648 295 224 
 933 466 891 997 804 838 190 
 714 922 291 929 323 420 16 
 759 430 484 122 408 815 489 
 289 202 393 697 542 748 969 
 337 892 43 931 946 457 24 
 905 612 12 552 7 463 571 
 362 319 822 603 893 132 146 
 294 625 833 607 324 426 432 
 297 490 628 994 692 627 586 
 130 790 889 468 335 822 265 
 299 189 689 178 310 275 592 
 500 675 610 683 992 388 826 
 963 35 223 108 978 577 740 
 535 131 948 820 756 313 290 
 709 232 153 823 576 469 495 
 136 263 615 786 330 767 151 
 382 310 66 433 988 558 353 
 134 460 12 67 257 342 6 
 945 449 779 91 693 396 286 
 501 526 222 194 908 932 12 
 955 79 907 979 412 321 178 
 847 147 156 184 549 646 49 
 52 607 972 155 465 483 27 
 6 51 642 933 939 436 993 
 978 240 485 921 148 857 902 
 951 124 841 468 971 632 383 
 389 633 17 385 52 585 470 
 497 260 295 850 186 103 34 
 70 440 900 725 150 314 11 
 655 909 369 632 322 448 894 
 600 334 202 453 942 531 469 
 460 652 976 11 801 211 263 
 616 526 625 725 168 598 46 
 530 431 524 
 52 469 349 912 281 285 958 
 480 694 711 810 408 661 322 
 777 154 357 116 340 660 805 
 626 108 899 850 882 964 363 
 608 457 653 308 74 476 773 
 372 410 967 878 343 327 894 
 208 646 665 487 598 395 126 
 820 625 24 370 97 455 154 
 696 994 689 353 860 954 296 
 12 300 803 285 766 809 360 
 546 435 762 532 875 161 682 
 441 932 14 375 296 602 206 
 770 19 737 113 5 796 609 
 702 680 867 183 490 338 362 
 948 702 416 161 712 452 182 
 752 93 535 977 1000 499 357 
 440 928 734 342 710 905 842 
 577 840 344 714 443 254 983 
 91 807 252 386 163 612 470 
 466 705 297 534 235 99 481 
 116 381 58 975 882 494 518 
 464 428 434 73 91 953 943 
 796 969 70 483 603 539 563 
 354 986 56 747 537 36 620 
 143 980 168 536 277 504 554 
 164 179 479 178 660 774 687 
 382 869 553 753 841 726 454 
 722 721 702 245 299 577 722 
 632 41 330 276 562 236 66 
 130 707 152 578 963 269 461 
 969 146 667 447 603 176 766 
 645 167 827 40 217 858 289 
 964 804 55 354 811 575 91 
 632 496 802 594 752 190 581 
 300 86 543 264 644 730 563 
 362 142 948 410 347 286 672 
 298 890 241 801 303 238 805 
 288 46 142 239 730 176 798 
 47 18 119 144 70 523 81 
 30 219 579 527 785 360 865 
 60 68 744 557 774 597 44 
 185 71 984 706 523 936 139 
 269 888 218 825 219 368 652 
 664 352 707 883 690 205 455 
 157 699 729 351 676 871 115 
 370 315 593 556 896 530 515 
 903 117 849 672 862 99 926 
 571 164 602 95 598 724 815 
 942 185 147 477 663 25 600 
 805 675 300 704 823 842 534 
 409 62 98 549 572 485 298 
 477 41 404 597 507 202 416 
 751 569 944 765 169 550 85 
 588 788 82 438 301 927 452 
 78 291 345 781 186 91 414 
 361 385 866 793 224 248 745 
 677 353 918 793 532 137 116 
 150 396 62 787 398 116 359 
 122 958 994 743 302 672 890 
 325 48 598 806 773 741 166 
 224 452 265 579 608 686 624 
 615 422 495 226 842 447 555 
 820 801 535 279 646 567 891 
 604 240 525 612 95 803 177 
 826 89 841 111 246 935 60 
 106 445 793 664 585 709 538 
 672 921 834 877 17 823 542 
 666 648 202 322 483 716 234 
 719 650 674 627 410 6 613 
 486 891 545 947 198 540 818 
 877 766 754 27 198 443 221 
 195 401 78 
 632 209 880 605 679 685 817 
 542 491 718 695 259 255 163 
 248 740 959 626 116 775 862 
 154 137 352 988 658 966 672 
 33 229 333 311 213 604 512 
 34 811 457 432 555 512 500 
 615 594 207 288 971 143 627 
 387 175 661 369 513 809 821 
 451 829 246 152 309 180 133 
 90 925 641 286 719 20 440 
 176 967 207 292 533 129 572 
 126 966 560 69 740 846 728 
 175 622 760 87 415 38 191 
 331 617 103 385 343 784 283 
 666 334 764 217 395 299 303 
 324 887 566 110 509 985 751 
 839 460 959 752 151 993 348 
 348 833 485 600 705 677 303 
 704 591 110 191 390 829 490 
 996 998 736 368 767 70 890 
 267 212 739 532 560 795 531 
 788 785 691 966 933 887 537 
 155 442 898 867 435 480 296 
 663 680 597 334 698 860 748 
 274 418 817 758 948 171 973 
 311 624 626 921 102 325 331 
 37 762 371 194 413 453 910 
 203 954 482 805 163 337 6 
 353 99 651 472 965 248 746 
 568 978 499 926 160 800 768 
 370 701 940 545 178 884 380 
 161 817 164 267 504 132 431 
 405 90 40 168 825 222 236 
 564 458 158 119 465 636 163 
 335 439 158 902 766 264 484 
 519 573 169 618 774 685 901 
 976 210 338 518 704 708 119 
 171 184 643 815 112 607 454 
 80 801 426 916 968 636 76 
 411 645 753 271 450 366 82 
 325 535 986 274 733 616 204 
 527 382 986 315 79 621 955 
 316 28 806 608 654 672 236 
 757 857 599 1 616 886 102 
 300 628 500 215 814 654 800 
 865 690 498 161 602 424 59 
 415 396 480 837 626 48 287 
 491 745 613 715 542 761 767 
 221 932 786 456 796 820 416 
 752 468 435 854 467 688 185 
 835 478 653 464 457 906 561 
 986 969 36 352 911 905 674 
 429 608 473 174 329 15 752 
 168 365 883 281 236 510 653 
 757 849 22 324 879 253 196 
 904 986 601 585 345 763 216 
 610 845 29 110 868 843 281 
 978 755 386 610 868 377 920 
 65 37 702 485 229 753 676 
 812 752 613 488 484 802 680 
 263 714 990 636 742 132 198 
 921 511 454 736 397 237 733 
 758 861 118 124 694 418 412 
 738 173 436 322 632 332 608 
 566 243 976 89 459 142 595 
 471 803 85 836 314 758 897 
 119 541 814 678 12 963 798 
 166 432 699 542 692 70 826 
 856 248 836 644 543 621 301 
 746 29 228 785 491 313 415 
 15 243 930 181 278 116 134 
 248 606 198 
 617 807 201 327 606 724 816 
 131 558 213 207 954 300 995 
 145 549 981 125 570 286 472 
 234 686 866 337 633 20 416 
 381 400 578 334 925 590 255 
 344 883 681 419 463 469 94 
 887 131 92 605 291 368 547 
 464 147 114 481 55 450 321 
 213 829 418 98 348 192 920 
 347 67 307 347 916 797 276 
 302 518 780 12 577 893 479 
 394 404 285 112 502 519 517 
 610 94 18 254 13 898 576 
 642 593 688 970 189 772 71 
 188 500 4 692 2 592 675 
 334 16 553 325 474 492 658 
 819 974 948 169 509 197 983 
 754 577 520 325 656 54 47 
 710 556 295 314 291 217 304 
 745 166 333 490 285 666 479 
 567 125 514 752 964 937 427 
 868 593 919 585 654 737 158 
 762 876 202 365 237 119 740 
 178 200 777 266 652 859 756 
 18 568 488 471 979 493 239 
 343 299 462 980 471 350 905 
 712 224 550 524 783 326 581 
 907 62 760 972 665 650 717 
 833 565 257 927 737 976 10 
 849 411 423 619 720 265 405 
 126 194 876 46 827 785 919 
 955 476 926 576 104 810 333 
 309 791 411 933 717 35 184 
 348 121 780 951 597 246 701 
 718 73 756 943 650 381 804 
 323 347 329 812 730 960 188 
 105 557 985 440 457 355 48 
 682 470 782 343 269 257 108 
 832 523 708 975 479 643 590 
 35 832 969 837 194 31 56 
 45 754 156 984 698 729 739 
 423 879 942 92 578 716 463 
 319 680 761 337 901 258 630 
 595 263 574 342 658 215 716 
 287 747 753 214 426 642 407 
 242 954 557 335 300 423 455 
 333 829 920 133 808 247 634 
 394 437 868 842 780 5 57 
 204 339 376 278 466 237 335 
 723 451 634 163 321 241 144 
 686 597 697 46 596 237 312 
 481 921 912 866 224 986 936 
 554 215 595 726 360 623 619 
 137 830 88 409 246 73 915 
 293 103 536 458 583 820 693 
 188 433 729 734 898 883 60 
 835 90 49 173 509 991 727 
 188 683 909 744 364 603 893 
 25 425 163 293 240 130 653 
 404 467 447 396 136 427 289 
 865 176 566 588 676 273 701 
 421 291 825 281 259 732 309 
 350 391 618 643 877 107 817 
 54 170 4 946 821 890 935 
 709 163 891 797 921 44 721 
 830 677 372 740 342 556 375 
 18 802 522 24 766 546 10 
 499 541 419 283 809 748 451 
 606 950 516 948 992 92 937 
 724 423 93 213 867 350 4 
 463 962 265 465 42 819 992 
 269 815 676 
 451 788 171 627 569 947 438 
 793 361 430 192 894 61 67 
 404 136 498 620 322 523 128 
 799 197 127 217 86 409 588 
 299 45 890 63 757 774 637 
 577 68 647 663 476 547 70 
 111 157 884 713 397 919 345 
 89 671 294 665 480 768 350 
 747 862 214 367 292 671 575 
 273 513 354 620 255 395 866 
 881 237 341 613 881 865 422 
 742 284 395 470 594 301 492 
 539 781 261 431 801 122 43 
 618 508 716 486 4 373 360 
 983 923 854 118 577 476 917 
 203 454 818 554 649 928 634 
 913 169 132 796 781 990 495 
 299 395 361 749 550 938 835 
 502 310 835 486 703 55 973 
 699 202 417 61 153 197 863 
 615 946 458 910 624 14 196 
 472 111 876 852 8 311 172 
 679 812 262 933 1000 840 930 
 671 636 97 664 920 234 644 
 164 407 822 522 632 930 266 
 245 789 728 404 151 938 598 
 677 671 479 386 983 330 848 
 697 388 602 834 480 518 474 
 600 949 418 333 618 380 227 
 58 850 984 240 864 430 847 
 85 49 660 492 578 760 594 
 235 230 241 520 903 33 429 
 188 116 964 586 603 899 993 
 20 424 352 418 710 902 973 
 531 511 949 772 446 285 831 
 287 426 874 424 816 99 121 
 791 576 872 279 310 480 775 
 577 723 505 696 601 420 540 
 748 696 181 80 556 826 977 
 143 273 493 690 191 126 207 
 577 697 455 826 628 291 801 
 473 754 878 790 799 927 752 
 63 796 216 327 520 974 230 
 273 226 41 59 926 300 743 
 701 195 774 774 501 77 970 
 884 687 409 979 155 447 782 
 339 348 639 639 358 453 27 
 265 848 946 817 73 718 980 
 969 331 607 621 249 379 801 
 487 645 92 500 871 80 73 
 367 829 853 831 20 992 740 
 22 340 11 909 539 562 290 
 630 784 472 595 861 198 923 
 685 708 536 601 313 367 279 
 12 499 839 748 885 359 44 
 297 921 315 29 6 34 504 
 919 37 534 591 582 956 424 
 894 958 766 856 936 72 81 
 595 118 261 573 891 295 221 
 145 484 968 861 925 172 804 
 529 710 264 322 487 278 589 
 482 735 232 5 549 788 212 
 894 886 860 678 170 588 295 
 614 97 229 168 528 614 706 
 750 90 619 693 186 343 813 
 987 351 718 895 265 147 801 
 448 519 183 879 637 23 744 
 8 44 5 507 907 773 940 
 778 714 984 748 233 801 919 
 725 168 361 962 305 86 214 
 36 525 561 570 713 662 816 
 743 636 275 
 84 839 130 775 474 660 408 
 651 674 71 805 93 133 769 
 911 83 561 538 559 518 804 
 557 939 518 873 64 23 425 
 197 485 483 619 465 186 371 
 900 613 480 906 724 865 445 
 315 103 115 642 548 161 910 
 436 179 384 225 172 949 244 
 972 61 331 311 608 648 956 
 164 389 385 209 970 643 143 
 282 797 813 543 483 32 377 
 933 662 629 448 631 359 560 
 838 418 290 215 664 353 157 
 258 704 17 477 73 818 789 
 881 938 660 594 433 952 440 
 314 77 426 961 322 964 368 
 862 18 739 830 737 55 529 
 383 983 586 749 256 677 703 
 583 945 167 301 590 884 992 
 408 671 11 353 32 824 955 
 745 191 815 699 296 510 614 
 266 860 780 652 675 880 891 
 82 890 560 58 921 124 540 
 610 798 176 880 98 651 543 
 616 217 485 653 147 559 455 
 220 279 801 385 836 678 689 
 288 997 995 714 932 105 919 
 299 557 162 962 187 234 78 
 794 879 678 324 213 708 83 
 142 422 607 236 972 865 910 
 876 100 967 276 416 996 424 
 519 573 971 932 810 664 122 
 679 57 426 214 352 64 168 
 338 120 361 372 407 667 458 
 925 739 264 867 479 210 880 
 976 426 63 488 322 771 617 
 78 142 69 742 397 27 325 
 32 705 668 489 314 698 121 
 670 256 976 93 635 513 371 
 488 545 678 335 386 55 264 
 657 924 327 67 677 319 474 
 36 739 457 220 340 309 107 
 280 721 298 411 721 625 591 
 738 662 798 74 141 995 608 
 94 741 222 405 861 445 768 
 937 817 926 696 462 17 188 
 359 74 997 966 438 242 192 
 976 607 810 55 945 877 538 
 877 747 940 232 756 974 961 
 576 251 484 656 899 731 786 
 967 986 768 451 253 457 599 
 764 130 300 876 343 366 699 
 216 505 337 421 44 242 294 
 837 225 655 645 767 132 497 
 277 289 650 356 630 250 214 
 655 216 379 325 886 245 991 
 766 825 303 236 226 306 442 
 111 528 345 463 377 710 288 
 837 483 30 653 487 499 182 
 795 910 940 269 831 749 318 
 686 419 479 459 967 285 753 
 797 846 709 471 480 968 96 
 351 90 489 7 207 205 163 
 743 568 817 703 359 679 649 
 764 28 159 812 498 852 480 
 288 805 371 549 813 139 473 
 889 679 156 552 895 346 220 
 423 308 387 433 40 366 586 
 965 9 920 249 523 309 244 
 59 649 608 471 37 530 748 
 251 310 240 991 504 998 412 
 784 527 871 
 558 6 340 462 970 599 993 
 280 256 408 34 820 58 290 
 69 85 636 975 861 12 613 
 400 219 439 359 358 235 307 
 440 721 943 755 999 164 382 
 70 54 333 523 194 937 781 
 533 418 802 140 961 968 489 
 714 634 723 446 93 308 943 
 8 302 419 616 401 770 567 
 908 879 937 859 363 187 97 
 58 287 207 128 273 307 873 
 43 978 989 314 448 725 660 
 110 614 871 160 305 256 40 
 211 678 892 854 603 838 838 
 147 165 330 371 966 40 34 
 543 829 263 385 501 973 181 
 518 274 111 285 908 64 523 
 784 140 748 425 822 807 366 
 292 704 357 475 429 348 596 
 884 113 598 298 60 585 270 
 369 269 765 6 886 616 256 
 575 831 565 146 873 8 312 
 320 455 548 952 331 971 451 
 695 610 223 320 915 393 927 
 343 111 111 288 778 952 968 
 217 736 672 432 947 793 789 
 114 73 477 815 42 23 349 
 267 217 220 744 442 866 544 
 294 761 199 588 426 63 549 
 252 554 104 695 462 926 204 
 558 791 930 191 67 625 419 
 822 634 718 347 175 159 627 
 396 597 861 110 231 269 882 
 38 570 684 228 844 795 901 
 786 213 455 676 202 244 64 
 779 143 129 10 72 174 708 
 900 322 932 728 408 743 834 
 392 297 840 899 19 871 143 
 820 183 587 998 880 302 323 
 255 582 650 709 810 276 313 
 803 698 463 601 522 679 505 
 651 850 561 674 376 118 657 
 362 940 33 312 180 900 172 
 139 114 688 906 205 488 865 
 831 395 362 193 116 774 877 
 285 716 459 414 652 100 434 
 380 484 5 689 719 265 528 
 693 509 604 245 317 120 389 
 116 263 665 417 88 359 331 
 217 111 236 671 552 139 968 
 155 811 373 915 137 422 190 
 686 377 586 437 960 118 576 
 959 612 794 780 706 260 665 
 346 823 381 605 121 19 259 
 518 242 901 526 23 567 189 
 955 705 796 665 955 777 87 
 142 721 273 142 152 814 295 
 132 962 37 991 436 837 390 
 105 1 377 347 970 867 340 
 468 43 722 908 674 492 263 
 38 814 623 544 869 447 44 
 839 890 573 511 775 782 761 
 260 910 384 865 550 849 327 
 245 690 219 710 218 503 131 
 195 361 321 152 910 903 346 
 92 377 83 687 644 620 321 
 132 396 133 305 431 970 642 
 838 389 713 783 560 455 529 
 726 681 186 81 17 704 361 
 301 568 879 411 229 267 204 
 572 43 782 737 340 810 520 
 708 650 327 
 10 358 334 768 264 837 761 
 239 249 848 677 149 718 557 
 428 759 988 949 9 42 977 
 554 713 733 272 590 48 122 
 285 410 171 900 40 25 592 
 248 362 787 375 835 672 728 
 288 40 410 714 985 318 370 
 337 902 978 485 46 471 922 
 371 127 735 637 614 252 130 
 51 508 222 405 816 205 522 
 18 943 772 880 826 48 277 
 367 73 978 66 356 40 311 
 837 527 389 490 885 452 75 
 409 458 778 545 186 415 117 
 739 887 297 323 290 233 547 
 649 364 62 111 875 452 715 
 885 566 176 207 692 942 356 
 829 240 918 770 159 913 163 
 78 386 911 198 594 79 143 
 406 903 819 151 394 6 98 
 241 231 689 248 858 310 557 
 660 239 474 676 539 619 428 
 556 431 307 519 505 476 838 
 203 235 62 622 81 448 555 
 727 563 351 765 834 130 537 
 507 704 252 928 20 743 939 
 997 731 591 903 130 897 881 
 358 252 254 27 417 886 565 
 918 671 166 506 108 85 728 
 261 130 668 324 931 530 73 
 297 464 309 554 382 959 482 
 350 524 53 873 594 389 497 
 230 450 339 516 287 357 944 
 480 44 975 265 147 137 110 
 330 864 733 4 703 65 343 
 239 8 750 6 257 426 755 
 133 840 333 725 120 389 113 
 364 521 958 247 30 513 34 
 586 574 776 887 410 465 98 
 294 148 717 327 777 466 143 
 633 201 859 451 44 578 915 
 130 591 411 225 683 557 527 
 491 378 178 309 810 56 965 
 64 69 800 330 278 661 677 
 813 656 926 852 221 6 576 
 717 366 759 313 720 765 476 
 723 178 562 986 668 261 623 
 937 322 696 466 176 226 211 
 660 772 77 561 423 997 969 
 635 850 351 593 721 628 432 
 884 871 377 790 150 609 615 
 423 185 390 424 301 769 726 
 110 856 146 716 936 913 650 
 809 854 391 830 158 286 860 
 422 222 428 885 103 543 691 
 419 316 96 31 93 331 455 
 310 874 529 201 569 207 973 
 609 230 388 973 989 107 759 
 851 363 522 14 838 574 744 
 500 552 600 356 907 290 423 
 263 188 274 119 463 607 544 
 539 283 965 267 395 839 902 
 598 260 789 492 257 635 935 
 76 649 488 551 368 464 882 
 10 117 875 125 536 765 293 
 22 293 540 950 747 69 803 
 931 786 977 943 340 376 44 
 150 920 102 428 326 625 571 
 201 974 951 276 447 930 669 
 172 683 351 85 12 359 730 
 684 960 278 24 54 471 782 
 317 48 448 
 122563 123563 125848 124831 123451 121994 126710 
 121210 121589 124850 124674 125048 124228 124909 
 123159 123456 123238 122967 124370 117761 126039 
 129150 126463 124507 128337 125356 130420 127497 
 121212 120541