 500 30 0 
 631 613 766 1018 527 775 894 
 926 669 856 910 729 801 904 
 580 843 773 604 655 585 768 
 917 715 826 554 922 714 613 
 979 785 390 739 624 715 661 
 743 552 614 927 572 947 882 
 668 561 974 993 525 557 771 
 940 537 862 767 826 635 1071 
 853 890 611 875 859 699 656 
 931 598 599 794 430 989 768 
 542 810 839 626 489 933 883 
 541 622 634 959 471 495 899 
 945 1025 732 686 733 747 676 
 911 467 772 554 952 715 591 
 891 974 618 652 730 706 784 
 997 746 806 544 728 983 541 
 653 822 891 597 570 530 794 
 687 726 977 890 613 840 679 
 618 855 661 687 421 985 872 
 1118 749 906 869 505 691 959 
 534 578 813 463 532 906 881 
 649 800 690 677 1044 739 753 
 845 593 610 683 888 554 762 
 820 777 748 531 736 527 753 
 917 751 892 689 579 551 886 
 630 646 914 613 851 728 773 
 591 631 877 886 849 811 549 
 826 874 1092 668 781 736 947 
 1049 823 559 518 647 840 968 
 832 958 522 608 483 686 930 
 986 664 776 802 693 943 864 
 622 510 613 1130 955 727 875 
 845 1039 611 605 781 661 571 
 731 545 711 793 649 892 851 
 978 632 702 618 969 846 742 
 528 518 786 986 666 797 837 
 1024 940 906 768 621 830 947 
 624 857 829 901 527 815 1035 
 472 587 703 675 734 579 777 
 901 1015 803 546 1009 859 926 
 908 548 654 548 784 592 905 
 505 617 468 907 688 934 533 
 1023 680 524 980 585 622 708 
 775 946 746 672 768 604 610 
 681 648 810 748 406 602 725 
 798 728 566 703 723 793 665 
 981 754 561 619 628 897 902 
 525 532 559 496 948 827 543 
 747 718 696 539 949 700 678 
 946 847 751 480 681 768 817 
 496 636 951 779 706 803 885 
 767 516 1016 926 922 667 680 
 943 750 703 639 654 655 721 
 867 796 747 933 824 982 749 
 1016 852 607 872 424 547 518 
 954 787 795 661 896 1033 615 
 671 1125 867 693 818 971 475 
 866 609 577 623 623 681 940 
 703 1039 641 472 959 741 828 
 948 1009 964 664 694 1078 919 
 764 792 854 684 907 902 862 
 809 462 488 581 828 653 506 
 570 701 868 978 646 763 553 
 633 881 775 573 944 600 648 
 610 787 568 927 565 617 942 
 493 419 567 539 614 721 793 
 994 748 902 530 639 645 712 
 750 860 867 529 904 996 731 
 920 1011 1033 570 676 914 674 
 884 597 950 550 828 823 694 
 555 767 895 879 612 963 642 
 834 792 572 
 908 41 678 155 292 594 459 
 382 723 853 393 373 324 10 
 73 243 851 299 5 94 185 
 197 472 846 503 969 269 3 
 412 471 505 616 71 701 487 
 993 107 811 664 621 358 879 
 495 475 320 950 589 822 27 
 177 233 497 559 163 789 777 
 107 68 849 85 826 399 880 
 534 547 443 149 102 631 484 
 811 218 768 463 127 543 830 
 224 214 662 721 916 302 55 
 526 485 510 30 314 641 124 
 112 407 801 458 28 281 770 
 743 418 687 262 143 709 186 
 424 762 47 791 1 333 809 
 28 453 419 887 173 124 970 
 437 124 322 541 196 201 702 
 405 826 287 283 302 549 555 
 344 698 454 682 439 824 205 
 57 928 130 368 420 891 370 
 395 204 520 842 958 681 143 
 893 657 874 214 385 480 655 
 589 202 615 739 483 709 476 
 634 663 777 975 942 510 749 
 107 602 271 657 649 619 200 
 222 841 897 70 692 327 385 
 391 560 366 544 856 234 944 
 895 214 439 321 25 645 572 
 527 445 962 133 82 420 728 
 592 467 34 708 541 997 757 
 242 722 478 542 683 120 524 
 418 261 303 840 903 321 186 
 964 607 803 970 771 23 356 
 955 245 492 871 905 175 58 
 141 192 932 315 192 254 126 
 682 18 986 50 349 76 425 
 583 564 213 204 436 972 561 
 146 292 818 781 151 604 41 
 707 202 774 985 378 831 204 
 469 859 137 494 523 107 109 
 400 946 507 567 964 669 242 
 549 363 321 901 390 723 664 
 108 688 830 595 644 971 776 
 33 548 145 39 418 112 99 
 552 243 751 706 390 887 469 
 738 449 626 615 775 31 853 
 50 404 134 615 994 495 885 
 986 27 582 669 641 402 784 
 715 435 225 515 243 9 228 
 953 195 462 199 898 13 139 
 788 928 482 912 630 468 342 
 881 646 68 856 655 600 49 
 382 170 404 193 874 862 174 
 642 254 141 909 362 585 726 
 179 118 839 760 306 320 954 
 610 129 47 603 662 56 94 
 958 344 506 733 353 202 107 
 87 514 349 30 384 947 879 
 408 636 151 575 289 351 857 
 802 192 297 976 899 275 486 
 685 308 1 598 233 103 593 
 945 998 243 78 136 764 919 
 337 988 192 991 429 512 380 
 746 40 429 969 264 558 393 
 205 35 661 238 564 397 809 
 28 543 819 109 806 943 252 
 902 813 41 596 272 887 375 
 862 156 989 585 277 880 63 
 520 298 765 248 655 883 279 
 642 960 191 591 631 418 684 
 168 620 323 
 413 19 318 655 12 946 89 
 782 867 631 797 207 282 426 
 383 903 816 493 160 167 842 
 360 680 568 644 475 688 208 
 963 887 34 946 526 347 418 
 279 104 104 785 982 302 603 
 461 740 944 461 90 644 114 
 973 527 941 384 696 984 526 
 163 678 207 90 526 948 882 
 132 687 128 538 641 646 193 
 280 983 919 682 240 577 983 
 402 843 320 481 149 174 537 
 821 856 764 249 613 895 924 
 368 15 271 570 408 609 850 
 974 133 488 293 758 305 927 
 492 652 703 264 600 104 715 
 355 358 724 875 2 967 178 
 592 8 679 910 707 909 174 
 922 584 227 856 677 435 13 
 421 515 677 452 671 250 692 
 417 112 522 821 170 415 67 
 467 917 630 963 157 590 293 
 662 361 528 612 643 370 933 
 202 936 354 213 761 798 801 
 80 182 546 713 148 321 857 
 142 277 921 584 648 24 612 
 270 750 822 857 243 411 496 
 471 549 992 807 569 231 596 
 617 360 896 357 850 998 852 
 294 232 83 516 854 716 27 
 926 652 690 82 133 925 320 
 508 446 601 974 575 640 648 
 849 348 377 616 127 738 48 
 771 490 186 207 323 285 423 
 20 413 984 437 467 534 51 
 839 462 440 388 398 95 731 
 265 380 723 748 820 252 847 
 837 881 816 840 906 184 519 
 683 47 995 765 305 483 32 
 640 384 477 83 155 281 336 
 322 997 974 192 672 743 559 
 978 94 544 985 437 926 145 
 269 370 37 863 850 540 587 
 931 650 936 731 908 349 491 
 835 935 31 790 339 564 434 
 506 878 992 252 931 41 273 
 790 486 78 749 218 283 608 
 866 306 1 123 916 984 387 
 179 527 761 942 658 251 264 
 24 342 368 556 784 328 318 
 553 711 716 502 600 418 993 
 749 141 204 913 727 844 222 
 741 645 883 198 392 876 821 
 792 512 341 412 471 923 3 
 916 497 79 849 327 166 864 
 848 708 255 632 505 215 903 
 656 662 591 818 648 448 34 
 167 840 576 225 127 357 848 
 322 539 898 77 353 711 260 
 346 854 584 451 477 677 383 
 25 704 424 658 997 904 869 
 303 125 589 6 840 684 806 
 396 861 65 345 419 612 539 
 749 508 849 302 40 526 765 
 831 344 329 240 46 42 167 
 727 248 540 331 11 522 427 
 783 503 309 523 791 800 740 
 810 311 282 735 963 213 926 
 941 796 846 949 115 183 521 
 931 870 776 493 572 482 139 
 292 640 729 562 693 654 250 
 9 898 273 
 631 387 950 885 669 216 331 
 551 521 877 271 888 335 746 
 69 616 746 937 794 634 922 
 820 166 244 8 227 479 227 
 267 792 164 40 753 619 471 
 500 909 252 528 461 690 716 
 296 542 443 874 588 583 992 
 118 878 98 248 791 330 472 
 161 589 230 975 809 951 71 
 685 962 754 586 649 711 669 
 657 982 401 448 370 846 383 
 654 423 480 2 150 664 122 
 596 973 888 565 60 913 449 
 554 778 886 360 616 186 673 
 425 363 91 550 377 35 213 
 305 821 714 20 494 950 11 
 238 498 721 75 22 374 47 
 121 647 470 521 596 1000 478 
 274 137 426 655 226 881 681 
 524 606 900 454 760 553 33 
 137 819 40 544 238 793 728 
 69 807 16 904 869 707 397 
 174 13 522 926 547 376 752 
 917 646 421 874 545 457 449 
 828 148 421 434 278 837 830 
 967 842 67 550 424 150 246 
 659 593 561 229 88 157 312 
 751 716 53 774 610 452 405 
 213 813 145 914 807 974 858 
 991 371 75 184 368 728 289 
 859 436 475 421 239 437 368 
 206 518 588 562 952 44 551 
 243 751 526 771 698 79 312 
 655 240 909 480 54 336 309 
 533 354 882 826 743 681 358 
 688 301 441 128 433 369 378 
 616 617 293 8 143 59 161 
 429 553 415 164 552 741 330 
 246 648 246 404 734 663 358 
 983 705 639 367 972 533 701 
 610 254 193 343 43 851 253 
 759 602 654 768 732 387 910 
 637 685 536 940 765 309 627 
 471 747 158 822 695 594 301 
 991 291 887 673 956 571 885 
 203 634 541 212 659 285 825 
 169 545 334 899 164 190 152 
 451 525 782 1 942 956 526 
 937 835 905 637 172 373 810 
 172 848 67 526 957 565 128 
 956 230 159 259 765 938 148 
 343 209 27 189 904 893 553 
 271 498 312 48 512 442 248 
 590 544 569 783 608 37 747 
 540 583 4 68 67 46 568 
 813 140 728 572 145 500 51 
 552 347 118 87 566 139 496 
 901 121 188 877 79 426 175 
 245 748 115 325 766 32 271 
 903 857 580 88 278 989 171 
 270 602 260 712 984 155 864 
 288 700 416 683 547 182 450 
 696 234 595 880 205 487 978 
 681 389 695 447 427 368 129 
 975 79 657 803 899 953 443 
 48 68 408 370 572 947 129 
 850 115 182 4 723 925 281 
 83 863 243 594 326 9 245 
 995 984 206 811 717 575 64 
 832 729 526 566 693 158 354 
 61 331 266 399 933 790 913 
 24 620 769 
 638 737 219 630 772 708 570 
 795 603 933 708 411 643 294 
 849 978 562 202 344 405 214 
 875 473 165 305 897 900 882 
 775 857 396 823 41 881 304 
 553 87 212 199 431 647 723 
 705 769 456 165 230 936 349 
 108 823 538 266 320 254 417 
 936 8 750 296 936 12 10 
 885 786 267 575 45 259 317 
 137 986 959 48 294 85 92 
 284 68 612 962 925 476 266 
 652 907 467 409 415 275 444 
 528 173 707 231 500 857 504 
 592 960 8 512 735 36 60 
 159 371 687 631 914 342 653 
 33 652 574 662 778 20 57 
 668 527 419 206 202 333 486 
 11 652 230 216 106 51 430 
 380 995 62 388 86 23 959 
 690 719 442 146 347 306 422 
 622 894 977 79 233 671 247 
 827 766 568 132 181 837 34 
 42 134 126 158 674 794 358 
 377 413 140 181 187 300 641 
 229 142 918 284 170 783 269 
 471 818 7 887 524 27 334 
 61 919 759 852 942 260 121 
 662 81 431 661 610 508 103 
 457 652 656 554 940 116 840 
 456 618 70 246 583 645 847 
 948 81 155 695 858 815 330 
 724 661 723 332 720 689 8 
 147 664 756 563 250 684 187 
 982 601 116 209 729 710 217 
 500 879 684 959 125 9 677 
 20 506 109 974 378 958 636 
 879 179 291 582 503 265 861 
 894 618 651 998 69 202 751 
 945 928 246 458 951 705 109 
 336 595 853 177 748 462 618 
 91 230 913 999 242 960 775 
 321 931 367 78 273 744 297 
 825 375 16 779 751 372 386 
 400 528 51 537 121 389 117 
 902 391 509 110 521 385 391 
 683 261 821 731 272 766 840 
 143 372 635 671 571 803 755 
 650 651 111 882 187 487 253 
 864 913 556 641 158 997 136 
 161 615 937 504 754 368 828 
 922 364 160 782 649 358 893 
 124 308 674 644 802 918 991 
 613 803 555 833 962 539 391 
 688 607 990 534 298 935 136 
 219 769 122 116 505 637 704 
 209 899 664 780 79 45 652 
 577 829 607 356 517 537 92 
 421 376 740 46 323 274 99 
 759 394 16 917 752 859 141 
 125 810 83 432 591 590 218 
 81 803 653 352 731 779 630 
 48 961 747 395 762 928 949 
 154 641 312 586 268 969 905 
 209 336 110 935 135 333 733 
 422 90 361 211 477 629 477 
 199 258 154 612 169 64 635 
 159 15 651 823 435 931 159 
 325 989 422 556 90 58 875 
 842 498 969 571 428 88 173 
 636 774 430 724 801 982 380 
 265 88 612 
 936 249 453 552 705 855 49 
 384 491 481 266 967 330 487 
 770 556 639 318 695 712 891 
 305 909 69 455 306 109 238 
 639 316 436 979 994 696 996 
 617 91 705 347 219 332 704 
 429 347 455 510 442 135 517 
 845 79 979 722 53 781 586 
 951 1000 724 876 965 277 806 
 902 458 701 675 805 469 286 
 904 880 937 786 182 344 611 
 799 732 457 468 181 580 445 
 566 730 966 677 542 54 662 
 647 917 213 126 174 278 95 
 172 820 784 456 833 551 929 
 329 751 119 702 43 583 531 
 596 431 933 767 789 736 205 
 518 156 346 283 815 208 507 
 747 249 248 414 276 805 362 
 855 742 936 3 258 397 806 
 782 250 597 725 613 794 524 
 879 985 949 741 877 25 927 
 58 155 4 255 359 640 999 
 827 966 418 61 674 270 867 
 233 207 339 518 133 211 940 
 464 536 407 615 390 969 340 
 844 418 990 10 412 349 931 
 411 607 987 163 205 792 521 
 352 121 786 536 691 744 903 
 807 185 734 44 834 684 341 
 350 652 173 658 979 93 658 
 982 112 123 532 708 406 522 
 516 53 723 724 699 725 922 
 495 55 67 298 273 132 948 
 71 212 985 68 219 761 557 
 905 946 517 13 856 271 879 
 575 364 698 301 371 42 839 
 73 254 262 341 351 78 547 
 611 652 550 996 211 869 671 
 461 427 789 466 937 272 132 
 807 122 721 759 748 450 388 
 276 879 781 867 130 858 826 
 436 378 49 485 580 495 5 
 574 617 671 278 328 225 247 
 2 321 982 201 168 132 334 
 420 963 55 180 991 728 741 
 416 661 38 67 863 903 863 
 52 283 28 986 396 8 305 
 182 107 812 393 887 481 363 
 651 993 172 933 422 53 50 
 273 582 214 866 974 179 778 
 113 310 613 488 653 752 450 
 670 259 601 123 832 713 731 
 762 832 90 201 700 17 933 
 455 606 537 92 132 776 937 
 733 908 404 286 947 192 326 
 429 794 829 704 456 213 572 
 765 211 151 174 257 773 371 
 78 690 815 37 948 786 927 
 388 717 663 801 854 467 32 
 154 802 190 912 28 915 536 
 480 664 89 433 998 911 135 
 215 136 263 101 306 862 502 
 276 875 987 887 163 483 689 
 551 604 315 271 966 461 247 
 140 703 159 241 673 70 40 
 351 184 596 545 36 253 380 
 303 695 209 27 306 813 977 
 537 496 687 896 770 831 460 
 769 227 492 340 835 709 998 
 498 618 907 465 367 809 467 
 892 6 818 
 590 858 315 921 183 488 218 
 964 686 411 545 682 810 783 
 789 150 664 16 637 715 70 
 913 433 932 557 621 944 187 
 330 392 68 405 580 125 271 
 479 531 118 193 667 365 789 
 72 41 631 342 839 14 157 
 168 642 93 186 711 358 208 
 166 243 580 220 299 894 583 
 871 726 784 162 259 238 355 
 955 552 526 758 13 323 497 
 89 793 473 578 405 50 105 
 225 209 931 708 29 620 801 
 709 789 413 791 817 92 764 
 317 693 544 295 136 986 809 
 532 376 473 281 242 948 78 
 720 198 358 783 732 782 454 
 977 131 823 95 279 56 670 
 44 513 735 848 632 341 993 
 971 480 153 846 577 665 564 
 622 721 248 127 61 571 790 
 447 18 814 112 535 446 244 
 520 144 429 480 877 512 326 
 69 194 123 201 278 842 140 
 885 141 183 954 1000 308 981 
 123 307 565 369 81 3 786 
 736 342 336 524 322 881 306 
 132 635 574 296 242 893 551 
 625 817 495 549 703 559 963 
 436 967 726 386 81 81 540 
 80 493 911 882 271 102 151 
 390 317 426 393 545 845 899 
 1000 968 110 729 24 355 590 
 186 459 648 532 858 147 397 
 512 691 695 871 707 850 38 
 685 541 263 933 51 283 307 
 465 575 685 967 475 934 496 
 120 462 293 392 373 537 311 
 451 660 5 841 591 687 453 
 254 993 146 521 179 18 713 
 641 802 26 412 138 479 137 
 466 218 309 193 782 611 198 
 813 636 545 700 776 178 771 
 282 198 710 44 866 483 268 
 263 53 821 620 228 188 618 
 989 332 681 905 292 182 580 
 842 898 447 342 645 176 708 
 288 827 36 55 113 862 913 
 147 970 217 927 776 626 647 
 56 28 840 629 341 40 3 
 271 84 238 19 651 707 483 
 630 327 777 8 330 419 289 
 1000 358 151 190 362 382 499 
 429 412 618 144 140 371 638 
 121 670 324 208 161 228 482 
 451 251 115 606 366 876 359 
 119 867 633 515 591 976 584 
 646 745 400 592 204 59 454 
 303 434 504 15 191 767 322 
 453 151 547 930 947 611 80 
 7 556 28 355 400 954 813 
 953 346 95 26 593 808 405 
 97 278 446 958 997 472 899 
 954 430 783 241 68 163 608 
 822 436 123 923 416 842 326 
 171 131 967 566 666 163 12 
 757 87 216 799 805 33 835 
 353 746 536 948 456 696 464 
 361 549 67 725 551 789 282 
 557 169 32 731 960 817 67 
 229 544 705 654 168 160 391 
 301 309 678 
 100 31 949 344 500 72 339 
 377 267 559 776 880 732 271 
 9 20 672 637 851 545 648 
 966 938 905 244 654 532 588 
 143 880 929 781 184 553 887 
 898 89 907 975 985 613 162 
 921 874 437 625 792 177 871 
 266 869 32 274 623 789 823 
 356 43 1 355 271 55 785 
 38 567 414 720 636 941 312 
 485 577 665 359 479 876 658 
 147 79 20 317 998 690 732 
 30 318 909 800 153 486 375 
 652 495 667 188 969 570 743 
 487 975 503 728 13 570 222 
 13 538 868 843 150 117 133 
 98 777 490 933 172 116 458 
 165 660 118 333 185 992 35 
 251 222 351 67 109 76 143 
 610 663 202 156 229 834 275 
 128 33 114 924 910 20 700 
 130 180 864 326 70 363 939 
 204 865 856 568 118 501 608 
 155 922 73 686 430 874 306 
 412 438 518 497 642 445 848 
 465 985 6 26 101 991 963 
 895 796 896 654 891 579 409 
 457 892 174 876 102 606 311 
 410 517 279 378 4 81 855 
 910 128 585 53 348 396 720 
 121 293 459 828 582 749 427 
 830 484 961 426 142 942 897 
 995 708 488 110 749 142 542 
 434 22 693 453 634 322 438 
 730 597 518 777 524 897 898 
 427 67 394 962 276 717 81 
 835 920 436 222 414 942 777 
 302 126 970 590 154 393 978 
 103 229 648 307 911 523 567 
 962 345 850 539 281 525 787 
 814 127 134 525 557 566 733 
 293 347 171 328 158 653 608 
 848 42 813 345 478 535 755 
 745 123 568 831 226 649 529 
 375 694 861 416 136 992 1 
 851 662 177 530 77 620 932 
 343 928 363 521 4 194 354 
 66 825 64 673 855 391 299 
 134 457 76 588 12 984 546 
 520 615 110 388 828 448 632 
 947 440 360 696 435 139 742 
 188 242 834 625 115 114 839 
 428 293 2 339 677 176 449 
 588 52 26 782 5 779 425 
 551 432 130 828 672 68 535 
 800 871 455 504 641 545 10 
 73 639 119 94 963 500 510 
 674 658 606 705 137 549 241 
 495 598 996 514 628 688 684 
 748 656 11 418 283 489 355 
 280 161 858 665 217 643 801 
 36 214 163 961 414 423 68 
 124 284 713 72 181 154 171 
 353 97 754 934 856 276 907 
 815 353 82 993 622 348 388 
 33 115 841 463 384 734 595 
 435 264 315 121 705 51 744 
 276 298 123 814 620 854 839 
 233 473 779 757 680 619 250 
 495 74 120 376 8 431 113 
 58 300 601 819 742 753 823 
 958 721 438 
 224 863 564 776 207 398 909 
 591 315 631 606 154 500 320 
 544 271 869 112 790 544 363 
 738 418 918 513 180 488 303 
 433 402 932 959 267 929 731 
 512 5 396 452 401 678 216 
 693 816 299 937 861 631 389 
 577 630 719 489 164 790 351 
 693 573 474 395 11 981 905 
 797 599 816 49 324 168 801 
 716 871 201 367 8 288 477 
 278 977 169 12 485 159 207 
 152 472 1000 992 517 142 299 
 637 188 160 625 648 710 191 
 28 333 425 658 420 344 988 
 537 550 474 202 157 84 915 
 801 892 370 270 535 981 53 
 367 282 120 596 997 972 499 
 724 184 471 964 141 713 646 
 953 326 372 832 433 48 638 
 787 952 717 414 740 637 287 
 533 129 340 536 53 506 754 
 189 267 139 261 177 516 747 
 135 963 537 9 838 143 18 
 747 844 958 868 775 279 61 
 186 38 576 661 980 27 436 
 983 66 167 309 469 367 841 
 646 377 806 88 952 959 933 
 457 863 162 788 135 812 71 
 380 86 153 947 423 589 886 
 45 187 863 254 507 934 696 
 136 326 809 999 719 60 348 
 736 216 465 925 78 519 621 
 160 155 928 604 750 944 222 
 88 597 979 758 719 858 339 
 249 636 857 909 836 606 697 
 372 479 378 488 850 47 9 
 361 729 923 569 128 119 337 
 109 377 645 839 540 388 479 
 937 994 985 1 509 9 83 
 614 560 725 495 560 862 130 
 776 582 812 382 449 104 134 
 238 122 564 735 561 791 326 
 755 775 220 817 182 143 456 
 696 523 915 764 75 12 596 
 258 931 205 693 742 4 431 
 641 757 205 373 971 320 944 
 296 273 575 890 123 912 725 
 177 574 774 287 345 251 522 
 564 709 913 91 940 997 476 
 627 352 876 609 106 677 639 
 266 993 872 173 519 285 976 
 385 262 416 742 664 976 150 
 782 706 747 109 123 923 535 
 418 11 39 346 835 855 183 
 601 360 729 318 605 176 907 
 618 985 133 300 859 429 166 
 393 373 268 641 909 845 774 
 373 824 45 701 208 609 407 
 655 406 939 60 216 716 25 
 922 349 271 529 335 992 848 
 977 968 279 156 469 16 115 
 572 923 129 489 122 493 323 
 19 662 460 295 108 771 572 
 403 741 286 36 43 858 911 
 50 300 924 263 265 672 868 
 256 273 833 37 538 746 766 
 990 811 696 765 346 476 654 
 198 880 244 858 724 89 909 
 828 506 429 840 62 482 180 
 937 546 540 189 754 319 216 
 264 625 353 
 36 237 9 747 532 625 841 
 565 453 780 15 949 527 115 
 922 823 278 525 450 61 767 
 712 463 797 139 402 516 93 
 245 583 722 79 291 429 164 
 628 471 584 214 770 698 783 
 461 973 773 67 461 271 863 
 243 548 823 733 257 393 586 
 949 530 356 597 225 631 909 
 158 956 862 140 373 886 200 
 547 365 415 33 533 498 341 
 138 389 314 69 614 519 332 
 411 334 847 610 914 837 667 
 269 379 994 833 340 990 769 
 912 452 305 305 56 342 851 
 843 64 68 567 375 835 922 
 545 839 162 548 289 16 672 
 619 659 683 488 758 155 344 
 639 810 961 317 337 778 408 
 442 756 285 398 925 838 507 
 475 843 191 421 777 517 158 
 174 8 158 213 262 38 902 
 508 760 921 672 431 40 741 
 539 918 79 332 779 88 602 
 216 925 678 310 777 621 576 
 964 791 416 67 356 966 632 
 78 11 517 187 295 107 733 
 682 880 399 42 706 504 219 
 435 429 59 365 537 894 361 
 487 409 110 680 367 682 473 
 329 981 717 399 906 465 631 
 940 528 680 640 935 387 845 
 881 419 127 111 999 895 942 
 934 202 45 775 716 996 261 
 381 734 386 23 263 448 500 
 899 66 50 756 424 537 797 
 73 238 384 163 576 749 163 
 336 991 626 737 29 354 996 
 688 727 313 507 359 529 911 
 107 838 63 547 659 958 317 
 269 144 296 290 456 720 262 
 33 57 168 403 993 604 157 
 940 34 673 531 979 686 896 
 366 791 880 570 628 134 944 
 475 223 477 642 688 932 125 
 665 133 524 214 959 788 549 
 752 385 180 576 846 852 447 
 137 945 739 665 145 349 435 
 514 195 646 348 658 688 16 
 760 71 90 761 705 672 347 
 160 269 71 468 226 792 57 
 220 480 285 36 399 761 236 
 301 930 737 506 662 47 447 
 812 858 165 999 537 313 93 
 820 634 26 668 587 722 283 
 595 24 238 489 513 129 723 
 337 371 485 810 634 593 154 
 461 80 360 793 846 58 87 
 578 123 846 274 30 420 673 
 751 408 600 873 845 923 954 
 190 358 115 920 852 512 515 
 533 418 791 65 27 368 711 
 51 403 698 901 936 872 710 
 675 766 6 479 413 103 310 
 56 223 651 918 560 979 716 
 218 623 908 435 453 932 731 
 894 830 428 612 470 483 906 
 607 522 886 250 504 285 314 
 531 486 648 155 960 211 743 
 313 917 921 244 555 65 351 
 711 594 72 405 168 781 6 
 205 714 222 
 499 454 279 167 113 600 491 
 470 606 889 978 961 713 921 
 920 66 343 207 813 993 595 
 265 381 724 727 590 72 687 
 917 573 22 804 979 313 880 
 841 554 739 631 116 398 254 
 134 982 52 632 14 547 300 
 949 957 189 235 779 205 819 
 703 614 126 182 281 961 819 
 853 76 769 565 93 600 98 
 370 330 597 69 811 764 247 
 24 505 170 246 276 781 623 
 83 653 985 599 266 588 41 
 24 58 252 873 737 437 725 
 302 467 648 556 252 705 810 
 840 275 745 412 482 216 256 
 20 100 116 903 306 814 239 
 992 367 640 98 566 280 795 
 368 31 399 638 18 635 403 
 858 700 274 333 852 52 191 
 498 21 924 637 223 116 595 
 997 376 358 64 670 182 987 
 73 985 516 40 599 57 520 
 443 746 93 106 451 252 579 
 686 947 630 724 993 58 212 
 122 373 340 810 465 837 782 
 203 512 271 92 934 119 709 
 907 743 110 50 701 710 697 
 604 647 857 605 541 980 531 
 329 457 480 81 725 680 573 
 385 691 73 285 513 144 723 
 972 752 329 803 946 623 693 
 155 451 165 663 49 463 582 
 80 795 128 305 814 59 40 
 947 207 807 94 439 955 773 
 468 802 396 8 658 792 639 
 886 112 945 56 997 285 96 
 567 665 83 369 244 567 583 
 232 651 502 425 34 304 106 
 576 357 361 696 794 918 846 
 288 38 117 665 46 826 523 
 421 119 348 519 273 516 90 
 811 241 593 319 626 832 562 
 955 285 728 617 634 786 141 
 674 200 660 44 482 713 753 
 79 516 379 589 990 58 567 
 713 844 203 468 379 495 369 
 634 757 245 87 423 685 398 
 837 204 871 582 611 253 941 
 520 895 602 753 985 526 456 
 256 937 36 887 223 634 165 
 138 659 406 79 840 698 906 
 533 717 938 748 716 311 20 
 102 483 225 16 8 285 946 
 208 775 918 987 212 647 967 
 803 553 585 681 419 649 581 
 596 800 784 119 357 963 323 
 649 896 691 673 243 571 253 
 863 989 638 465 932 433 371 
 228 865 248 450 900 775 539 
 802 567 461 838 710 627 848 
 83 389 620 769 717 936 166 
 461 607 993 176 264 151 624 
 965 6 374 565 138 431 845 
 541 705 688 926 181 239 89 
 504 671 288 450 824 767 381 
 852 543 620 579 353 920 175 
 467 883 694 69 504 774 768 
 93 613 541 284 752 370 589 
 236 547 491 171 882 718 231 
 182 261 698 808 259 465 189 
 87 509 272 
 148 533 338 26 557 226 307 
 213 546 182 475 854 516 296 
 37 619 933 314 459 486 244 
 993 667 369 694 165 560 489 
 801 333 888 37 713 183 819 
 763 54 754 246 367 355 772 
 627 587 720 435 393 284 210 
 100 123 570 327 589 258 486 
 108 579 968 673 538 578 715 
 792 276 160 398 265 522 568 
 191 244 26 784 267 258 707 
 754 209 568 786 410 673 831 
 505 660 570 74 362 650 350 
 743 7 32 406 633 551 841 
 797 636 839 629 6 222 903 
 713 548 85 743 541 837 397 
 677 971 269 478 536 789 484 
 655 954 611 912 172 432 527 
 481 552 553 305 150 420 343 
 985 586 267 864 760 269 27 
 316 868 124 292 436 912 721 
 693 335 648 608 411 147 325 
 511 177 261 374 883 133 674 
 496 170 905 825 162 788 708 
 399 292 112 788 368 825 183 
 901 989 64 947 637 267 462 
 350 815 117 665 418 412 631 
 973 357 552 306 831 984 354 
 998 779 35 466 762 77 402 
 279 461 49 622 928 498 124 
 748 910 693 239 613 235 273 
 294 483 46 900 437 910 345 
 217 821 833 777 260 1 712 
 587 587 284 46 158 217 502 
 80 741 802 723 107 392 590 
 465 798 631 165 653 200 223 
 350 269 279 640 944 219 605 
 388 5 710 235 176 41 784 
 130 751 342 624 158 763 205 
 429 817 403 924 23 569 19 
 347 277 249 527 716 685 464 
 925 166 872 836 613 776 410 
 284 465 365 82 623 436 68 
 941 24 12 388 675 86 239 
 121 734 86 615 514 638 887 
 286 887 455 265 48 563 101 
 173 386 341 852 498 814 637 
 81 605 795 545 232 805 167 
 869 596 770 708 525 513 540 
 619 362 377 250 572 277 664 
 673 448 423 89 377 852 156 
 572 854 871 11 158 803 86 
 846 359 662 427 170 961 604 
 826 934 53 619 431 195 766 
 426 432 688 418 249 159 338 
 956 391 132 829 659 751 716 
 406 552 826 611 268 202 251 
 658 722 9 669 49 837 836 
 277 739 158 547 542 124 607 
 604 512 571 973 991 505 88 
 497 984 927 180 886 671 162 
 115 794 889 492 546 189 77 
 461 112 179 126 192 359 929 
 331 911 111 514 895 16 438 
 830 649 884 793 911 740 308 
 297 51 860 178 86 96 405 
 568 141 843 204 123 193 591 
 738 845 466 494 427 493 136 
 809 51 575 102 951 787 115 
 295 815 830 390 386 38 631 
 123 452 70 750 928 849 565 
 598 912 979 
 161 504 675 830 212 245 592 
 153 580 78 502 501 215 428 
 892 386 641 551 863 894 125 
 358 893 421 765 939 979 136 
 234 332 428 597 897 577 459 
 42 980 201 159 552 372 2 
 604 697 343 765 793 66 277 
 142 213 863 362 892 263 409 
 220 540 698 128 105 717 990 
 689 264 124 629 357 996 38 
 26 239 183 935 722 579 821 
 157 39 311 996 699 192 691 
 868 710 891 504 858 442 789 
 778 972 930 727 565 948 634 
 953 552 838 740 443 324 935 
 236 192 931 283 364 201 841 
 597 799 50 372 835 231 542 
 610 97 12 220 630 467 546 
 183 586 559 74 694 836 80 
 388 232 433 4 353 381 57 
 592 83 797 584 264 873 761 
 256 64 500 635 535 809 707 
 454 588 524 846 781 784 392 
 500 77 239 676 765 402 396 
 220 751 850 462 524 642 387 
 211 173 602 870 288 889 271 
 1000 366 784 766 988 916 689 
 277 826 936 200 753 126 850 
 113 824 537 718 104 142 727 
 399 87 304 21 372 420 449 
 112 772 952 160 46 633 736 
 678 814 702 505 152 734 792 
 189 689 128 654 488 380 172 
 719 865 324 404 327 433 501 
 553 154 789 199 792 373 268 
 21 829 607 368 18 651 930 
 892 486 105 81 721 483 868 
 761 663 490 420 391 398 652 
 464 989 483 66 720 692 753 
 883 942 809 853 41 588 535 
 71 146 788 408 842 463 114 
 275 914 327 858 572 880 73 
 808 470 591 955 828 489 764 
 766 209 260 543 621 90 233 
 867 105 372 875 928 903 705 
 536 651 900 122 54 42 198 
 409 615 146 449 210 668 948 
 387 375 291 340 1 518 944 
 239 14 563 317 471 40 412 
 825 936 752 217 73 920 316 
 64 306 832 391 330 546 77 
 411 448 905 270 188 18 218 
 883 108 557 737 449 518 882 
 629 200 299 286 562 321 638 
 565 909 87 96 62 430 701 
 218 925 76 361 615 154 845 
 203 541 629 920 369 591 118 
 144 934 300 135 328 126 508 
 520 471 761 824 789 987 434 
 95 113 804 287 544 530 815 
 455 883 146 895 389 718 416 
 940 79 585 642 411 908 920 
 137 936 161 227 682 214 90 
 591 961 146 9 802 796 243 
 616 249 208 194 726 746 582 
 137 691 312 778 877 363 930 
 913 227 45 114 737 564 289 
 647 526 360 131 770 112 283 
 234 336 869 74 239 996 288 
 237 5 361 806 698 589 162 
 148 460 183 867 131 256 168 
 476 743 916 
 30 128 450 757 629 977 307 
 191 302 57 741 603 324 305 
 129 95 271 290 740 377 92 
 893 222 778 266 803 375 442 
 629 379 298 823 513 735 967 
 461 782 381 105 484 782 190 
 396 573 799 409 820 746 569 
 797 718 720 590 680 191 205 
 717 779 606 865 629 985 203 
 943 169 395 700 504 480 934 
 331 139 777 127 1 239 977 
 91 481 828 716 9 957 245 
 469 20 512 318 638 538 128 
 189 126 470 362 58 270 509 
 690 126 298 834 841 725 695 
 658 69 66 696 992 960 735 
 137 294 784 449 32 888 137 
 981 47 456 197 214 770 97 
 638 777 624 804 89 79 268 
 908 451 168 552 50 528 31 
 646 695 904 289 559 349 944 
 805 271 580 818 419 423 382 
 412 252 128 842 392 69 879 
 249 465 322 110 689 544 525 
 669 660 418 780 274 640 690 
 139 318 573 61 527 634 945 
 498 446 926 492 253 590 224 
 74 784 28 756 211 729 793 
 768 35 929 140 436 554 658 
 474 716 516 190 294 750 303 
 335 40 26 615 690 7 948 
 968 82 30 306 104 934 807 
 46 690 674 171 339 586 518 
 21 319 196 817 481 29 99 
 75 584 335 738 685 976 38 
 468 865 405 489 557 673 275 
 543 332 761 454 613 623 507 
 575 142 533 646 1000 85 985 
 342 681 723 644 746 970 90 
 551 72 247 182 475 528 2 
 854 8 379 540 253 943 914 
 74 857 113 318 639 185 84 
 450 500 342 185 794 626 536 
 727 867 4 333 277 943 669 
 962 617 447 285 722 939 503 
 555 54 905 72 433 554 433 
 536 201 164 768 98 75 771 
 533 917 148 123 477 597 366 
 226 156 20 874 34 200 886 
 102 4 902 927 950 177 969 
 412 587 17 486 12 79 231 
 360 717 100 354 629 263 519 
 60 805 361 24 768 525 509 
 630 278 8 372 124 759 80 
 944 406 311 439 606 722 628 
 881 472 831 227 957 700 79 
 917 543 335 755 148 871 383 
 378 728 496 658 985 263 680 
 698 921 808 361 197 276 598 
 404 590 381 77 625 525 226 
 678 438 703 339 819 446 982 
 848 409 924 310 116 248 971 
 901 731 244 568 384 116 353 
 34 276 422 408 735 331 700 
 195 358 659 776 338 236 182 
 570 28 207 931 997 21 228 
 127 53 10 865 316 563 933 
 649 981 460 592 787 582 685 
 259 89 758 407 279 961 242 
 202 878 30 784 586 816 636 
 328 148 847 598 546 367 533 
 951 559 227 
 730 146 306 298 871 474 931 
 577 129 673 367 357 535 642 
 289 198 427 821 958 28 528 
 405 427 987 975 634 7 57 
 873 943 472 137 723 300 671 
 567 301 122 786 426 218 480 
 613 232 941 311 160 205 799 
 392 647 897 810 353 596 876 
 949 953 517 250 462 185 237 
 759 457 670 651 97 67 688 
 956 696 108 285 985 838 544 
 819 401 871 500 311 292 783 
 688 792 389 453 466 258 45 
 900 732 492 223 691 163 601 
 551 9 727 766 433 899 913 
 416 467 809 1000 643 666 356 
 257 699 597 639 185 131 932 
 568 212 734 591 853 260 544 
 373 351 297 220 243 551 75 
 884 552 987 359 986 306 135 
 733 434 724 491 718 459 298 
 777 934 481 770 43 29 420 
 882 14 389 958 48 289 467 
 207 558 100 813 201 531 656 
 168 890 480 170 543 773 990 
 622 987 280 858 333 869 355 
 94 679 980 69 447 648 71 
 749 488 106 505 259 593 854 
 879 349 231 809 979 809 298 
 624 999 110 297 68 88 865 
 6 339 768 432 673 253 49 
 287 541 913 26 102 45 610 
 932 623 708 374 121 57 167 
 96 425 974 499 34 275 365 
 285 124 806 6 734 883 478 
 792 227 747 213 701 454 490 
 350 136 486 817 186 100 527 
 812 385 756 193 604 520 402 
 849 64 853 88 314 528 772 
 512 297 181 383 220 51 426 
 598 949 200 259 676 604 692 
 255 469 505 937 911 593 47 
 350 468 506 124 917 202 285 
 770 551 63 914 207 680 809 
 475 364 91 458 790 991 827 
 852 475 425 423 124 596 207 
 555 313 39 161 485 730 78 
 29 462 832 425 528 349 184 
 544 2 435 399 282 807 705 
 59 828 572 113 333 754 223 
 318 136 143 357 796 713 557 
 803 167 940 620 716 814 626 
 506 653 172 324 430 289 537 
 478 941 301 365 884 440 219 
 400 590 668 487 434 747 607 
 660 270 935 283 4 540 627 
 204 873 259 920 761 902 363 
 428 797 317 300 168 890 535 
 888 799 274 477 457 567 830 
 409 170 853 403 835 918 626 
 423 804 396 528 822 205 117 
 106 29 365 379 878 555 813 
 993 948 875 292 274 179 739 
 977 619 640 537 43 576 862 
 938 386 415 332 562 340 406 
 889 227 199 973 472 222 602 
 628 571 306 825 923 353 479 
 596 403 608 626 599 719 473 
 318 920 578 853 774 674 391 
 419 285 683 123 167 322 664 
 907 593 556 572 93 75 105 
 186 120 817 
 591 336 498 413 183 776 853 
 625 76 197 753 956 463 2 
 815 81 783 74 747 258 699 
 655 495 711 320 403 871 6 
 465 512 417 130 705 336 968 
 132 882 491 845 482 19 436 
 20 202 707 531 615 172 552 
 920 357 338 174 316 345 889 
 408 856 10 652 816 202 373 
 141 87 587 797 43 115 745 
 318 18 891 901 484 670 435 
 668 982 837 928 30 378 791 
 251 40 560 550 486 162 901 
 45 48 208 814 827 608 481 
 152 868 730 89 89 339 581 
 487 361 345 264 910 374 116 
 552 379 186 209 587 771 740 
 712 57 418 818 193 272 35 
 57 290 676 811 314 837 264 
 628 77 139 975 26 210 260 
 729 232 740 410 135 880 732 
 696 365 4 519 981 697 887 
 910 80 984 434 225 691 75 
 840 443 160 708 481 628 476 
 339 983 545 117 590 466 835 
 405 228 308 617 564 385 251 
 791 94 823 306 980 434 672 
 478 164 550 358 929 578 251 
 742 553 116 996 936 293 451 
 365 64 157 369 454 153 679 
 89 100 439 809 413 612 617 
 738 706 190 744 22 451 747 
 915 373 641 271 734 67 949 
 940 174 221 435 196 285 936 
 319 733 374 338 508 802 239 
 61 40 989 641 719 649 494 
 601 707 230 290 212 173 965 
 588 508 263 264 908 997 38 
 111 11 79 988 924 546 353 
 332 881 676 489 640 825 970 
 758 954 249 1 26 724 604 
 243 16 192 233 546 345 166 
 230 629 422 113 744 416 493 
 744 457 484 932 414 97 940 
 510 961 184 963 368 242 825 
 342 27 513 710 798 703 462 
 3 769 676 119 508 117 536 
 749 246 300 495 957 918 573 
 253 431 923 784 381 992 261 
 664 248 392 346 591 68 371 
 948 738 418 720 20 17 693 
 483 261 53 731 186 104 990 
 277 394 571 892 998 936 8 
 146 102 254 767 201 940 75 
 123 562 301 73 213 209 679 
 333 603 866 972 401 911 941 
 7 297 991 24 951 376 943 
 881 455 880 880 632 129 283 
 607 222 366 596 422 584 799 
 716 131 714 776 70 722 796 
 81 802 914 644 668 354 691 
 217 86 6 827 571 214 151 
 947 667 607 933 484 271 445 
 498 81 426 857 179 891 812 
 604 402 759 798 509 701 456 
 388 555 867 635 57 937 940 
 743 356 708 502 800 812 134 
 311 600 484 241 189 820 830 
 458 359 648 961 131 434 442 
 842 430 594 983 452 882 679 
 136 544 448 851 10 754 674 
 388 72 673 
 232 838 417 356 586 478 777 
 749 45 239 352 207 93 205 
 381 639 246 530 976 12 403 
 331 618 653 555 730 909 575 
 151 202 115 531 876 956 127 
 745 152 645 966 183 975 51 
 148 960 603 155 366 572 508 
 876 642 603 941 537 152 802 
 579 586 520 289 787 431 856 
 946 266 425 956 794 684 600 
 516 36 833 812 515 450 843 
 893 997 307 529 17 687 819 
 392 409 691 685 62 210 186 
 193 534 36 872 382 755 20 
 390 846 229 890 434 724 124 
 626 895 38 767 194 60 946 
 3 120 380 146 493 226 835 
 208 238 714 444 943 649 376 
 387 119 685 301 182 998 443 
 528 145 639 807 75 989 676 
 702 235 985 107 852 906 188 
 130 282 204 296 945 562 459 
 166 20 227 443 504 341 786 
 381 811 547 750 164 417 613 
 530 834 768 908 513 127 780 
 844 451 878 373 977 873 192 
 665 289 642 357 415 798 435 
 702 440 975 545 924 790 307 
 951 846 434 757 165 52 462 
 638 902 615 871 726 328 325 
 928 184 681 437 183 304 78 
 407 824 478 979 481 59 463 
 834 840 359 991 612 93 723 
 393 736 507 32 130 879 914 
 560 529 235 86 877 144 962 
 428 737 799 87 553 985 852 
 939 43 873 916 285 132 557 
 136 143 753 997 280 492 687 
 238 240 522 337 800 237 148 
 17 507 839 45 212 792 20 
 179 132 290 608 929 52 969 
 725 683 45 922 172 559 915 
 311 225 368 167 335 416 753 
 899 886 579 196 295 835 310 
 328 614 764 264 252 191 90 
 721 639 877 156 724 498 149 
 947 820 876 67 370 174 524 
 3 308 2 796 16 531 793 
 194 111 141 29 517 17 645 
 731 657 99 538 833 59 749 
 281 487 428 28 467 464 486 
 559 990 885 736 876 173 862 
 945 41 327 791 950 442 736 
 756 155 277 610 901 435 775 
 745 639 559 836 145 800 856 
 817 272 544 86 218 635 792 
 308 946 209 60 802 189 746 
 231 192 583 429 379 322 419 
 412 694 848 387 161 731 275 
 707 660 189 623 204 651 860 
 674 497 184 69 465 155 194 
 179 573 917 603 744 568 847 
 756 378 474 867 987 541 82 
 192 887 988 413 634 618 159 
 951 358 692 108 860 22 94 
 101 350 538 397 933 772 8 
 667 706 719 97 821 593 68 
 675 614 548 8 694 134 188 
 790 520 690 191 362 70 210 
 271 19 353 237 553 331 604 
 893 160 214 487 50 701 203 
 445 919 455 
 702 374 990 866 722 716 68 
 465 991 669 661 971 222 613 
 518 463 136 449 596 991 464 
 955 712 526 788 473 975 288 
 270 860 147 526 746 121 923 
 550 240 98 354 781 743 90 
 499 932 661 810 496 923 497 
 670 573 496 493 207 687 285 
 988 326 851 773 391 558 864 
 421 407 246 100 706 802 233 
 688 454 6 654 515 482 727 
 38 215 178 1000 545 909 892 
 850 991 841 590 80 503 430 
 666 959 769 159 651 198 477 
 626 340 569 296 261 165 884 
 706 670 5 922 456 780 190 
 540 537 999 211 960 795 304 
 650 703 164 111 457 52 584 
 384 554 237 245 181 742 387 
 247 531 186 250 221 804 861 
 672 240 559 205 157 511 649 
 693 862 588 625 31 497 867 
 407 376 744 336 923 56 182 
 846 861 174 330 599 215 150 
 351 343 636 386 391 887 415 
 833 659 498 244 89 124 889 
 159 430 246 575 14 864 490 
 379 119 982 759 49 177 341 
 389 416 532 279 434 617 767 
 123 881 676 245 576 694 163 
 583 361 466 3 752 367 502 
 949 203 874 970 153 885 981 
 538 717 450 692 13 241 728 
 158 125 522 677 898 701 904 
 905 995 983 409 347 444 297 
 321 749 722 658 287 663 28 
 88 345 861 523 623 187 951 
 649 872 474 244 731 352 939 
 493 206 796 186 587 10 549 
 468 96 249 479 947 294 967 
 177 285 962 695 132 731 182 
 745 260 426 529 381 24 532 
 623 998 345 916 225 518 100 
 155 138 902 24 277 502 434 
 334 74 722 470 595 342 780 
 523 151 568 249 839 162 339 
 216 264 516 846 834 623 946 
 435 990 588 239 994 511 309 
 808 707 420 94 637 678 938 
 887 752 258 444 296 343 199 
 494 589 954 461 388 418 316 
 169 645 325 761 346 327 838 
 756 671 81 696 677 495 283 
 604 548 518 574 769 328 2 
 163 846 598 217 76 675 27 
 264 836 635 616 36 320 722 
 776 969 882 438 651 939 561 
 655 176 848 707 245 987 906 
 293 494 76 406 24 213 796 
 301 188 601 845 389 697 523 
 529 231 386 717 742 487 184 
 298 380 102 391 370 223 71 
 883 114 563 403 721 565 283 
 308 533 645 967 612 982 231 
 249 644 523 593 621 163 636 
 109 20 788 641 539 855 247 
 971 384 740 939 188 441 35 
 888 279 77 613 110 767 901 
 368 397 945 21 77 235 745 
 103 150 184 358 60 40 393 
 76 258 909 478 268 67 790 
 628 110 739 
 155 794 890 952 730 988 225 
 415 176 688 759 19 779 773 
 140 820 827 500 335 552 772 
 758 890 525 61 988 747 914 
 437 947 16 264 595 568 736 
 4 442 909 281 130 790 766 
 133 168 106 799 668 416 284 
 338 384 931 791 969 667 925 
 55 216 368 13 890 176 923 
 944 715 442 498 875 94 618 
 192 733 762 999 46 702 650 
 795 632 378 914 703 817 899 
 209 357 102 946 555 154 354 
 579 356 689 191 451 867 737 
 351 795 564 186 94 122 636 
 769 968 515 307 105 754 100 
 955 158 209 753 978 807 540 
 124 217 579 194 118 418 337 
 363 969 556 484 273 661 878 
 925 770 631 877 247 868 561 
 45 8 863 484 177 276 633 
 382 123 449 669 435 314 587 
 104 796 198 597 329 122 973 
 804 965 121 59 476 117 645 
 404 382 514 918 905 952 442 
 411 499 955 193 800 738 811 
 592 599 645 753 332 606 656 
 887 390 510 534 600 398 256 
 739 718 679 989 824 216 633 
 260 998 322 313 970 297 107 
 952 616 225 52 62 775 162 
 741 157 901 286 255 197 477 
 343 329 34 968 391 164 112 
 925 435 269 754 849 508 365 
 253 991 171 427 311 30 823 
 36 407 405 505 232 51 623 
 962 684 812 343 193 694 602 
 522 486 725 719 766 757 612 
 132 78 923 266 77 515 106 
 699 326 602 77 260 138 368 
 770 457 824 77 90 326 412 
 403 562 720 94 6 407 17 
 221 728 228 637 289 163 339 
 912 91 326 845 188 157 484 
 601 155 880 287 509 433 242 
 927 384 502 821 163 924 982 
 765 635 772 289 145 843 978 
 753 7 680 157 288 637 184 
 515 709 923 420 85 322 137 
 996 731 959 570 894 163 164 
 742 101 366 536 136 987 573 
 957 204 279 357 152 567 566 
 543 313 243 825 239 399 241 
 817 823 992 829 301 827 619 
 104 128 52 966 760 211 504 
 63 687 693 104 604 990 716 
 407 808 280 347 579 379 550 
 961 822 641 526 605 113 102 
 451 292 717 86 171 534 977 
 199 570 691 571 954 698 49 
 734 982 975 346 319 19 187 
 911 344 207 614 744 761 139 
 156 839 858 219 916 191 705 
 743 60 215 476 84 518 950 
 325 922 480 406 904 244 742 
 265 814 97 360 740 759 221 
 835 374 473 382 537 470 803 
 79 784 39 320 63 322 565 
 620 247 130 909 912 230 769 
 478 125 245 292 617 458 137 
 366 905 582 779 260 722 365 
 642 109 740 
 226 123 958 780 776 533 311 
 103 553 248 974 158 931 927 
 639 335 213 937 968 985 117 
 788 270 374 111 108 818 406 
 765 205 41 15 249 886 759 
 639 979 962 337 941 259 510 
 804 338 438 76 656 643 57 
 513 300 163 270 248 168 171 
 249 133 85 249 689 450 997 
 793 295 377 618 278 288 173 
 512 782 795 929 18 993 945 
 61 349 192 919 261 390 222 
 621 736 420 679 436 952 981 
 354 377 766 673 624 628 3 
 617 106 519 775 910 692 519 
 802 361 715 885 515 45 831 
 529 940 526 673 562 482 345 
 412 720 525 609 499 222 795 
 29 189 816 573 714 275 641 
 695 633 861 97 288 992 768 
 912 926 570 305 62 942 574 
 6 710 574 832 936 917 283 
 418 434 607 33 752 761 500 
 62 982 377 380 341 817 539 
 568 556 184 392 604 493 778 
 948 390 60 348 683 599 580 
 728 717 452 522 503 424 836 
 223 562 970 158 847 908 979 
 82 978 560 100 740 333 89 
 107 224 504 485 153 297 789 
 241 681 455 390 915 809 588 
 11 609 710 901 430 677 809 
 808 775 93 931 618 118 524 
 282 494 356 506 873 28 263 
 540 976 335 258 60 648 725 
 673 535 325 589 381 824 970 
 18 964 575 326 73 790 17 
 752 12 823 798 643 84 688 
 117 89 657 396 823 297 897 
 762 726 745 777 887 692 810 
 863 433 884 629 555 460 233 
 233 114 773 39 706 208 943 
 573 872 768 633 480 973 741 
 540 174 588 214 533 807 338 
 668 503 828 326 586 670 940 
 855 873 332 426 530 929 539 
 936 32 911 878 466 481 409 
 360 35 875 602 353 232 681 
 54 972 982 308 676 82 573 
 602 311 461 489 24 19 12 
 123 649 360 305 828 716 208 
 43 893 110 943 972 335 429 
 479 579 366 768 257 575 581 
 975 771 200 591 190 821 877 
 674 488 425 20 92 541 245 
 686 251 180 178 175 534 991 
 610 974 884 241 836 976 976 
 401 503 845 578 635 840 447 
 580 2 580 622 753 343 51 
 357 365 288 338 234 84 594 
 55 25 564 948 491 805 226 
 129 826 323 958 955 545 382 
 61 96 763 506 426 774 284 
 337 396 125 778 111 701 865 
 390 134 624 636 63 361 656 
 933 201 538 856 883 519 481 
 703 168 438 491 231 605 573 
 534 354 370 237 830 155 882 
 636 385 125 535 762 42 278 
 891 344 576 514 954 964 948 
 383 272 213 333 635 134 310 
 107 240 388 
 756 549 547 781 815 307 696 
 638 651 67 693 460 116 709 
 336 991 732 237 569 915 76 
 443 295 809 659 4 908 543 
 361 103 280 180 258 279 454 
 521 699 147 561 624 534 598 
 956 622 422 591 268 9 746 
 537 286 544 601 368 959 212 
 761 248 704 209 631 518 262 
 156 710 307 19 301 408 123 
 942 50 685 201 963 367 23 
 313 354 991 897 683 393 696 
 747 699 624 946 415 761 472 
 6 697 792 443 238 200 233 
 985 120 766 949 913 866 961 
 885 26 397 31 130 60 962 
 84 667 345 53 723 346 186 
 683 670 862 155 700 741 766 
 423 89 504 442 594 340 669 
 505 424 234 136 977 720 241 
 398 3 960 922 960 499 863 
 421 344 160 421 839 796 119 
 195 884 485 983 521 44 319 
 101 276 679 854 302 76 824 
 444 286 886 92 149 523 510 
 383 567 272 467 434 266 618 
 216 38 755 885 294 742 488 
 620 98 720 99 931 567 451 
 591 556 580 982 340 707 92 
 660 610 218 816 296 935 564 
 868 82 913 602 108 647 962 
 295 420 355 614 20 234 942 
 150 667 196 862 762 116 529 
 562 432 152 937 90 183 17 
 860 591 18 574 347 718 317 
 464 280 12 521 574 806 857 
 568 464 816 508 839 133 691 
 642 782 997 163 629 553 854 
 518 46 875 16 739 171 455 
 447 144 55 815 419 29 684 
 457 425 180 281 124 631 918 
 195 614 402 308 949 675 152 
 602 759 221 525 731 856 230 
 478 964 684 111 414 298 627 
 582 851 531 959 16 872 534 
 947 596 602 721 523 452 330 
 798 1000 234 932 613 736 646 
 731 896 672 865 67 160 521 
 536 260 811 331 330 81 610 
 340 904 956 355 839 671 624 
 292 684 479 323 714 371 625 
 858 541 784 491 291 436 774 
 466 384 831 748 436 784 249 
 191 379 597 201 845 976 805 
 164 764 37 649 341 150 49 
 112 336 230 786 849 681 639 
 876 802 200 497 795 428 361 
 939 42 802 372 55 353 517 
 657 928 312 26 977 892 527 
 494 925 369 433 670 975 873 
 28 993 675 549 305 954 835 
 307 451 599 549 880 434 987 
 509 131 181 132 442 790 217 
 547 538 214 739 142 283 229 
 359 760 673 188 431 315 809 
 898 578 147 23 795 570 770 
 540 865 220 491 716 987 397 
 431 131 608 377 849 158 617 
 115 282 769 130 11 459 499 
 655 451 239 251 118 344 404 
 634 840 129 141 125 631 928 
 16 777 247 
 307 40 485 764 706 659 109 
 815 166 233 613 680 494 865 
 256 346 545 587 515 617 10 
 461 340 988 174 151 978 426 
 239 589 43 967 590 751 608 
 155 339 794 929 110 708 484 
 927 230 367 394 542 228 543 
 122 831 474 904 911 79 837 
 59 104 417 170 360 479 595 
 490 463 755 483 885 796 549 
 416 936 166 690 705 574 646 
 709 686 559 351 1 472 51 
 42 825 513 885 975 241 874 
 296 347 745 777 290 212 948 
 743 266 357 76 403 83 962 
 907 585 782 35 26 511 258 
 640 322 661 915 664 364 106 
 682 418 969 663 978 784 296 
 660 662 967 859 668 354 687 
 776 449 633 434 896 87 832 
 694 882 410 532 690 45 967 
 609 163 935 52 677 724 97 
 510 601 175 758 117 565 158 
 183 881 949 440 832 612 96 
 917 281 845 514 703 60 199 
 23 622 601 838 654 690 267 
 269 607 302 368 487 988 177 
 843 516 713 291 785 423 291 
 962 749 514 273 355 388 137 
 526 367 897 30 121 322 54 
 137 547 13 871 13 638 326 
 158 316 13 973 277 720 784 
 174 696 446 132 516 278 203 
 860 228 948 891 306 909 280 
 246 420 56 637 841 758 892 
 275 734 459 350 548 363 219 
 595 343 858 211 989 349 518 
 432 822 260 296 377 856 318 
 381 807 9 881 760 798 855 
 749 38 736 543 328 910 190 
 997 481 341 662 371 335 322 
 91 922 111 782 127 825 14 
 673 472 168 332 61 654 35 
 157 444 264 359 959 1000 906 
 103 894 286 239 427 606 145 
 837 245 869 1000 574 531 750 
 567 128 387 717 406 849 323 
 686 732 749 579 348 201 418 
 281 234 574 434 394 387 101 
 910 641 971 784 986 385 577 
 43 477 914 203 312 325 294 
 792 902 876 393 547 841 437 
 154 477 432 452 99 247 793 
 697 234 9 92 563 941 790 
 610 324 416 876 868 136 7 
 805 339 348 89 447 762 209 
 450 411 949 806 959 888 801 
 918 671 765 801 47 822 512 
 795 686 473 449 159 578 649 
 270 386 319 280 829 614 271 
 700 211 154 400 942 783 32 
 384 418 942 235 496 924 260 
 85 812 351 895 706 894 452 
 732 846 381 84 742 7 850 
 582 714 449 444 280 859 206 
 824 86 263 178 746 875 14 
 159 922 554 141 86 63 163 
 247 120 93 398 590 432 646 
 177 596 704 145 298 765 110 
 892 667 256 845 755 473 385 
 354 374 130 336 261 828 633 
 680 588 850 
 364 439 294 618 904 143 92 
 259 73 921 880 748 883 525 
 667 920 159 745 191 752 695 
 623 177 27 904 853 493 902 
 770 619 254 892 440 591 284 
 556 400 448 116 549 602 588 
 501 794 865 402 376 734 971 
 759 702 502 256 313 143 905 
 676 365 302 728 412 801 397 
 725 105 144 641 197 624 657 
 205 356 54 254 32 781 76 
 205 607 591 311 513 24 590 
 892 262 859 951 541 919 633 
 945 542 535 209 20 759 321 
 414 115 383 928 410 729 172 
 126 665 796 725 214 606 955 
 539 8 374 889 715 911 582 
 87 357 347 229 91 290 535 
 993 267 488 899 683 15 789 
 520 193 690 620 197 391 518 
 18 571 270 730 704 490 159 
 397 374 99 216 439 900 802 
 563 525 16 145 702 856 838 
 437 487 962 562 622 363 776 
 519 242 163 757 773 359 374 
 332 612 298 125 707 356 370 
 544 649 864 451 603 966 454 
 644 704 693 575 744 435 74 
 959 596 912 194 443 589 269 
 911 877 55 807 153 689 318 
 438 540 989 901 927 563 171 
 15 349 496 646 248 942 888 
 85 715 95 600 74 434 408 
 666 658 351 653 206 290 77 
 105 561 350 918 834 670 369 
 35 445 7 196 997 64 17 
 702 574 778 298 279 30 834 
 684 77 599 834 119 115 423 
 594 760 277 241 451 364 700 
 555 546 538 201 53 753 11 
 235 685 973 562 40 869 449 
 756 222 154 981 758 671 419 
 822 225 222 254 101 750 172 
 530 143 649 297 932 534 640 
 259 866 156 352 40 920 636 
 755 684 86 310 68 432 566 
 432 382 936 927 350 631 75 
 539 445 249 385 560 355 714 
 855 609 558 64 625 322 838 
 318 819 558 36 581 960 576 
 359 483 119 299 507 708 489 
 18 808 427 227 63 395 151 
 163 420 143 293 76 859 105 
 26 450 438 863 101 701 774 
 958 846 734 92 13 529 714 
 936 629 248 16 61 701 980 
 149 625 751 713 290 830 748 
 172 586 42 928 101 726 862 
 942 173 269 760 218 23 244 
 89 496 942 33 614 647 874 
 511 519 644 865 536 578 41 
 783 159 676 218 269 464 532 
 43 923 214 712 900 214 795 
 261 591 104 500 655 983 666 
 652 716 976 281 341 97 207 
 99 774 288 56 569 696 17 
 17 90 479 260 962 555 816 
 207 208 648 543 804 886 977 
 885 47 995 389 300 179 994 
 63 874 362 532 979 167 214 
 621 639 439 538 256 505 621 
 936 996 813 
 974 33 220 339 161 933 175 
 890 784 921 700 542 695 490 
 643 99 855 50 411 239 777 
 522 55 152 691 401 928 203 
 36 824 649 944 663 510 165 
 894 522 282 257 914 723 635 
 145 231 943 921 291 932 330 
 602 749 360 518 468 176 862 
 132 630 369 545 323 436 227 
 254 235 358 158 435 184 728 
 965 19 768 184 259 839 139 
 297 412 932 653 785 634 566 
 597 629 62 648 210 952 98 
 865 538 141 528 405 578 2 
 957 753 933 705 163 460 286 
 725 850 957 67 457 900 57 
 247 144 498 753 838 292 57 
 214 749 727 980 780 193 19 
 617 190 421 266 435 151 168 
 196 907 388 485 588 141 155 
 432 26 219 396 376 550 884 
 97 57 833 3 855 110 484 
 527 810 489 5 821 226 795 
 373 112 143 354 202 52 549 
 645 37 165 207 160 715 795 
 94 376 812 289 214 990 181 
 2 533 956 454 899 755 545 
 283 198 719 803 715 619 983 
 33 274 487 277 350 199 674 
 171 101 949 850 957 120 673 
 785 232 598 512 422 494 559 
 198 367 391 704 358 834 774 
 392 621 5 369 279 517 291 
 38 793 674 996 5 94 7 
 336 850 854 278 91 487 759 
 553 897 116 495 51 84 165 
 1000 981 81 551 39 50 430 
 275 547 50 882 118 933 159 
 106 950 363 185 471 765 828 
 938 809 755 811 584 785 597 
 413 910 849 575 153 225 20 
 338 601 899 934 118 53 778 
 98 398 106 589 629 223 356 
 564 501 750 665 597 184 628 
 777 438 479 802 31 910 343 
 788 337 177 531 15 935 231 
 436 290 397 924 347 655 648 
 765 532 478 746 775 635 517 
 525 672 579 65 138 426 634 
 883 375 51 126 716 418 14 
 222 54 272 742 273 696 403 
 496 303 487 39 422 200 116 
 588 467 648 834 177 210 1000 
 612 292 485 635 120 540 38 
 870 782 946 159 964 287 612 
 65 356 910 352 983 828 87 
 296 929 665 281 929 839 510 
 597 691 892 568 947 865 494 
 898 386 998 206 662 316 699 
 52 126 674 99 768 782 21 
 443 264 354 775 737 357 535 
 325 507 876 986 294 677 637 
 586 32 936 957 103 679 453 
 60 471 692 373 990 108 999 
 877 50 759 92 331 164 811 
 927 292 178 601 344 978 881 
 111 4 118 461 168 33 737 
 627 657 824 754 807 377 959 
 350 748 806 869 699 279 143 
 165 131 594 621 583 656 33 
 768 874 220 406 411 169 766 
 85 607 96 
 956 807 1 4 283 752 107 
 678 7 423 379 558 388 992 
 365 487 640 251 705 839 670 
 194 820 963 571 556 143 820 
 982 629 82 339 273 50 71 
 997 730 670 270 383 337 894 
 716 393 303 892 578 818 579 
 614 550 151 940 403 420 634 
 518 987 363 116 196 844 647 
 395 521 764 66 706 390 969 
 586 51 859 826 504 829 647 
 852 509 590 661 947 69 102 
 380 503 417 353 773 138 390 
 43 610 722 703 800 219 603 
 451 859 864 994 958 938 245 
 898 928 148 225 911 536 514 
 517 67 974 334 277 803 699 
 863 968 465 737 711 335 352 
 602 138 111 9 186 543 822 
 489 99 972 855 646 900 988 
 846 741 145 512 235 573 9 
 382 455 17 105 579 727 745 
 252 289 715 525 271 433 629 
 742 494 440 242 364 441 593 
 506 87 132 118 695 951 240 
 710 55 82 645 837 810 489 
 356 199 595 769 742 610 702 
 666 287 685 125 577 864 124 
 707 934 223 217 237 789 831 
 899 491 84 839 982 978 297 
 851 957 78 266 516 89 35 
 649 280 560 321 134 874 870 
 176 74 512 229 569 444 102 
 468 239 102 934 745 562 317 
 604 942 155 171 858 516 532 
 796 297 898 502 746 738 620 
 898 689 367 708 45 114 453 
 977 556 312 382 714 931 701 
 408 737 4 993 80 879 193 
 439 700 723 283 928 826 715 
 607 740 411 934 371 796 519 
 895 452 825 432 258 164 586 
 711 531 646 503 487 11 290 
 393 154 898 926 926 366 843 
 515 445 576 602 179 94 701 
 934 443 15 658 335 37 885 
 457 478 266 249 384 7 945 
 750 664 599 426 660 667 469 
 570 935 115 498 484 532 434 
 136 507 288 429 412 194 609 
 64 675 896 297 800 478 501 
 453 882 901 309 698 166 589 
 726 179 35 881 331 858 233 
 905 518 540 866 333 264 123 
 990 56 473 778 592 773 582 
 74 996 618 349 519 956 255 
 441 922 479 197 877 197 321 
 862 107 104 505 408 18 990 
 517 953 881 414 734 378 966 
 586 747 459 333 250 78 690 
 130 399 616 547 197 14 125 
 463 103 362 7 348 248 96 
 443 175 919 569 918 964 478 
 298 582 714 203 803 448 79 
 847 177 573 774 700 979 908 
 3 425 583 117 90 165 259 
 147 787 260 115 127 502 765 
 597 939 78 327 158 645 527 
 15 826 192 183 971 758 42 
 846 523 318 296 821 893 325 
 970 304 733 175 213 67 870 
 152 828 509 
 404 99 405 751 693 698 605 
 411 538 761 659 765 545 145 
 309 706 600 637 662 178 58 
 950 226 992 713 495 558 124 
 31 288 386 676 292 267 948 
 111 758 639 332 13 517 344 
 873 327 98 43 158 514 2 
 330 692 459 598 956 390 865 
 616 538 182 261 77 618 603 
 611 885 155 615 333 164 21 
 498 340 230 710 273 118 844 
 707 940 790 409 653 26 790 
 115 391 301 997 258 561 429 
 600 106 558 309 746 248 526 
 103 499 470 899 809 530 31 
 467 412 826 689 178 968 646 
 37 333 418 44 664 318 224 
 50 63 219 58 468 597 773 
 601 104 52 537 220 968 228 
 345 159 309 879 88 490 883 
 992 47 586 785 407 498 730 
 301 990 890 223 282 992 568 
 942 864 22 478 70 71 969 
 286 654 539 911 288 12 230 
 270 980 50 697 801 155 401 
 273 182 445 474 81 291 970 
 394 611 844 369 369 606 773 
 210 806 926 47 501 740 294 
 677 367 794 742 4 183 589 
 652 621 429 750 300 257 333 
 812 952 457 46 24 710 186 
 478 202 412 699 753 926 236 
 871 845 694 215 376 78 495 
 579 258 211 411 340 642 813 
 769 116 906 563 14 922 63 
 319 738 451 500 989 490 748 
 566 441 49 698 95 382 846 
 568 79 166 531 910 974 437 
 3 865 746 36 321 95 937 
 398 233 207 909 844 351 226 
 266 865 625 588 904 932 285 
 369 217 113 938 823 546 927 
 656 191 706 175 198 539 268 
 609 536 206 532 38 268 535 
 715 158 713 91 34 999 950 
 581 856 362 779 127 804 669 
 827 429 458 208 580 774 541 
 136 12 882 1000 365 267 546 
 877 316 33 73 889 884 934 
 158 966 689 83 887 326 954 
 939 749 960 619 480 578 717 
 105 48 67 175 969 573 925 
 886 151 709 265 762 536 621 
 271 64 662 622 667 525 167 
 893 642 603 180 364 68 398 
 698 819 134 917 35 299 606 
 841 722 584 910 863 600 244 
 412 53 865 939 480 791 685 
 419 450 479 296 527 958 733 
 369 759 42 132 275 570 777 
 337 965 839 287 609 609 470 
 51 554 127 753 859 685 407 
 73 867 310 393 691 699 204 
 644 847 387 918 560 252 992 
 20 189 877 91 713 880 433 
 598 857 248 998 774 502 236 
 451 70 131 667 992 737 621 
 313 838 198 844 644 526 761 
 813 882 538 62 685 144 533 
 404 701 315 580 618 568 191 
 49 781 477 912 980 405 237 
 84 776 675 
 572 989 990 91 152 432 187 
 120 530 478 42 988 359 13 
 674 20 949 822 574 789 726 
 389 919 218 167 459 546 280 
 621 731 384 471 540 518 305 
 113 182 542 800 944 102 277 
 452 169 114 372 84 987 258 
 506 672 910 228 962 784 435 
 482 964 317 471 506 615 193 
 662 283 11 440 594 600 680 
 211 993 783 294 952 295 559 
 891 962 329 115 23 698 372 
 200 431 163 297 256 531 262 
 650 420 680 691 761 323 900 
 850 756 70 718 916 234 751 
 25 989 413 140 485 854 277 
 768 579 435 161 148 20 529 
 876 8 352 77 8 963 735 
 245 718 795 402 416 113 630 
 695 293 845 405 287 44 235 
 843 159 181 273 849 865 932 
 619 647 583 162 988 482 869 
 722 939 40 524 872 998 364 
 213 586 839 625 516 364 513 
 297 912 324 224 27 395 786 
 803 214 654 501 451 41 147 
 525 657 110 839 189 586 161 
 725 932 273 308 420 72 167 
 472 91 729 365 739 818 70 
 278 588 305 851 261 640 509 
 485 722 818 133 195 883 780 
 504 429 524 376 885 201 727 
 437 55 313 690 890 895 174 
 507 428 640 250 115 727 168 
 977 781 358 3 957 550 467 
 671 396 410 765 960 962 387 
 804 785 102 984 174 239 246 
 126 207 638 129 321 282 631 
 96 49 251 432 643 13 824 
 34 485 720 82 753 463 190 
 863 318 502 165 173 539 404 
 876 703 643 374 20 287 664 
 602 864 911 761 639 750 271 
 946 674 43 414 514 436 304 
 833 842 381 919 28 474 327 
 979 748 499 290 282 592 188 
 163 44 67 254 787 168 610 
 86 104 251 205 493 78 936 
 424 906 140 38 959 266 246 
 500 899 877 446 238 95 112 
 289 988 169 345 571 926 89 
 551 218 546 667 445 283 177 
 308 26 975 500 911 458 490 
 714 236 522 338 583 341 222 
 362 780 160 298 345 289 147 
 907 358 290 899 939 80 980 
 987 462 927 742 677 360 828 
 288 313 203 577 484 49 577 
 744 791 136 293 844 502 654 
 610 50 224 997 913 14 584 
 184 899 204 199 232 546 589 
 523 942 552 822 522 296 724 
 287 628 852 728 737 187 526 
 660 460 892 897 768 803 507 
 807 955 57 384 168 615 535 
 907 988 120 781 456 41 753 
 180 707 211 621 773 482 639 
 742 236 117 438 136 738 566 
 745 658 493 360 193 178 735 
 89 380 901 433 552 526 697 
 814 837 285 819 80 786 866 
 816 147 278 
 241 556 738 363 24 859 237 
 964 895 571 280 753 923 741 
 330 229 954 280 66 22 342 
 804 497 786 522 775 808 449 
 990 242 320 839 562 969 155 
 222 356 284 478 190 882 496 
 811 92 686 125 848 155 332 
 901 321 484 852 754 134 783 
 672 509 996 359 302 389 701 
 47 346 485 279 663 426 580 
 316 100 9 59 543 530 160 
 825 866 578 257 87 431 12 
 161 642 60 436 496 379 462 
 388 905 760 193 444 106 9 
 549 932 219 770 569 749 191 
 52 580 427 715 122 151 340 
 313 91 740 725 596 884 573 
 408 521 148 132 688 665 180 
 502 400 961 148 518 718 406 
 895 315 483 409 666 441 423 
 406 615 504 103 388 571 7 
 183 173 377 534 493 418 437 
 814 314 830 489 290 641 871 
 839 618 453 579 10 130 5 
 952 29 759 63 210 152 989 
 125 211 583 873 921 828 641 
 538 74 629 880 734 604 870 
 845 485 721 564 25 160 545 
 554 260 624 146 181 206 510 
 937 93 670 934 788 580 118 
 322 453 953 907 671 430 666 
 437 922 332 483 658 49 318 
 608 747 873 378 299 36 899 
 332 295 356 621 541 177 585 
 394 69 601 568 289 801 932 
 959 286 363 647 3 131 556 
 747 656 436 473 179 748 597 
 312 543 282 324 809 798 112 
 365 653 573 631 226 536 681 
 262 55 894 766 437 767 103 
 230 946 688 234 736 582 599 
 50 222 405 283 683 397 727 
 762 723 498 505 894 488 777 
 867 13 886 605 391 244 477 
 214 927 993 171 910 963 802 
 607 209 500 753 273 752 29 
 532 803 965 418 342 40 811 
 967 8 310 45 826 605 637 
 923 620 431 428 188 866 573 
 216 718 453 865 123 847 723 
 147 494 929 868 360 959 503 
 652 456 321 458 867 386 751 
 17 134 344 902 261 244 769 
 444 592 712 914 12 297 753 
 613 207 552 883 757 121 377 
 267 358 649 259 276 991 255 
 462 973 821 258 94 663 606 
 457 618 495 362 125 714 704 
 922 392 356 62 661 25 918 
 626 822 458 865 809 304 648 
 866 923 101 120 919 220 520 
 953 59 372 33 597 994 238 
 354 583 835 867 227 316 145 
 285 274 186 992 691 848 865 
 695 943 315 635 482 544 431 
 789 533 944 805 466 688 701 
 223 516 997 273 608 906 690 
 545 261 336 750 493 595 810 
 206 523 600 366 781 284 162 
 340 885 108 432 494 544 418 
 642 407 677 179 576 765 307 
 567 333 390 
 399 96 186 364 101 390 882 
 993 288 428 345 505 802 152 
 491 161 842 598 510 59 265 
 313 111 822 410 582 758 720 
 677 720 848 75 74 666 960 
 904 661 849 805 271 583 726 
 841 257 46 732 599 11 809 
 86 106 204 846 470 173 273 
 264 772 391 884 625 805 890 
 977 283 183 968 52 967 446 
 916 691 657 520 881 656 873 
 912 662 11 931 893 156 168 
 977 896 205 526 230 632 900 
 587 585 757 307 320 747 662 
 697 32 161 619 113 511 768 
 698 521 324 948 443 199 255 
 270 658 91 857 953 767 692 
 326 595 287 204 283 988 681 
 363 839 409 600 828 428 925 
 747 706 730 627 701 776 783 
 238 317 147 816 652 270 144 
 766 607 892 5 929 730 491 
 488 254 107 616 665 712 668 
 811 841 111 10 371 888 555 
 402 520 231 607 551 855 90 
 510 284 704 275 983 377 551 
 390 31 64 708 432 906 284 
 770 470 857 78 130 944 387 
 8 205 498 940 414 628 198 
 502 303 616 723 129 598 184 
 707 955 9 886 743 536 878 
 721 212 240 937 984 682 404 
 183 475 608 846 815 361 721 
 43 205 120 484 530 910 25 
 623 137 483 23 393 956 781 
 980 74 628 445 866 803 849 
 553 265 548 759 213 478 570 
 978 399 118 621 770 777 805 
 162 580 396 441 246 814 977 
 245 853 384 351 310 805 931 
 492 496 910 683 692 94 733 
 236 554 628 61 325 569 156 
 213 463 817 578 104 132 626 
 624 927 344 114 497 566 1 
 679 526 705 45 899 514 500 
 55 450 46 549 657 581 196 
 115 97 900 628 322 515 933 
 119 374 330 231 503 187 191 
 845 675 45 157 259 212 189 
 82 538 841 39 101 300 634 
 116 359 590 934 954 788 344 
 781 188 991 957 125 835 606 
 451 942 586 722 810 692 298 
 29 197 351 323 593 201 252 
 253 853 16 537 41 583 101 
 219 602 23 925 32 931 161 
 410 844 847 288 830 435 171 
 123 641 547 597 689 899 327 
 280 876 369 467 134 399 912 
 836 973 847 786 371 349 554 
 435 36 550 346 266 306 36 
 992 753 417 263 481 355 489 
 709 33 847 693 887 434 745 
 63 708 723 139 314 743 880 
 310 100 441 190 507 10 926 
 770 423 98 520 534 906 485 
 670 395 191 85 435 550 360 
 705 78 514 185 632 189 97 
 689 387 296 618 256 65 462 
 865 148 409 819 169 232 585 
 684 482 283 874 776 211 844 
 919 302 622 
 295 945 206 110 537 549 361 
 457 859 872 992 277 896 543 
 422 108 597 89 404 23 734 
 921 176 300 251 749 844 175 
 700 128 103 690 346 776 735 
 116 569 510 506 330 15 520 
 767 513 958 529 895 575 241 
 771 434 252 959 42 907 579 
 946 216 787 352 831 632 430 
 553 283 115 240 13 506 460 
 630 302 599 20 740 189 626 
 100 186 209 229 415 845 751 
 557 435 750 737 576 243 629 
 479 227 901 67 909 177 356 
 714 417 491 662 542 851 354 
 155 376 683 5 354 862 620 
 322 843 148 930 703 372 144 
 12 958 733 577 34 410 426 
 597 741 708 59 29 457 660 
 397 9 51 864 718 322 810 
 421 707 756 239 585 50 576 
 404 189 910 259 542 443 294 
 184 706 979 244 101 161 92 
 183 936 235 533 264 368 332 
 785 828 36 433 124 54 196 
 626 385 193 401 764 567 656 
 525 285 455 399 113 695 598 
 949 923 640 850 320 532 600 
 390 343 147 184 78 309 692 
 554 585 915 541 396 930 138 
 846 812 309 235 638 331 26 
 687 214 641 779 381 670 244 
 876 767 865 840 663 339 674 
 757 541 154 274 451 429 523 
 881 295 268 77 712 859 808 
 590 24 358 956 966 677 160 
 794 467 679 395 836 755 327 
 987 473 899 540 28 512 755 
 184 382 502 429 566 193 216 
 209 983 424 214 682 673 871 
 885 750 342 916 68 384 318 
 111 1 613 421 817 699 64 
 66 797 702 670 700 577 110 
 970 980 252 964 598 754 236 
 297 22 770 502 62 412 931 
 941 479 394 451 766 179 372 
 67 546 837 817 835 529 592 
 862 751 942 476 801 236 294 
 242 709 235 536 585 138 530 
 243 734 498 810 315 901 244 
 973 330 555 232 835 901 607 
 231 697 974 500 760 376 195 
 48 58 478 200 849 709 279 
 538 524 111 202 910 525 255 
 692 325 821 763 508 129 543 
 794 867 52 722 929 530 13 
 820 894 496 961 194 966 578 
 979 425 399 161 131 483 340 
 530 447 363 796 472 237 488 
 34 946 84 473 594 724 678 
 508 784 942 654 782 960 911 
 376 970 765 439 229 146 282 
 495 251 591 474 217 622 481 
 936 391 57 300 222 205 475 
 672 567 382 666 287 219 39 
 961 388 125 604 552 657 478 
 998 143 797 959 778 506 591 
 712 305 331 949 124 337 467 
 651 745 934 942 844 281 624 
 650 66 746 955 125 246 421 
 601 577 454 217 615 809 465 
 269 154 16 
 755 807 24 830 681 743 78 
 193 316 803 813 949 462 777 
 187 700 309 822 858 932 802 
 817 411 979 552 807 753 603 
 542 916 414 877 971 758 406 
 663 588 346 261 405 831 683 
 249 320 372 726 150 170 632 
 526 342 525 506 912 589 566 
 762 159 838 797 28 541 927 
 625 120 422 980 805 494 884 
 415 245 884 921 683 775 192 
 201 243 314 180 955 869 639 
 716 779 869 354 417 969 787 
 255 227 183 781 540 536 366 
 770 522 455 709 715 835 851 
 606 50 322 377 977 304 437 
 944 452 560 372 794 585 636 
 798 470 718 555 664 980 51 
 103 413 941 14 832 740 904 
 878 219 269 101 841 320 865 
 223 462 590 51 676 218 334 
 410 171 203 82 404 402 670 
 588 610 733 288 742 478 582 
 39 181 677 344 847 93 620 
 921 819 419 364 330 1 468 
 340 48 932 144 571 656 440 
 886 347 76 640 367 500 8 
 671 354 942 91 432 402 675 
 583 934 153 472 519 979 75 
 442 602 338 187 305 956 594 
 902 957 591 969 1 778 812 
 228 331 101 396 911 10 988 
 325 434 807 440 733 702 865 
 81 327 82 282 781 784 615 
 643 848 680 757 320 106 858 
 628 99 363 154 51 489 543 
 25 121 431 546 58 604 203 
 34 746 340 35 215 233 367 
 990 651 691 683 843 154 29 
 221 837 608 480 732 195 204 
 567 812 41 9 864 580 449 
 286 292 55 431 346 646 442 
 887 82 46 930 951 990 211 
 19 212 310 426 337 158 648 
 481 455 954 919 202 464 755 
 114 719 736 776 785 714 146 
 595 392 762 536 527 938 29 
 652 647 252 536 273 518 222 
 55 545 18 306 261 373 384 
 562 202 742 126 995 936 206 
 771 668 932 789 991 244 29 
 781 169 942 134 892 588 558 
 698 261 177 465 252 997 115 
 718 988 767 676 934 329 470 
 147 685 466 773 907 765 778 
 217 18 638 919 41 678 1000 
 537 99 551 853 266 966 252 
 591 810 935 943 148 207 84 
 136 579 103 721 842 574 797 
 86 71 349 773 909 268 366 
 208 581 565 759 798 504 39 
 439 183 540 920 663 975 380 
 262 452 229 636 945 482 730 
 351 730 879 258 800 496 740 
 892 666 367 580 48 832 919 
 610 238 892 589 213 161 304 
 236 419 685 374 26 78 974 
 440 938 137 108 535 364 176 
 247 132 830 162 263 303 433 
 560 360 859 548 851 95 526 
 465 431 752 442 442 105 563 
 277 289 602 
 182172 197554 186938 185676 193035 177623 182125 
 189842 188246 188798 182431 185027 179643 187492 
 185144 186482 187406 188351 193344 189050 188377 
 184446 181581 191057 187160 184014 189107 187874 
 188454 191465