 500 30 0 
 528 916 903 867 709 634 688 
 872 780 990 518 604 1058 732 
 733 632 551 752 484 768 538 
 515 678 669 517 727 687 478 
 727 606 708 592 907 788 711 
 707 917 567 796 566 698 686 
 611 657 864 666 727 481 799 
 854 595 929 649 600 725 509 
 885 619 785 596 882 459 709 
 605 710 623 885 912 861 509 
 714 919 585 968 774 631 711 
 836 694 570 958 567 878 632 
 737 796 777 661 630 982 931 
 743 785 576 791 555 627 852 
 809 718 856 804 606 808 531 
 614 729 867 749 676 907 845 
 947 523 933 881 773 898 958 
 776 871 618 668 645 937 758 
 852 577 587 582 496 1018 763 
 820 731 771 989 875 839 867 
 656 773 625 961 651 867 556 
 910 774 751 666 682 841 984 
 823 922 930 1044 679 502 608 
 570 732 665 743 601 626 753 
 533 559 486 943 975 716 825 
 903 725 696 571 558 844 624 
 555 750 845 599 827 719 704 
 862 641 905 599 802 714 685 
 919 917 845 581 792 462 701 
 573 598 702 690 488 661 935 
 620 710 863 680 847 540 699 
 1016 925 429 789 505 967 778 
 757 522 499 994 699 603 639 
 1000 764 650 617 992 526 864 
 879 767 474 856 806 603 529 
 1005 649 899 526 485 987 988 
 591 981 732 644 524 965 595 
 1012 830 725 684 875 963 824 
 917 824 827 765 414 573 588 
 756 737 1070 873 775 683 827 
 618 767 704 467 640 901 1004 
 725 908 732 627 527 791 529 
 773 733 791 611 1056 611 736 
 755 814 621 880 831 720 542 
 603 894 423 601 1000 715 554 
 680 1065 804 882 807 540 914 
 810 572 784 575 640 740 891 
 900 543 835 877 627 514 777 
 745 531 854 676 903 645 604 
 601 986 670 843 815 576 629 
 870 823 883 951 1021 571 892 
 633 1028 893 942 596 700 637 
 944 949 417 539 997 654 873 
 630 776 813 711 824 913 1014 
 872 730 858 864 717 782 575 
 553 829 765 760 599 1082 881 
 555 692 631 803 918 804 574 
 818 916 927 908 760 637 693 
 655 841 829 562 588 542 698 
 990 807 746 581 632 831 869 
 674 454 684 849 555 1005 838 
 840 978 526 984 600 761 631 
 577 639 918 902 643 890 938 
 743 521 924 1075 566 739 610 
 741 639 942 763 613 786 810 
 525 696 769 974 817 783 698 
 538 950 838 908 949 630 852 
 490 835 938 644 920 811 772 
 939 675 443 808 666 592 869 
 881 574 551 868 731 680 885 
 543 908 584 595 815 897 706 
 803 732 909 
 954 325 329 482 35 977 154 
 537 344 978 234 528 346 674 
 955 960 366 957 819 432 906 
 30 207 604 456 934 286 358 
 420 657 502 253 917 786 377 
 512 982 616 493 617 802 471 
 846 954 873 398 220 384 789 
 513 5 289 578 279 480 646 
 105 689 462 289 91 40 641 
 622 894 83 481 161 577 122 
 675 259 191 118 65 740 182 
 5 783 767 548 886 650 32 
 343 785 609 654 745 988 865 
 521 332 205 66 514 683 434 
 171 749 845 506 429 263 56 
 65 962 127 25 334 436 966 
 902 493 109 702 183 331 650 
 724 152 94 6 701 936 384 
 48 466 230 759 388 803 800 
 21 979 717 708 928 186 403 
 611 473 162 733 176 453 148 
 83 844 182 762 472 942 439 
 742 687 989 825 356 606 246 
 840 959 365 380 477 348 837 
 299 186 568 296 298 367 282 
 644 4 287 648 935 221 921 
 67 946 572 856 113 309 965 
 865 22 726 819 168 50 913 
 208 697 289 431 589 791 821 
 742 208 439 76 99 624 146 
 369 226 434 917 179 250 801 
 576 503 913 791 320 110 674 
 38 396 782 673 596 594 282 
 898 570 560 769 189 844 434 
 319 930 46 886 950 436 755 
 553 514 80 461 303 943 281 
 851 93 643 890 597 279 619 
 843 849 328 142 536 915 244 
 884 525 470 879 588 721 117 
 532 448 717 448 301 449 259 
 688 606 810 943 985 104 214 
 942 34 574 368 601 653 377 
 878 928 527 764 517 918 966 
 87 187 488 294 740 263 269 
 466 114 160 205 226 221 432 
 633 953 290 607 990 652 907 
 558 329 690 472 762 785 918 
 439 901 207 741 689 683 303 
 31 100 210 196 912 800 551 
 692 356 51 712 600 972 674 
 637 786 899 302 525 156 559 
 658 866 717 440 758 147 746 
 586 797 910 366 162 375 682 
 881 650 878 789 90 196 704 
 971 764 945 297 689 978 455 
 718 20 954 84 769 989 618 
 213 376 17 94 517 844 193 
 700 822 722 23 918 928 724 
 75 357 940 117 640 93 232 
 214 35 733 376 283 676 35 
 473 421 660 746 197 885 613 
 786 470 582 895 459 987 703 
 688 105 986 731 337 815 83 
 233 801 459 881 802 586 653 
 559 62 5 223 463 549 742 
 251 729 974 223 104 373 9 
 102 386 633 350 710 756 985 
 306 534 142 194 93 644 14 
 164 988 143 392 899 446 167 
 14 172 801 524 342 376 571 
 249 534 306 912 167 816 648 
 22 841 389 
 540 409 355 379 911 440 10 
 118 738 948 610 736 668 604 
 665 952 946 450 94 355 82 
 3 201 310 806 392 474 447 
 689 319 177 734 955 89 520 
 390 716 650 386 339 18 411 
 82 523 442 31 652 21 48 
 15 572 219 863 694 8 870 
 864 339 134 565 715 474 157 
 797 990 338 477 399 392 804 
 373 757 572 656 688 259 870 
 696 463 413 734 801 269 452 
 504 76 709 631 160 889 524 
 355 830 886 174 491 325 539 
 241 990 27 846 451 660 192 
 748 588 502 670 430 243 831 
 645 663 66 935 163 447 993 
 753 62 33 820 521 370 124 
 963 776 633 20 789 107 317 
 190 979 543 822 534 901 941 
 868 1 552 189 643 241 339 
 908 306 268 892 140 162 243 
 621 200 47 387 141 284 968 
 734 592 518 494 119 734 416 
 166 415 549 88 327 114 598 
 374 818 728 423 970 468 405 
 621 601 205 312 864 582 646 
 348 740 160 148 112 923 119 
 399 846 836 725 81 574 410 
 583 983 104 700 249 409 332 
 223 779 489 425 510 990 158 
 583 213 220 717 310 368 753 
 140 371 782 630 639 757 285 
 200 110 444 700 890 76 244 
 291 424 880 580 139 886 50 
 529 765 371 445 881 827 26 
 958 977 584 394 601 582 201 
 667 430 636 32 239 21 79 
 292 369 687 205 755 713 616 
 248 298 435 133 853 474 18 
 642 885 131 504 833 990 757 
 386 177 297 171 133 60 202 
 70 988 270 250 162 668 431 
 828 283 677 223 433 93 393 
 564 163 606 714 317 292 581 
 518 876 389 207 545 670 853 
 21 366 121 808 806 565 234 
 43 478 867 531 352 484 317 
 231 782 716 394 470 934 545 
 147 959 45 592 291 464 148 
 597 591 102 674 502 220 510 
 508 834 603 511 330 439 566 
 285 721 614 143 855 424 551 
 588 51 267 251 589 510 712 
 917 105 46 878 472 59 419 
 199 936 449 265 225 552 406 
 159 536 742 28 757 512 272 
 644 303 342 317 793 579 204 
 99 447 836 574 964 135 373 
 888 792 623 21 116 601 395 
 892 581 544 22 617 868 883 
 575 385 469 475 516 935 768 
 159 647 399 185 882 643 24 
 463 477 916 37 124 92 2 
 994 970 345 532 806 368 740 
 11 853 550 317 654 147 502 
 119 431 336 487 556 920 926 
 49 200 71 619 298 927 42 
 166 698 861 123 420 552 978 
 618 424 10 482 837 452 127 
 533 304 626 926 211 805 8 
 66 181 434 
 647 340 836 605 315 247 51 
 999 265 889 931 356 993 974 
 570 846 304 100 994 12 524 
 159 747 695 942 986 408 30 
 145 626 506 910 357 235 455 
 91 34 262 848 101 836 913 
 14 579 171 829 226 928 8 
 934 846 256 31 525 974 281 
 55 101 246 474 930 70 731 
 124 453 845 601 354 151 849 
 48 18 761 619 701 649 561 
 565 777 8 703 439 788 729 
 228 585 191 951 461 316 141 
 944 700 319 855 516 104 683 
 161 195 194 61 177 784 223 
 22 233 398 764 877 320 750 
 861 943 917 103 755 324 710 
 882 265 617 156 762 13 380 
 607 814 87 660 209 620 683 
 740 491 253 478 307 497 867 
 530 781 751 250 562 711 976 
 25 940 437 499 376 642 924 
 700 991 583 742 211 410 249 
 624 694 918 826 973 512 410 
 318 361 958 838 69 542 390 
 892 654 942 126 121 336 941 
 861 98 72 251 364 366 880 
 212 154 216 742 360 915 49 
 984 937 22 599 680 401 32 
 304 812 743 892 188 826 933 
 335 453 949 403 829 536 339 
 625 86 673 762 150 725 576 
 22 748 582 717 508 592 301 
 756 499 650 479 769 343 753 
 642 10 837 987 523 367 709 
 407 930 306 67 627 216 830 
 308 701 172 890 153 907 520 
 370 438 912 663 873 319 196 
 938 177 470 723 519 822 287 
 969 185 645 231 90 494 616 
 721 620 682 575 55 256 774 
 685 272 53 200 896 502 427 
 914 606 988 760 698 215 690 
 357 436 911 80 750 770 817 
 356 371 38 266 67 753 365 
 314 457 64 540 315 514 875 
 744 695 348 449 591 203 426 
 70 159 549 185 608 801 231 
 424 66 301 385 74 723 421 
 184 411 956 489 200 196 84 
 510 490 694 692 614 142 385 
 841 797 736 394 412 136 50 
 597 284 518 788 600 54 452 
 62 907 634 689 354 664 253 
 158 593 103 901 756 52 95 
 992 922 287 635 252 829 636 
 186 317 558 870 21 671 522 
 184 262 321 541 72 453 142 
 923 655 578 371 892 134 2 
 578 541 895 138 432 662 225 
 884 113 783 697 940 710 465 
 296 705 380 478 145 300 572 
 232 79 378 73 235 561 906 
 902 786 365 637 963 698 813 
 552 836 240 259 835 872 19 
 70 631 385 80 202 122 800 
 82 529 745 982 375 723 426 
 35 464 134 311 143 888 111 
 209 993 554 420 602 427 408 
 135 113 834 856 498 3 606 
 741 594 966 110 293 710 166 
 592 392 924 
 403 723 947 32 688 789 56 
 636 837 852 166 925 159 365 
 568 339 100 14 183 551 177 
 268 125 762 87 499 568 497 
 201 913 659 506 199 545 52 
 37 311 473 96 483 632 275 
 622 433 399 211 230 872 566 
 517 847 691 575 203 99 200 
 788 17 91 754 564 554 898 
 341 228 998 411 527 756 226 
 161 102 860 550 506 102 570 
 924 90 175 733 462 729 976 
 159 412 869 613 829 424 614 
 705 806 594 171 437 828 594 
 151 700 901 713 50 988 241 
 981 201 221 761 401 654 662 
 52 289 973 52 496 758 828 
 218 890 567 848 702 15 513 
 495 386 254 163 665 885 4 
 301 677 541 949 658 516 670 
 594 705 376 726 888 687 451 
 392 458 578 175 205 644 310 
 770 153 887 424 997 683 755 
 556 72 771 319 758 599 208 
 618 754 595 689 767 533 825 
 271 66 896 66 132 758 839 
 832 207 913 838 155 594 886 
 142 918 802 497 634 61 636 
 944 789 27 879 30 927 309 
 342 351 52 912 409 867 706 
 987 464 642 446 293 368 979 
 582 972 921 853 116 378 493 
 570 119 744 121 350 961 511 
 648 963 153 795 820 418 758 
 502 924 489 696 110 172 968 
 934 166 272 809 526 989 622 
 931 497 681 414 53 211 337 
 922 242 315 788 893 881 958 
 917 677 649 156 267 416 822 
 991 131 704 127 543 12 783 
 364 976 238 777 800 302 938 
 35 714 893 479 631 466 754 
 170 660 398 353 338 288 26 
 845 831 157 746 970 937 28 
 119 146 735 437 986 481 478 
 593 748 250 214 197 473 5 
 379 200 408 887 152 511 123 
 968 451 156 375 130 161 163 
 59 326 752 776 712 783 119 
 281 13 147 502 336 135 461 
 916 325 242 100 204 173 755 
 953 343 212 353 147 680 611 
 591 946 106 658 482 309 762 
 636 51 428 827 573 932 861 
 597 396 626 224 334 977 854 
 585 924 149 803 128 695 276 
 71 322 945 107 338 166 162 
 609 728 415 413 960 582 460 
 172 312 455 832 549 295 955 
 458 401 762 364 581 233 394 
 152 757 111 655 181 942 661 
 158 424 829 936 962 660 227 
 418 387 523 420 346 937 982 
 284 940 375 932 556 704 728 
 980 831 91 227 475 816 608 
 581 579 7 277 706 426 375 
 221 404 366 577 984 687 1 
 486 653 938 369 223 315 806 
 668 541 401 131 134 792 492 
 863 746 983 778 726 82 300 
 968 985 759 645 617 294 622 
 850 120 219 
 145 306 812 705 161 675 249 
 418 652 606 374 275 714 775 
 386 344 551 573 932 506 193 
 389 711 817 678 414 675 506 
 661 213 26 702 689 159 423 
 376 588 288 815 332 370 574 
 540 600 529 340 293 300 241 
 831 960 777 639 395 442 691 
 209 395 292 422 865 155 470 
 985 139 725 664 829 340 885 
 117 332 920 741 774 826 842 
 832 927 725 544 408 395 675 
 70 453 129 383 984 163 244 
 331 612 179 179 205 141 621 
 429 922 25 914 754 258 701 
 804 290 417 605 914 566 737 
 725 117 888 544 590 252 771 
 565 705 999 722 33 965 805 
 914 160 113 862 191 485 473 
 840 55 311 721 323 720 740 
 226 35 219 281 350 944 37 
 167 221 31 561 733 150 582 
 495 73 677 874 467 475 78 
 401 302 559 973 911 380 48 
 524 329 274 981 801 890 389 
 893 365 273 483 610 981 47 
 259 511 630 225 51 201 186 
 10 821 599 61 589 761 928 
 966 389 121 624 958 486 110 
 227 114 264 381 238 249 422 
 50 376 805 875 120 579 65 
 479 150 146 622 388 529 642 
 764 947 985 584 883 629 397 
 318 248 395 733 77 174 724 
 691 802 786 882 209 480 316 
 339 897 281 679 224 39 612 
 335 664 639 5 357 394 197 
 31 540 228 593 234 617 55 
 526 109 676 86 383 970 600 
 2 777 612 829 584 838 249 
 768 813 543 279 367 119 926 
 752 383 18 343 445 281 340 
 588 68 433 634 523 873 468 
 487 16 182 156 377 217 738 
 645 537 222 10 701 997 365 
 803 677 280 967 3 690 844 
 405 50 835 669 295 643 832 
 701 866 130 622 615 879 6 
 453 692 643 267 222 911 594 
 686 148 697 627 815 450 923 
 298 469 734 296 87 742 384 
 934 122 145 790 760 115 617 
 203 941 60 833 331 341 509 
 120 702 201 458 988 159 464 
 22 461 788 681 255 528 972 
 196 671 392 570 407 741 813 
 588 482 943 348 889 417 606 
 185 934 348 455 655 223 688 
 654 987 782 555 969 788 21 
 202 901 75 235 307 83 386 
 488 681 551 550 344 171 902 
 476 354 387 134 941 246 208 
 467 745 72 971 677 348 903 
 393 922 891 164 917 101 438 
 890 786 899 547 386 59 753 
 781 20 68 192 737 189 141 
 684 805 555 745 407 934 994 
 666 896 96 19 266 290 308 
 153 42 910 232 684 963 41 
 210 737 702 275 131 575 580 
 124 235 978 52 399 840 990 
 792 324 814 
 955 174 334 613 163 167 825 
 550 148 346 721 971 590 334 
 611 921 3 553 308 974 882 
 516 659 122 690 282 616 704 
 214 508 841 649 77 447 584 
 108 438 488 158 104 230 612 
 350 221 497 794 826 430 498 
 37 845 119 43 619 869 526 
 515 543 703 947 499 294 999 
 447 935 219 966 918 20 555 
 106 203 701 945 949 216 294 
 943 245 2 293 201 302 430 
 540 265 10 247 871 794 755 
 410 421 645 182 192 97 13 
 600 969 925 99 61 56 555 
 232 629 706 244 246 381 342 
 148 573 431 900 156 767 913 
 365 557 315 437 598 628 530 
 958 611 747 898 333 550 706 
 245 831 77 471 609 767 876 
 611 334 322 432 743 234 943 
 343 747 605 58 935 133 171 
 373 301 841 548 238 642 829 
 964 742 773 521 291 567 659 
 49 69 3 967 571 312 572 
 929 751 48 815 704 241 657 
 575 687 543 209 451 208 315 
 699 351 428 208 619 203 878 
 300 701 606 706 882 84 8 
 809 532 379 514 233 763 197 
 822 750 870 974 470 628 724 
 829 822 599 450 456 968 392 
 435 54 355 697 114 642 627 
 794 480 213 415 899 47 440 
 877 720 523 884 701 379 475 
 1 632 741 298 448 903 115 
 646 618 179 632 286 709 799 
 421 35 610 959 11 813 496 
 120 253 666 30 572 278 535 
 322 684 310 199 660 60 452 
 43 802 605 218 911 994 413 
 986 689 113 703 836 744 110 
 578 421 536 830 586 551 319 
 389 393 699 223 817 339 159 
 953 199 172 695 494 874 105 
 500 558 487 57 808 564 809 
 962 85 991 742 804 64 993 
 590 470 529 237 390 706 823 
 467 921 657 597 564 105 493 
 847 340 736 843 147 737 938 
 301 352 984 894 201 904 834 
 808 372 188 753 240 460 819 
 957 841 831 930 68 737 663 
 426 85 962 434 797 723 709 
 755 934 138 354 522 923 243 
 247 612 388 400 479 131 553 
 534 493 507 877 621 948 666 
 276 49 689 181 37 718 595 
 817 407 245 664 40 997 824 
 911 672 265 327 765 347 227 
 657 160 344 590 282 381 60 
 750 375 90 289 92 586 682 
 994 413 197 692 811 982 424 
 26 395 600 860 186 423 867 
 675 663 357 467 341 357 621 
 13 628 183 831 384 274 40 
 124 124 615 707 383 667 564 
 339 232 338 6 2 548 294 
 684 923 486 655 648 174 787 
 749 101 510 448 740 660 35 
 796 10 142 280 13 786 224 
 773 964 968 
 466 331 7 267 423 817 722 
 297 274 800 525 838 828 849 
 116 74 815 994 265 901 154 
 322 658 755 339 154 370 8 
 958 439 8 146 856 857 249 
 1 793 14 638 647 213 364 
 782 64 721 256 17 568 973 
 585 786 134 575 443 922 109 
 137 709 332 924 48 50 124 
 90 220 279 414 284 158 153 
 280 746 853 860 447 725 518 
 748 962 648 366 460 209 521 
 841 119 52 614 41 625 74 
 184 414 965 880 816 424 357 
 837 836 316 115 663 584 154 
 475 289 652 403 996 687 626 
 163 194 543 884 794 621 847 
 711 930 519 957 874 200 864 
 643 397 634 18 504 585 453 
 27 765 747 148 718 723 959 
 480 153 119 406 762 604 747 
 24 265 470 764 433 988 942 
 989 59 470 444 510 567 556 
 126 276 434 744 570 127 945 
 940 879 46 965 5 226 291 
 252 709 833 822 486 6 272 
 594 866 703 543 522 547 513 
 488 73 351 270 410 132 801 
 518 743 488 251 400 806 202 
 429 763 471 659 20 315 729 
 488 252 690 118 627 531 403 
 441 555 122 767 261 492 437 
 390 837 230 773 325 563 150 
 25 546 353 247 161 689 697 
 478 926 268 541 808 819 211 
 950 341 236 489 389 969 776 
 666 578 350 336 838 704 75 
 949 407 61 378 291 162 707 
 652 104 871 264 269 10 24 
 453 496 891 691 192 320 149 
 664 842 292 13 793 576 32 
 386 372 546 282 675 691 590 
 235 665 638 521 234 785 925 
 779 280 208 111 816 606 380 
 865 589 110 566 703 888 163 
 777 956 638 721 586 362 764 
 652 965 561 285 747 587 903 
 86 457 101 619 938 22 511 
 202 846 378 709 997 436 981 
 375 993 784 871 988 884 237 
 27 456 176 693 329 116 89 
 834 736 393 726 623 664 997 
 410 686 41 41 431 464 397 
 280 735 278 774 56 683 186 
 815 846 64 324 891 947 556 
 837 873 97 803 174 522 707 
 946 526 848 623 976 286 374 
 277 80 757 663 932 720 210 
 56 449 998 452 813 455 831 
 171 452 301 551 333 187 922 
 920 560 922 817 707 819 881 
 108 151 18 328 290 964 213 
 288 249 743 416 892 218 307 
 809 791 198 51 371 876 420 
 746 252 592 512 343 33 16 
 66 993 229 978 788 758 483 
 165 978 740 721 263 326 820 
 793 378 690 441 950 558 901 
 972 995 132 498 332 371 288 
 67 432 416 148 696 325 116 
 308 511 542 529 718 131 134 
 873 229 701 
 423 324 106 715 376 437 801 
 131 832 436 380 621 341 793 
 818 227 3 85 926 2 365 
 9 847 333 701 91 314 366 
 180 660 938 116 176 778 931 
 571 392 534 857 967 560 869 
 579 702 573 631 911 376 24 
 201 685 407 243 371 522 518 
 125 585 779 660 749 938 789 
 829 695 706 206 596 842 368 
 942 626 237 23 419 13 669 
 324 407 642 456 940 793 697 
 766 299 839 610 389 748 662 
 347 481 804 831 70 749 677 
 778 716 612 771 383 909 702 
 409 617 955 108 17 257 593 
 946 797 116 478 974 592 715 
 289 525 635 854 820 928 985 
 456 281 97 346 65 989 968 
 976 694 750 179 787 160 982 
 905 557 830 541 294 52 548 
 951 284 683 185 819 21 783 
 665 903 107 842 703 644 651 
 618 673 829 709 150 192 366 
 885 774 526 447 454 120 606 
 773 60 2 714 981 414 171 
 695 367 285 815 976 708 712 
 206 30 552 779 716 242 709 
 707 326 384 181 722 233 924 
 758 379 123 713 555 956 262 
 269 486 390 592 38 847 182 
 604 395 475 673 774 466 141 
 841 344 909 997 674 7 652 
 596 516 813 361 219 982 845 
 158 893 150 465 598 979 307 
 115 422 914 31 341 25 36 
 757 945 230 755 814 831 611 
 886 91 330 261 753 546 249 
 342 957 33 503 62 237 499 
 794 117 332 869 611 398 663 
 840 234 539 47 108 751 880 
 482 433 984 241 694 581 598 
 355 5 548 990 635 462 442 
 248 192 777 82 217 506 313 
 317 817 703 472 305 580 33 
 595 871 393 393 386 586 164 
 730 334 304 515 421 911 946 
 339 736 813 659 329 197 219 
 899 255 940 210 961 172 648 
 387 346 386 170 290 28 774 
 856 739 153 282 732 542 956 
 490 900 313 852 617 940 450 
 972 1 141 169 638 676 324 
 975 187 749 963 201 268 749 
 112 867 173 431 471 325 398 
 267 471 181 609 563 576 490 
 603 159 272 172 203 848 664 
 284 444 566 129 920 218 91 
 22 219 134 316 512 189 665 
 531 388 599 346 366 133 477 
 640 940 880 698 686 389 20 
 373 553 159 53 893 683 336 
 789 877 582 70 545 415 927 
 984 293 946 472 715 567 531 
 171 75 396 477 727 232 589 
 169 581 980 735 803 991 389 
 781 66 109 871 766 645 879 
 567 670 278 554 968 869 416 
 98 254 386 832 739 211 741 
 125 624 516 663 878 920 155 
 466 40 324 163 128 388 233 
 381 20 10 
 13 790 875 504 676 500 689 
 9 656 356 99 421 673 141 
 375 884 154 970 405 779 560 
 923 525 786 432 736 557 883 
 951 858 777 955 729 417 593 
 533 574 133 696 723 560 630 
 610 660 214 482 540 420 749 
 706 304 30 275 843 255 106 
 35 301 877 783 152 77 755 
 751 610 531 295 13 289 667 
 100 919 764 83 937 955 824 
 401 969 683 610 539 656 537 
 835 259 729 120 622 217 848 
 600 410 134 475 799 8 841 
 406 104 780 220 834 13 363 
 892 974 388 961 387 129 755 
 775 381 709 642 391 532 515 
 613 56 12 269 518 223 606 
 648 92 651 533 462 638 927 
 699 869 85 222 936 265 781 
 696 175 50 538 126 849 286 
 970 855 110 980 423 736 615 
 893 232 310 389 787 980 36 
 655 879 958 370 789 203 39 
 275 960 236 167 93 822 957 
 65 310 726 164 353 755 688 
 221 519 136 354 816 184 79 
 465 900 408 265 190 952 386 
 365 964 797 139 532 411 421 
 858 904 399 410 961 351 197 
 926 64 148 514 830 925 568 
 492 318 717 858 765 26 681 
 748 290 626 449 929 248 643 
 473 839 602 541 838 337 530 
 392 208 578 613 573 421 472 
 389 199 329 414 229 486 990 
 200 302 935 461 732 276 724 
 186 997 448 996 257 350 316 
 123 836 521 624 688 383 621 
 495 753 881 161 360 215 242 
 828 398 593 69 111 414 888 
 5 233 100 183 311 193 156 
 609 299 57 969 648 554 807 
 640 114 654 186 530 994 716 
 566 564 727 770 872 230 790 
 528 753 685 952 393 179 648 
 819 814 597 749 730 767 486 
 378 940 440 699 555 445 317 
 816 38 167 638 960 152 150 
 608 844 893 342 921 509 482 
 917 601 963 979 632 897 977 
 923 406 421 775 62 471 152 
 461 896 490 260 127 44 561 
 31 605 60 630 348 648 492 
 161 774 220 493 840 429 119 
 314 965 734 558 620 647 380 
 826 942 592 321 741 744 553 
 195 271 740 344 862 455 777 
 572 637 258 763 807 824 412 
 423 809 805 489 279 275 942 
 483 339 258 126 689 801 536 
 787 412 426 970 730 9 412 
 331 237 381 575 651 253 491 
 841 183 552 767 527 871 712 
 216 434 202 186 656 893 10 
 193 411 432 647 438 800 358 
 804 296 403 359 915 539 711 
 509 265 562 932 334 842 412 
 955 78 107 32 285 202 961 
 800 829 348 237 783 417 954 
 452 297 387 973 152 919 823 
 970 440 591 
 229 187 383 526 772 715 752 
 837 106 899 629 236 982 479 
 722 865 282 320 700 150 897 
 959 824 670 412 487 837 518 
 476 343 593 731 639 234 165 
 999 507 391 456 467 268 135 
 508 387 669 26 458 437 447 
 976 262 911 653 672 283 67 
 732 898 252 300 411 206 711 
 733 406 593 570 358 241 403 
 915 686 175 945 617 143 777 
 842 332 548 981 500 981 811 
 556 485 460 514 497 297 213 
 139 210 454 474 119 840 456 
 56 179 79 262 737 390 253 
 737 324 286 578 488 382 206 
 459 397 942 416 14 956 636 
 705 941 481 336 729 531 687 
 514 151 15 104 572 791 268 
 576 873 611 684 776 724 426 
 648 531 761 394 145 418 500 
 423 43 816 739 849 591 340 
 36 591 868 370 38 302 690 
 833 337 720 591 194 692 196 
 270 573 482 297 635 636 268 
 842 527 404 965 816 963 958 
 808 363 591 314 922 142 23 
 670 903 21 314 954 597 247 
 138 59 906 667 34 425 686 
 460 492 938 48 485 782 442 
 986 779 167 448 764 405 613 
 90 866 388 636 388 380 730 
 789 867 329 852 837 820 178 
 287 225 715 528 603 10 669 
 197 466 540 172 171 248 350 
 982 943 112 177 676 539 930 
 881 491 550 62 173 453 772 
 535 686 757 214 63 241 76 
 391 239 53 302 155 443 819 
 787 623 591 48 191 489 60 
 100 329 110 192 543 652 213 
 697 281 679 431 192 991 620 
 667 213 708 923 924 774 789 
 404 473 279 162 495 479 232 
 869 875 33 105 812 160 707 
 30 711 638 977 451 81 298 
 74 310 662 491 76 927 937 
 992 806 673 226 16 120 581 
 265 823 371 722 493 771 248 
 311 971 762 25 52 544 689 
 633 420 997 77 197 971 149 
 458 551 607 160 268 446 760 
 677 41 176 166 512 547 730 
 671 905 711 757 950 689 278 
 489 298 506 446 86 908 910 
 336 95 382 971 936 925 931 
 369 823 820 987 524 320 904 
 59 744 532 414 582 160 997 
 994 270 764 173 19 864 670 
 949 888 962 850 412 793 806 
 489 581 70 252 172 976 560 
 361 993 628 609 562 24 121 
 612 550 386 335 108 30 917 
 158 334 206 874 636 934 840 
 379 729 347 173 597 146 809 
 667 170 599 169 556 843 373 
 315 420 336 747 247 33 551 
 365 62 432 629 265 884 908 
 336 422 305 541 672 725 772 
 697 569 87 311 782 650 117 
 576 531 210 132 621 121 816 
 625 733 309 
 927 822 998 187 763 543 610 
 609 39 80 425 505 129 91 
 653 492 676 26 160 878 356 
 737 741 142 463 649 544 593 
 128 755 751 20 859 915 405 
 678 871 592 259 847 343 324 
 365 451 607 136 534 492 566 
 990 283 979 952 683 887 68 
 881 602 980 276 88 386 12 
 932 993 19 187 339 33 562 
 533 212 376 498 79 541 648 
 119 758 994 191 168 25 621 
 326 500 271 119 511 306 936 
 354 433 853 190 870 587 142 
 359 504 410 856 169 962 874 
 649 164 909 486 149 630 655 
 808 154 842 12 519 748 341 
 925 243 6 302 915 658 45 
 522 554 432 229 586 22 225 
 959 935 639 110 225 567 204 
 40 124 22 489 279 476 69 
 872 562 306 881 247 501 352 
 147 863 411 561 211 297 160 
 623 644 254 781 609 790 917 
 963 75 414 747 222 188 997 
 337 238 61 227 896 407 302 
 866 670 83 392 354 6 260 
 394 487 233 476 605 189 462 
 680 862 263 826 849 982 946 
 368 328 572 420 167 692 5 
 876 222 694 185 72 136 95 
 645 753 432 534 247 79 627 
 619 318 60 191 138 21 377 
 991 792 899 746 876 879 756 
 883 771 418 573 295 265 55 
 418 773 718 407 727 753 900 
 479 377 211 335 436 378 674 
 193 129 246 886 628 584 641 
 584 55 850 773 546 301 30 
 428 109 880 506 18 967 312 
 269 191 946 452 497 359 906 
 804 81 802 94 428 783 178 
 340 849 394 265 106 665 904 
 974 760 37 754 939 54 669 
 56 320 223 175 1000 293 267 
 334 515 785 149 380 546 238 
 33 136 682 777 252 287 924 
 922 304 906 860 192 910 82 
 580 569 50 438 864 372 301 
 153 457 151 69 4 309 264 
 724 694 125 37 315 229 868 
 17 701 772 720 468 587 26 
 59 114 643 902 110 255 360 
 509 850 847 296 687 334 824 
 279 892 952 259 375 506 419 
 951 180 363 68 428 960 888 
 861 928 243 177 230 908 105 
 552 711 332 129 872 782 128 
 961 880 633 765 779 711 130 
 715 413 703 637 365 443 938 
 699 322 869 653 36 190 672 
 791 326 63 702 215 128 536 
 685 32 493 456 151 358 729 
 600 23 78 757 895 342 999 
 754 134 105 562 631 562 227 
 906 235 612 689 507 450 619 
 338 901 407 540 931 237 661 
 318 684 640 230 657 651 887 
 968 312 236 464 122 746 45 
 818 426 797 635 311 524 189 
 223 175 466 94 718 208 902 
 647 420 176 
 192 523 638 606 888 359 649 
 243 283 565 125 996 398 90 
 489 268 99 457 885 660 38 
 846 82 386 390 635 506 402 
 804 866 583 279 213 358 357 
 191 992 834 647 458 214 270 
 842 385 540 990 843 215 586 
 993 873 872 985 145 954 475 
 926 863 630 265 609 68 270 
 187 772 736 915 997 900 379 
 390 588 962 596 178 248 582 
 205 91 938 815 707 918 157 
 645 350 174 220 771 188 818 
 478 885 598 671 52 606 280 
 950 910 814 689 805 433 413 
 727 727 330 627 591 403 159 
 867 615 373 385 602 588 191 
 907 772 338 989 850 809 431 
 395 234 673 934 294 716 469 
 629 397 1 145 398 807 429 
 619 245 57 108 276 821 389 
 486 281 459 868 265 1 824 
 863 707 555 944 625 300 855 
 963 349 789 441 230 86 508 
 957 129 538 242 574 358 446 
 994 36 215 544 746 409 428 
 182 535 682 943 194 578 677 
 448 730 332 719 111 473 99 
 915 925 903 450 801 760 233 
 521 276 363 377 465 826 698 
 516 350 554 662 989 395 31 
 773 156 511 798 423 726 617 
 57 440 59 204 305 313 298 
 226 622 613 772 682 886 19 
 539 218 14 960 177 3 820 
 730 25 806 952 181 30 682 
 311 750 436 651 349 336 994 
 561 941 698 61 518 514 861 
 531 197 99 326 500 83 425 
 544 665 607 687 831 673 632 
 502 349 287 163 982 244 637 
 441 764 895 431 682 150 481 
 632 980 799 162 845 898 219 
 149 171 709 337 939 146 819 
 404 870 198 785 496 709 200 
 546 885 586 985 437 389 836 
 786 439 636 765 100 710 484 
 492 619 209 86 288 650 880 
 952 257 516 727 826 150 207 
 617 902 245 1 854 626 927 
 712 365 71 592 971 64 871 
 823 665 314 265 609 253 450 
 380 710 143 196 925 88 241 
 707 577 143 262 456 912 262 
 722 401 191 819 465 859 44 
 450 929 149 936 94 175 378 
 295 828 107 460 86 783 738 
 161 368 579 207 799 657 490 
 265 606 103 544 122 626 99 
 679 77 597 764 178 565 878 
 214 883 589 924 180 706 876 
 281 259 276 172 558 314 191 
 103 99 370 231 232 347 345 
 730 762 328 943 163 419 700 
 373 401 583 27 929 733 516 
 489 682 662 448 471 795 428 
 293 613 785 638 648 62 324 
 572 365 471 592 708 162 669 
 385 558 549 264 705 454 182 
 500 609 284 212 818 552 821 
 977 720 894 576 597 293 423 
 952 291 506 
 968 892 438 441 859 151 873 
 863 931 16 401 594 815 762 
 827 257 86 881 276 165 462 
 401 181 610 828 759 459 541 
 163 180 976 838 821 500 411 
 235 242 50 944 256 388 698 
 559 272 678 300 478 921 32 
 268 725 691 540 402 205 247 
 942 185 368 279 557 922 678 
 593 171 574 358 35 134 414 
 223 318 868 627 953 323 961 
 524 590 406 960 355 455 604 
 603 607 528 165 650 695 228 
 634 613 331 871 133 218 994 
 461 771 541 34 749 346 91 
 460 157 515 549 748 420 518 
 917 225 706 552 153 352 824 
 189 674 296 822 245 332 806 
 57 408 163 39 89 577 233 
 255 595 461 546 324 395 56 
 484 529 184 659 23 355 901 
 695 920 454 563 271 341 469 
 279 193 632 836 700 268 276 
 157 417 103 361 972 633 445 
 863 979 5 665 564 981 129 
 51 238 163 345 96 319 352 
 713 724 747 21 911 71 587 
 156 65 847 207 965 342 667 
 69 97 926 907 676 122 737 
 40 975 231 768 583 594 697 
 917 637 918 735 739 218 365 
 1 373 141 28 822 912 947 
 371 478 568 102 190 327 107 
 279 224 81 688 84 124 496 
 877 664 660 708 682 101 278 
 306 369 714 969 552 971 484 
 707 907 265 958 256 881 983 
 984 474 678 1000 121 51 119 
 601 677 876 471 191 364 611 
 580 352 552 645 857 363 372 
 105 59 654 316 65 35 107 
 561 191 525 818 561 131 180 
 765 353 774 436 101 210 245 
 709 16 580 695 866 447 493 
 957 429 208 104 460 233 721 
 365 764 612 759 868 342 931 
 490 593 592 652 985 719 847 
 329 460 517 241 241 614 568 
 928 822 206 174 837 382 657 
 253 490 794 882 103 854 601 
 501 47 879 554 222 816 209 
 459 581 858 32 333 294 404 
 791 651 49 176 470 30 446 
 49 365 91 726 221 28 23 
 730 210 374 207 876 394 881 
 946 424 710 22 523 432 700 
 160 616 170 193 279 844 346 
 380 250 853 631 87 310 716 
 927 767 904 207 968 342 820 
 497 926 261 428 132 150 427 
 527 12 684 836 135 979 233 
 642 777 972 97 980 266 208 
 104 697 894 738 571 10 560 
 499 950 899 376 780 720 664 
 440 304 800 631 909 181 743 
 681 166 694 506 488 813 273 
 86 136 128 489 858 797 31 
 420 394 432 275 218 906 721 
 611 386 597 443 678 516 424 
 730 575 534 281 245 299 664 
 663 979 836 470 896 600 979 
 256 997 980 
 88 275 238 335 97 621 716 
 159 388 731 619 493 436 299 
 948 339 317 896 468 126 424 
 961 790 803 285 368 376 251 
 804 700 272 118 353 134 365 
 385 219 363 374 775 955 246 
 115 144 852 810 181 284 455 
 106 502 590 196 58 551 393 
 984 26 334 795 121 949 84 
 59 338 149 376 372 63 732 
 750 103 248 147 676 779 901 
 611 346 132 693 557 543 419 
 111 130 28 155 517 585 145 
 63 828 532 409 323 476 185 
 294 146 199 489 364 193 427 
 435 927 141 95 198 244 194 
 192 424 553 62 273 986 179 
 474 852 439 914 942 587 912 
 406 710 421 729 481 449 962 
 794 386 763 572 197 220 800 
 787 2 323 223 567 668 986 
 24 555 833 844 709 950 532 
 473 986 904 954 348 996 983 
 750 23 850 64 669 558 279 
 756 234 403 986 863 319 214 
 716 890 568 794 703 435 351 
 745 430 690 358 221 801 123 
 921 155 629 961 999 968 45 
 217 613 808 715 434 201 355 
 221 357 150 894 911 385 884 
 963 324 699 317 480 484 408 
 432 287 356 122 14 627 105 
 843 85 469 786 277 519 178 
 488 822 2 221 919 532 894 
 683 257 36 233 971 471 202 
 210 530 623 896 48 295 980 
 623 832 675 592 270 327 102 
 721 101 685 354 991 752 94 
 641 321 796 352 853 411 444 
 711 795 552 104 679 22 110 
 98 590 133 359 184 143 628 
 769 872 134 475 322 688 575 
 905 590 816 717 750 27 94 
 491 787 307 503 500 442 871 
 406 4 197 723 950 690 488 
 6 135 652 389 526 971 697 
 227 189 38 820 742 166 295 
 430 717 997 672 984 214 554 
 191 34 881 556 178 167 479 
 909 77 765 473 561 412 694 
 816 957 806 456 495 746 759 
 220 730 807 620 41 438 783 
 388 134 814 272 779 833 416 
 95 566 786 332 859 22 783 
 535 488 21 774 875 440 841 
 940 143 777 531 744 309 41 
 215 911 608 297 633 877 74 
 21 156 128 775 335 17 413 
 707 742 785 31 84 379 507 
 331 878 789 229 692 835 425 
 107 992 335 907 192 183 652 
 43 407 622 667 640 736 776 
 21 950 819 231 597 471 590 
 509 557 186 791 206 555 797 
 40 809 730 196 774 266 7 
 191 583 321 490 885 478 177 
 377 643 785 880 643 507 565 
 128 945 396 814 842 661 917 
 560 406 512 233 340 170 716 
 417 660 272 710 348 645 806 
 74 279 759 212 635 821 861 
 328 465 861 
 149 625 41 150 55 133 594 
 475 110 571 5 607 344 672 
 483 775 501 882 172 114 321 
 134 851 41 393 410 754 870 
 142 793 270 534 845 946 818 
 37 835 807 285 590 273 814 
 636 640 724 530 213 87 801 
 599 1000 432 706 120 302 578 
 667 8 390 301 28 266 875 
 868 460 177 327 106 665 71 
 462 349 490 879 187 796 376 
 977 819 226 904 400 987 456 
 426 132 634 660 175 488 150 
 532 373 524 592 800 338 113 
 798 915 441 150 348 199 735 
 676 251 747 117 331 12 190 
 227 124 501 848 721 787 320 
 414 277 962 219 721 723 590 
 228 395 967 175 40 697 52 
 587 432 950 58 520 371 909 
 681 627 466 108 257 547 557 
 946 589 252 96 559 475 477 
 429 542 308 809 624 539 836 
 725 509 195 72 710 698 232 
 114 656 972 906 566 983 187 
 165 554 846 588 132 184 16 
 962 641 43 945 259 105 586 
 844 116 481 807 291 77 131 
 999 864 394 271 95 734 54 
 106 419 71 839 903 982 132 
 602 464 345 582 645 98 859 
 751 71 267 396 71 303 597 
 514 32 191 664 784 944 263 
 953 266 570 800 85 577 812 
 191 995 478 918 22 740 904 
 470 674 963 341 678 566 325 
 571 723 282 87 732 580 483 
 234 603 631 314 455 729 915 
 276 930 830 677 203 169 816 
 883 921 737 613 521 305 92 
 745 143 403 621 397 47 413 
 743 469 664 699 952 552 692 
 818 82 126 385 888 403 196 
 690 99 817 846 875 483 207 
 912 359 57 238 629 497 812 
 404 84 76 88 717 878 483 
 461 212 648 840 312 728 472 
 301 460 542 841 428 670 387 
 719 143 4 878 930 159 483 
 207 931 29 906 434 527 393 
 890 57 109 102 42 845 666 
 178 596 418 551 151 465 829 
 159 715 133 918 891 103 195 
 222 18 345 95 936 817 890 
 749 215 846 599 740 331 228 
 288 57 426 765 755 662 1000 
 988 53 719 486 229 693 504 
 116 427 337 417 919 216 662 
 204 953 833 704 444 923 81 
 613 517 538 762 442 308 508 
 331 241 605 914 477 66 918 
 483 52 525 831 204 693 368 
 605 857 484 637 851 146 826 
 960 48 14 729 372 135 968 
 919 667 937 84 204 791 482 
 496 788 643 941 458 618 921 
 121 302 131 346 113 436 238 
 350 876 995 253 82 729 151 
 972 363 464 36 372 699 504 
 424 374 107 76 369 992 946 
 13 564 73 913 414 657 484 
 591 938 31 
 119 899 310 107 568 660 766 
 208 220 90 712 285 935 211 
 914 9 595 213 741 591 233 
 231 238 698 784 13 248 807 
 336 591 427 460 685 161 522 
 380 373 457 88 800 32 378 
 281 317 730 738 487 295 234 
 614 555 505 31 993 367 962 
 575 822 189 950 343 771 106 
 50 954 338 304 141 267 862 
 39 286 192 66 601 90 180 
 57 887 946 187 669 94 815 
 138 824 33 669 654 188 302 
 575 234 187 80 336 93 645 
 784 5 226 973 538 700 173 
 315 368 461 549 39 729 370 
 502 986 200 352 683 21 748 
 875 990 510 378 835 272 62 
 869 600 31 851 49 486 762 
 286 922 888 901 532 776 575 
 637 29 438 951 147 958 511 
 774 97 279 136 380 238 276 
 779 168 560 556 640 328 614 
 507 220 150 227 696 639 68 
 458 446 279 238 621 234 622 
 49 851 297 91 863 652 463 
 4 424 437 455 55 447 813 
 230 138 986 380 950 376 231 
 46 35 553 270 683 800 597 
 779 443 799 232 232 724 962 
 110 229 156 372 505 758 157 
 798 558 64 508 579 59 780 
 552 299 703 247 714 536 639 
 967 568 890 180 726 889 35 
 406 348 104 769 926 838 258 
 903 438 576 118 146 905 75 
 734 196 443 895 578 227 271 
 847 495 830 986 840 561 565 
 274 127 814 422 85 917 14 
 247 164 555 444 959 948 349 
 726 586 440 592 348 912 441 
 955 826 957 24 808 565 254 
 865 79 567 688 624 926 914 
 841 168 202 703 11 247 996 
 972 540 131 453 615 527 3 
 855 349 959 390 633 352 961 
 564 192 332 775 125 85 641 
 908 701 659 422 571 893 445 
 337 694 792 745 473 583 659 
 311 335 392 1 696 737 434 
 737 735 437 32 825 496 581 
 530 798 234 598 960 11 454 
 408 365 149 860 238 711 983 
 139 115 191 619 21 896 157 
 571 307 888 673 43 118 48 
 745 471 736 166 822 260 646 
 176 293 319 799 250 70 471 
 641 21 566 964 944 906 101 
 212 957 994 815 809 472 946 
 339 516 845 840 229 896 824 
 713 891 302 649 263 210 660 
 541 395 238 741 722 150 244 
 446 217 391 520 518 400 779 
 677 147 566 432 104 12 422 
 928 859 58 800 221 610 61 
 779 505 31 24 354 899 822 
 252 249 849 48 334 141 488 
 289 32 679 860 840 976 95 
 401 969 498 400 573 332 646 
 992 995 19 321 620 472 93 
 972 805 355 942 415 340 494 
 67 332 262 
 887 879 595 792 998 647 721 
 154 980 405 591 235 800 895 
 843 624 641 92 281 891 651 
 820 24 749 657 885 284 92 
 454 173 871 715 115 2 695 
 20 944 67 765 430 372 517 
 18 663 786 812 98 511 841 
 440 486 362 522 883 731 476 
 311 107 28 577 480 20 184 
 996 541 699 467 315 370 11 
 829 973 614 344 157 91 162 
 132 123 63 882 372 360 472 
 717 506 910 792 124 697 231 
 379 84 818 463 192 299 250 
 392 909 172 479 825 421 515 
 326 262 977 248 454 126 47 
 52 66 742 172 92 698 873 
 170 976 446 588 986 930 559 
 699 985 671 565 134 706 631 
 24 697 775 28 72 237 447 
 356 163 114 822 551 170 585 
 160 192 18 195 139 819 315 
 676 702 138 18 845 413 704 
 191 700 122 786 446 652 396 
 872 357 332 375 415 194 56 
 878 811 195 953 34 248 810 
 949 121 910 359 951 967 517 
 291 421 878 518 141 979 549 
 596 863 395 466 839 358 977 
 839 880 268 183 757 641 589 
 94 211 715 203 471 597 343 
 642 748 269 866 955 906 906 
 305 65 43 355 712 950 893 
 298 329 186 949 432 822 120 
 761 668 152 969 831 12 436 
 109 360 943 288 325 588 536 
 601 674 45 547 633 11 772 
 348 235 856 612 564 279 354 
 903 955 307 39 779 340 528 
 350 173 267 8 759 714 591 
 216 504 799 440 898 126 382 
 279 535 730 997 616 958 823 
 45 992 695 541 912 182 855 
 632 264 931 257 685 239 785 
 184 865 890 869 439 442 125 
 92 85 546 653 639 722 374 
 127 686 130 643 187 438 427 
 828 392 866 136 755 502 658 
 667 557 263 350 941 996 283 
 161 574 571 725 654 483 947 
 393 291 138 496 753 832 686 
 587 524 886 858 230 942 735 
 816 817 742 97 159 255 890 
 954 174 967 243 515 539 723 
 568 420 330 899 635 491 871 
 48 45 300 250 15 810 144 
 980 931 740 493 477 777 800 
 184 204 698 883 565 3 379 
 155 499 632 900 573 504 788 
 218 674 87 9 684 121 316 
 902 72 58 611 858 748 376 
 820 625 844 452 447 810 974 
 880 431 468 919 434 112 916 
 267 5 920 240 39 71 287 
 16 463 677 310 410 918 551 
 49 322 432 322 372 523 81 
 273 774 825 108 938 704 834 
 987 690 644 295 162 776 966 
 294 818 114 891 661 606 59 
 459 767 31 63 577 582 136 
 931 317 820 801 799 645 473 
 756 689 816 
 515 608 633 278 746 89 446 
 608 175 724 891 595 15 203 
 257 916 115 141 635 674 149 
 715 667 726 154 331 136 132 
 442 508 716 638 153 286 631 
 789 547 183 150 863 633 780 
 217 615 990 350 375 807 56 
 296 802 646 839 890 410 721 
 319 87 578 203 333 127 412 
 788 843 308 390 11 588 516 
 977 651 806 259 173 831 802 
 470 167 237 413 95 365 923 
 308 316 919 93 330 502 990 
 113 513 770 121 625 833 50 
 572 438 292 97 359 172 821 
 520 335 482 508 691 263 518 
 163 387 388 763 285 585 299 
 145 659 791 427 552 190 767 
 531 948 132 905 873 391 387 
 333 375 66 726 636 78 98 
 467 310 407 242 272 571 431 
 548 33 154 838 391 930 955 
 283 959 644 846 209 303 130 
 48 487 551 977 496 450 717 
 258 302 971 869 110 254 529 
 673 862 367 85 255 423 415 
 167 85 992 82 371 205 460 
 438 371 208 445 671 636 188 
 703 868 960 485 607 694 918 
 813 711 924 131 51 276 512 
 439 220 401 694 335 461 147 
 970 846 987 828 839 115 929 
 148 55 504 935 275 54 856 
 474 423 541 14 304 310 815 
 134 128 546 757 308 835 447 
 490 734 421 621 277 586 594 
 710 818 183 168 231 728 77 
 248 247 136 507 228 273 890 
 389 543 89 127 569 632 160 
 175 310 924 879 392 171 686 
 861 907 432 672 673 238 896 
 142 375 537 833 479 938 57 
 393 35 949 270 432 395 2 
 229 118 730 758 389 787 831 
 859 234 568 648 467 315 560 
 230 589 436 293 275 18 114 
 749 804 44 234 874 158 931 
 64 34 242 839 889 106 104 
 741 271 883 564 82 480 490 
 675 32 509 105 869 403 379 
 456 199 450 340 832 759 798 
 947 957 839 620 905 113 133 
 698 274 208 873 892 14 936 
 955 316 761 620 879 298 514 
 236 547 897 972 183 826 486 
 182 820 240 38 178 531 60 
 407 208 550 708 514 488 742 
 668 219 826 848 428 705 877 
 820 580 771 137 81 49 161 
 750 82 740 94 393 478 199 
 142 777 363 247 67 941 792 
 431 296 804 445 330 954 234 
 251 767 625 29 995 842 802 
 43 103 55 586 953 946 37 
 466 740 841 251 325 296 102 
 334 370 625 249 126 586 893 
 629 444 713 14 43 884 597 
 353 536 473 39 71 959 301 
 404 686 679 21 946 775 899 
 838 339 454 276 467 772 564 
 359 513 306 364 21 800 105 
 263 382 746 
 675 615 645 185 515 222 105 
 418 919 293 65 740 871 139 
 213 991 313 371 829 764 415 
 77 58 832 143 688 998 167 
 656 628 925 451 989 289 936 
 506 716 671 957 96 740 676 
 535 450 728 952 71 101 141 
 568 280 90 133 36 779 755 
 857 41 280 58 120 237 823 
 453 507 479 137 635 820 986 
 730 686 313 518 635 614 997 
 420 488 922 561 501 566 749 
 981 865 522 9 352 768 234 
 191 400 843 29 34 731 224 
 394 286 994 680 905 60 160 
 824 322 746 310 234 817 796 
 148 24 271 325 167 774 711 
 684 997 381 877 31 393 142 
 223 600 6 197 193 74 790 
 889 921 985 104 308 135 492 
 291 703 602 428 782 164 322 
 306 891 984 106 459 302 254 
 337 482 145 685 349 152 517 
 540 438 198 752 227 19 359 
 41 82 792 318 949 86 418 
 347 647 110 296 996 505 41 
 890 909 85 238 390 728 698 
 808 846 283 983 496 147 996 
 345 633 935 132 940 193 894 
 822 51 260 570 207 768 992 
 185 603 586 505 583 900 465 
 810 691 161 243 96 187 943 
 964 775 214 314 719 824 133 
 386 840 321 152 422 749 587 
 930 25 239 802 324 847 396 
 255 435 422 402 388 777 613 
 196 988 571 445 324 953 183 
 745 252 770 412 23 852 83 
 159 436 955 747 329 409 230 
 467 162 656 889 419 420 364 
 929 20 63 427 893 637 1000 
 925 536 311 248 89 471 63 
 997 844 930 494 155 697 965 
 667 633 559 444 851 99 701 
 472 446 83 135 844 689 846 
 693 894 282 664 647 70 528 
 175 355 664 238 144 706 793 
 507 260 245 300 899 431 267 
 961 451 111 864 242 567 159 
 805 861 315 70 170 680 180 
 91 235 312 684 917 61 272 
 455 908 823 306 473 705 401 
 702 172 350 685 630 466 589 
 768 749 30 953 271 923 915 
 791 897 954 674 771 137 645 
 796 537 168 653 355 538 308 
 563 913 675 619 301 605 508 
 861 137 961 38 244 467 637 
 497 789 350 513 712 356 340 
 820 454 161 525 280 748 148 
 929 129 850 561 806 978 625 
 404 448 798 58 131 780 935 
 73 638 859 505 319 207 766 
 459 418 769 150 763 388 706 
 785 718 374 681 371 290 619 
 878 810 60 501 467 719 905 
 880 959 854 325 263 964 773 
 4 978 501 868 812 373 570 
 920 430 623 70 23 865 655 
 423 707 829 654 147 423 112 
 53 498 843 627 885 168 31 
 466 752 519 
 49 53 531 471 655 793 688 
 469 107 302 165 836 681 638 
 406 773 121 363 27 80 333 
 94 449 392 771 686 714 176 
 287 558 564 40 215 357 529 
 509 734 796 820 83 157 106 
 823 483 270 360 628 573 950 
 451 305 285 533 596 275 557 
 374 353 806 221 903 810 906 
 5 720 939 326 902 484 77 
 641 540 136 891 364 853 606 
 516 433 942 289 509 554 961 
 318 845 153 73 982 685 563 
 977 998 525 795 871 3 72 
 232 764 654 131 902 944 867 
 720 357 72 345 764 580 904 
 618 202 635 598 591 766 195 
 67 147 58 415 866 996 944 
 199 70 888 579 359 798 765 
 318 236 144 863 745 866 934 
 216 696 942 530 177 282 607 
 883 562 457 555 341 803 326 
 58 978 161 474 197 242 191 
 837 13 67 946 167 155 426 
 786 367 683 821 249 999 271 
 102 590 748 92 559 743 878 
 103 437 648 435 454 991 61 
 156 214 539 648 237 832 997 
 628 373 50 590 62 2 167 
 710 550 601 502 570 705 384 
 211 428 716 692 520 645 296 
 345 289 178 104 733 858 553 
 220 491 185 370 315 569 194 
 878 498 920 639 401 294 63 
 612 703 59 294 44 488 443 
 499 669 691 517 567 284 403 
 235 118 616 388 786 328 167 
 28 351 18 507 273 894 876 
 450 591 266 344 65 406 411 
 368 6 492 115 764 759 48 
 606 629 886 426 5 86 553 
 588 682 27 907 473 848 920 
 21 503 202 939 914 566 480 
 109 364 397 905 507 938 857 
 299 118 414 164 244 148 112 
 295 270 117 453 440 932 653 
 565 498 63 876 183 504 366 
 735 677 439 866 885 966 301 
 445 169 15 589 406 666 138 
 1000 565 220 170 954 190 860 
 139 210 16 285 28 560 251 
 654 18 419 483 368 579 450 
 887 904 671 254 855 361 375 
 289 73 607 778 418 931 27 
 67 707 534 362 389 905 103 
 324 682 937 44 957 501 674 
 640 797 262 430 543 799 927 
 600 880 340 416 149 622 78 
 599 331 853 236 309 914 604 
 840 88 740 47 953 708 734 
 610 353 954 363 309 230 92 
 341 210 370 61 195 487 218 
 570 489 371 150 512 323 67 
 132 125 63 778 909 239 141 
 162 909 253 183 189 883 807 
 96 722 428 469 430 568 48 
 514 567 100 585 231 453 714 
 295 775 490 765 949 318 234 
 39 353 24 810 215 407 491 
 644 94 218 676 687 31 703 
 523 609 834 737 909 524 295 
 355 589 545 
 650 618 290 368 292 543 646 
 402 139 661 436 356 126 287 
 631 533 243 431 290 698 541 
 613 180 613 598 974 447 314 
 408 456 101 397 484 463 609 
 772 982 249 134 65 438 417 
 419 436 576 102 841 625 326 
 297 722 127 83 577 329 540 
 454 694 744 929 392 135 182 
 697 54 500 398 960 93 723 
 606 149 601 676 28 376 395 
 491 88 826 102 224 993 487 
 104 720 657 76 905 770 296 
 336 958 657 49 29 578 876 
 967 163 568 638 309 640 363 
 126 664 785 105 111 69 863 
 476 789 706 266 815 28 581 
 271 688 241 478 481 737 300 
 414 32 39 364 741 356 575 
 985 596 880 532 392 679 943 
 449 937 744 824 814 504 875 
 392 805 965 781 531 145 779 
 779 514 51 203 253 244 797 
 446 559 725 203 773 11 807 
 756 729 232 874 91 425 336 
 924 630 511 628 73 427 82 
 969 321 462 529 103 333 676 
 980 269 23 980 466 374 196 
 994 793 361 251 219 98 436 
 346 688 888 566 669 970 661 
 743 725 186 715 816 538 126 
 730 233 576 842 567 967 91 
 324 471 18 907 182 158 255 
 565 945 858 747 103 510 886 
 954 993 492 431 874 204 273 
 449 563 596 161 327 298 325 
 703 917 578 758 870 141 434 
 968 454 227 29 301 263 1 
 500 97 359 530 211 354 620 
 703 790 878 872 187 409 808 
 967 663 842 402 634 301 600 
 466 961 93 519 4 186 680 
 747 531 340 224 680 256 418 
 716 618 638 152 829 442 91 
 319 386 588 78 481 787 57 
 608 163 7 791 477 549 110 
 977 80 210 982 40 223 648 
 623 919 251 863 357 415 22 
 658 24 360 394 406 517 826 
 438 477 842 710 488 578 340 
 943 648 122 377 928 2 279 
 613 500 169 267 460 424 732 
 254 220 874 42 544 672 717 
 853 382 836 347 208 37 677 
 522 256 783 460 42 499 8 
 245 139 787 367 371 521 289 
 278 402 588 554 680 554 530 
 130 828 862 108 203 182 152 
 177 604 312 307 788 177 211 
 5 870 71 608 467 491 195 
 140 75 453 863 903 814 683 
 548 612 158 184 543 525 546 
 467 227 430 825 298 970 526 
 148 221 955 677 170 243 66 
 625 498 976 730 949 858 449 
 459 904 163 93 60 977 384 
 595 359 28 610 611 847 206 
 998 494 170 976 785 413 502 
 221 464 939 245 834 658 769 
 800 67 106 389 77 344 382 
 849 872 161 601 324 555 31 
 345 540 797 
 46 295 279 499 796 969 68 
 10 803 650 764 264 854 972 
 159 397 524 523 184 772 127 
 41 96 745 4 497 427 930 
 536 508 829 486 407 733 659 
 79 660 853 537 574 607 37 
 791 602 602 96 778 648 506 
 828 243 194 997 412 394 952 
 496 774 992 414 382 189 703 
 66 200 39 211 852 79 524 
 53 572 274 491 587 333 71 
 388 441 195 884 61 701 885 
 467 630 646 203 623 691 66 
 990 481 948 802 898 25 262 
 702 892 637 239 495 123 826 
 660 449 888 326 843 77 653 
 986 279 32 447 424 535 173 
 723 288 517 498 538 49 744 
 109 620 474 465 933 397 222 
 117 89 250 817 975 9 595 
 270 618 494 613 364 553 130 
 606 60 600 174 408 619 846 
 864 529 143 937 489 777 755 
 32 736 857 795 750 473 259 
 646 652 90 301 575 43 147 
 413 954 812 691 684 335 464 
 195 434 128 286 539 261 353 
 824 990 193 68 364 903 654 
 922 363 935 196 10 460 782 
 520 289 614 605 60 453 463 
 909 359 121 471 730 417 855 
 764 324 156 881 868 468 132 
 70 180 25 765 941 116 341 
 15 755 182 203 354 765 994 
 852 609 475 467 6 672 290 
 599 83 485 457 457 891 1000 
 998 398 962 138 336 681 191 
 758 27 567 505 714 883 691 
 969 733 889 247 447 789 558 
 335 167 951 555 221 744 974 
 348 91 568 167 744 213 160 
 659 666 922 984 330 965 679 
 52 735 153 338 961 711 927 
 606 904 73 462 363 143 724 
 699 651 543 428 330 949 18 
 859 304 513 560 190 244 440 
 486 999 537 345 789 492 245 
 795 555 169 910 470 308 675 
 633 400 647 807 346 600 497 
 902 730 860 97 402 628 899 
 376 901 783 858 343 646 905 
 863 405 146 527 519 391 884 
 478 176 398 20 208 541 655 
 376 656 485 965 894 725 139 
 463 485 742 371 401 703 609 
 817 627 743 763 465 700 601 
 823 518 372 454 343 155 324 
 740 548 971 942 967 630 585 
 956 410 249 719 266 388 509 
 400 75 251 580 508 748 658 
 649 782 889 665 414 815 899 
 72 754 80 583 747 932 121 
 478 708 570 117 822 668 928 
 250 923 215 865 554 485 643 
 167 371 304 46 939 614 766 
 194 731 986 636 58 798 22 
 551 625 328 744 29 855 390 
 464 635 858 305 700 578 734 
 819 106 832 253 66 935 463 
 693 775 394 72 252 965 392 
 510 788 635 149 19 702 160 
 375 859 488 
 537 643 738 150 916 588 942 
 1 913 727 195 131 965 743 
 355 510 143 25 130 111 463 
 944 947 302 265 406 892 818 
 309 567 265 278 531 141 964 
 686 913 218 920 200 301 258 
 304 835 937 892 370 464 633 
 276 906 787 254 338 632 696 
 456 528 954 485 573 191 503 
 795 732 310 952 356 976 143 
 215 875 438 474 533 134 509 
 493 701 421 375 618 785 503 
 595 287 752 425 585 28 868 
 958 746 367 629 661 37 207 
 760 486 938 538 29 162 852 
 15 603 540 665 747 499 67 
 800 388 495 997 663 55 521 
 307 98 513 715 7 3 72 
 194 630 949 752 322 685 86 
 524 56 557 143 994 881 773 
 845 565 949 684 949 393 411 
 212 857 225 652 517 517 760 
 919 839 744 993 247 44 276 
 799 454 233 396 308 256 379 
 983 387 384 530 177 715 731 
 678 164 74 22 531 497 629 
 120 54 897 248 551 869 594 
 675 100 841 898 911 86 922 
 532 419 623 846 117 336 240 
 249 709 214 789 51 863 37 
 1000 388 359 420 630 48 902 
 322 564 795 559 141 328 851 
 767 509 328 752 150 96 875 
 228 360 460 224 347 482 398 
 562 393 765 525 592 117 676 
 997 918 218 501 29 790 519 
 409 504 4 195 139 955 868 
 467 59 667 764 927 64 236 
 993 679 687 386 523 657 430 
 16 463 104 831 81 984 875 
 500 817 709 386 63 123 232 
 889 111 9 812 19 754 13 
 4 701 957 546 83 151 740 
 314 639 155 490 854 157 635 
 967 943 323 460 477 535 680 
 253 897 446 844 773 850 598 
 142 103 187 261 873 135 71 
 206 142 802 745 870 144 791 
 881 16 329 279 382 871 464 
 470 383 198 408 950 743 170 
 935 583 596 818 723 625 534 
 860 380 174 207 735 1 488 
 727 296 996 61 380 485 285 
 812 60 938 895 295 474 527 
 548 286 354 774 401 343 357 
 702 530 464 891 41 28 888 
 308 749 69 968 700 845 187 
 589 66 805 974 987 207 768 
 903 920 311 105 565 277 705 
 59 564 973 53 145 956 11 
 43 53 122 174 854 801 937 
 284 834 327 975 823 859 761 
 695 298 721 768 505 153 60 
 685 107 451 460 376 846 985 
 605 516 273 100 996 463 926 
 520 629 379 775 146 520 334 
 110 571 215 769 926 914 184 
 898 749 698 659 722 702 8 
 971 790 96 251 4 46 97 
 537 912 855 736 542 793 369 
 700 316 838 8 376 1 430 
 411 724 50 
 870 135 178 315 883 536 989 
 428 278 756 962 699 618 672 
 227 644 174 366 111 216 739 
 830 643 456 557 280 519 872 
 641 442 328 596 274 6 369 
 892 116 920 489 631 877 675 
 355 688 583 193 808 411 622 
 916 108 806 537 215 482 512 
 131 91 313 538 287 11 324 
 951 813 591 90 677 278 761 
 138 49 953 802 684 100 875 
 881 631 111 17 976 279 776 
 725 150 442 866 242 708 567 
 14 344 209 942 723 357 987 
 213 974 594 420 215 554 681 
 409 620 478 775 873 138 457 
 573 266 439 342 214 195 859 
 647 257 176 816 67 164 521 
 62 264 468 74 265 519 126 
 120 649 761 85 553 797 189 
 170 8 111 671 196 363 205 
 151 757 541 21 727 696 561 
 861 130 403 605 446 365 393 
 51 110 567 780 558 784 264 
 485 73 949 426 715 527 518 
 418 13 90 153 909 872 316 
 23 650 839 479 766 996 254 
 517 428 332 836 134 342 272 
 763 61 771 629 585 362 236 
 46 445 837 905 106 72 287 
 122 911 689 817 145 8 351 
 865 91 511 283 248 64 675 
 725 860 47 608 820 590 484 
 402 546 363 852 191 157 979 
 230 351 342 883 217 348 639 
 971 781 65 654 135 659 420 
 828 958 988 420 373 244 114 
 449 69 576 600 869 751 36 
 19 670 260 928 101 49 549 
 54 38 238 226 179 201 597 
 326 562 327 292 832 208 478 
 493 82 623 623 721 936 851 
 218 992 504 358 690 579 467 
 365 240 1000 575 63 752 955 
 26 168 326 820 630 129 910 
 53 543 189 926 871 846 420 
 453 482 379 112 80 777 29 
 161 80 679 561 64 477 515 
 219 654 184 468 687 674 187 
 694 54 677 26 224 282 334 
 678 739 576 4 517 610 968 
 62 43 905 310 524 670 784 
 398 276 61 420 809 660 262 
 338 930 298 465 922 7 293 
 17 453 440 170 116 719 176 
 365 687 882 343 966 842 568 
 716 311 204 303 906 343 119 
 442 289 160 105 251 778 40 
 488 418 119 386 259 212 712 
 929 577 716 935 978 98 130 
 446 559 863 166 605 171 922 
 307 317 849 892 588 828 323 
 867 488 94 835 160 69 712 
 611 626 101 404 476 740 306 
 899 401 919 314 526 514 599 
 75 491 71 559 158 472 11 
 268 844 49 796 962 689 817 
 555 104 738 257 480 484 543 
 356 379 702 345 502 674 814 
 987 440 598 197 647 109 996 
 652 111 746 444 15 864 263 
 83 302 550 
 952 937 985 35 986 218 233 
 324 478 837 903 897 935 694 
 710 58 579 51 679 978 651 
 249 696 246 587 932 548 354 
 472 169 832 199 276 420 651 
 6 284 136 3 819 291 450 
 431 466 6 836 32 34 943 
 514 718 604 230 846 988 234 
 283 428 628 688 364 357 224 
 284 478 845 597 980 757 331 
 720 300 84 291 21 836 820 
 565 700 546 68 26 330 341 
 644 196 784 645 194 588 430 
 755 617 736 414 349 245 219 
 664 726 935 914 41 94 984 
 63 290 230 559 360 433 514 
 331 28 946 445 919 419 908 
 870 217 163 11 652 529 410 
 833 529 337 950 340 218 33 
 550 885 659 727 102 966 618 
 705 717 912 522 411 431 647 
 147 766 954 375 124 87 841 
 307 449 923 569 482 90 890 
 383 760 713 259 454 669 505 
 50 450 424 711 889 453 385 
 745 827 12 321 657 586 25 
 2 520 379 783 366 963 7 
 655 785 583 41 261 405 907 
 973 626 73 809 831 80 689 
 892 663 935 524 185 406 714 
 576 926 697 641 101 763 208 
 708 883 218 981 660 501 223 
 300 729 939 240 760 315 577 
 804 952 298 361 827 571 780 
 568 201 41 650 363 881 180 
 129 15 915 291 345 203 214 
 429 127 815 52 485 403 601 
 592 354 392 84 848 668 415 
 991 386 846 155 22 48 701 
 635 514 659 500 297 49 329 
 885 285 550 695 464 848 15 
 700 715 225 817 123 485 442 
 835 894 771 608 244 651 870 
 317 117 504 963 581 975 141 
 344 42 307 557 87 56 260 
 381 812 472 44 697 183 381 
 120 433 800 601 29 486 893 
 220 128 212 21 465 351 7 
 634 873 640 413 88 44 621 
 672 296 819 548 199 195 359 
 951 89 919 919 929 97 171 
 91 900 296 738 532 834 102 
 594 424 482 590 434 526 214 
 540 565 230 86 640 752 438 
 278 287 20 955 976 125 260 
 822 538 205 623 618 942 52 
 315 455 899 865 877 33 766 
 877 851 957 816 867 525 384 
 831 22 767 175 964 828 152 
 263 391 574 383 242 124 284 
 402 438 611 146 935 838 275 
 253 775 148 725 85 213 53 
 216 640 714 771 479 737 421 
 697 460 909 837 760 731 98 
 999 500 279 605 678 894 933 
 258 54 696 26 226 182 410 
 909 788 153 567 524 852 259 
 742 151 763 707 833 807 132 
 853 784 261 954 428 548 938 
 650 378 810 890 964 360 677 
 95 256 452 314 598 691 909 
 418 268 775 
 280 362 463 971 848 122 620 
 71 127 151 276 758 295 272 
 918 409 278 563 266 664 149 
 134 75 791 624 301 338 554 
 723 462 858 585 817 86 831 
 593 444 193 933 280 43 764 
 106 950 526 498 218 316 683 
 848 343 653 326 818 437 951 
 658 434 935 265 978 956 811 
 737 366 82 398 685 399 384 
 656 749 673 543 268 98 891 
 914 416 777 47 610 359 749 
 794 882 766 672 738 258 694 
 304 595 323 298 361 648 607 
 573 662 921 199 581 751 777 
 425 621 593 997 679 734 481 
 52 112 891 199 65 413 62 
 258 969 404 182 510 564 156 
 598 632 998 397 259 534 827 
 540 381 767 572 201 211 493 
 452 50 812 20 529 867 706 
 74 723 900 437 596 678 984 
 232 85 951 446 174 398 280 
 274 394 435 699 482 376 251 
 729 376 119 605 776 522 868 
 267 302 10 373 40 656 230 
 882 248 113 431 940 52 891 
 354 298 250 278 849 640 327 
 499 31 230 100 608 541 689 
 937 490 455 300 300 115 854 
 188 119 361 995 38 981 978 
 496 898 794 592 975 964 526 
 928 743 461 528 722 59 790 
 258 489 305 528 784 720 610 
 621 408 401 333 479 928 100 
 420 657 74 433 180 193 825 
 566 38 202 232 927 903 51 
 487 169 142 249 341 644 827 
 973 572 900 218 222 391 814 
 402 69 444 747 897 906 17 
 326 34 178 247 165 206 765 
 658 890 286 96 940 782 257 
 447 709 266 819 392 315 765 
 144 376 256 932 27 47 233 
 477 984 530 808 426 627 236 
 222 814 543 980 298 353 406 
 317 288 739 316 103 697 466 
 242 417 391 427 883 3 221 
 786 496 996 992 770 180 225 
 120 492 614 248 804 240 282 
 824 393 76 791 697 521 591 
 862 587 851 348 375 175 534 
 999 403 135 13 97 114 766 
 241 483 610 31 369 436 900 
 590 179 11 358 153 624 275 
 288 181 688 426 607 376 994 
 704 283 291 537 967 73 451 
 336 807 504 235 628 238 572 
 867 252 394 708 134 49 999 
 36 703 413 319 761 49 501 
 940 432 65 854 710 581 420 
 856 125 125 512 333 14 538 
 475 857 501 530 302 599 191 
 510 551 783 380 819 625 929 
 798 627 773 728 365 920 196 
 206 839 134 715 4 800 30 
 525 894 268 409 896 528 39 
 883 15 291 337 99 242 109 
 707 844 416 316 762 853 88 
 264 542 520 890 500 409 893 
 824 851 464 356 43 649 115 
 325 864 833 
 228 663 103 648 802 50 103 
 43 299 414 451 390 946 888 
 531 831 78 847 146 926 270 
 58 659 166 821 144 34 440 
 714 45 11 555 213 839 6 
 734 473 492 830 265 315 1 
 524 15 7 803 597 276 189 
 686 150 422 653 150 163 237 
 720 297 578 849 986 649 3 
 72 744 778 580 589 462 800 
 78 279 222 478 769 495 55 
 150 583 271 395 524 659 362 
 14 473 777 15 776 424 402 
 902 769 930 230 887 647 17 
 792 460 337 671 71 949 857 
 420 506 877 196 266 513 151 
 824 713 84 635 730 577 668 
 278 980 532 883 133 361 303 
 349 327 49 27 259 341 51 
 352 459 731 293 268 401 883 
 148 343 675 774 605 774 15 
 105 935 641 38 697 327 261 
 741 287 977 896 279 850 150 
 145 476 199 83 107 224 440 
 747 397 228 48 393 515 852 
 122 8 931 85 77 383 782 
 117 464 182 956 343 620 57 
 694 973 502 223 410 53 978 
 64 753 79 718 970 352 715 
 579 563 545 629 845 75 38 
 646 365 49 211 329 202 218 
 896 707 60 729 697 575 925 
 610 30 244 829 781 354 463 
 868 554 76 168 894 280 438 
 550 341 453 122 625 994 901 
 453 436 593 180 690 958 279 
 42 152 565 117 497 846 953 
 418 311 828 386 481 627 218 
 769 687 322 988 958 907 559 
 604 599 732 756 750 156 908 
 115 954 875 229 34 163 382 
 671 835 634 430 847 583 578 
 813 47 694 521 887 96 919 
 539 158 735 183 614 792 555 
 724 430 705 82 911 166 112 
 998 899 83 731 307 184 337 
 105 965 286 89 979 876 257 
 201 233 231 529 218 486 306 
 655 912 307 414 303 371 869 
 340 760 208 438 954 52 815 
 811 801 944 67 755 365 27 
 99 914 874 198 875 400 717 
 991 706 310 458 910 657 129 
 775 444 472 854 267 694 432 
 36 209 598 280 624 593 283 
 800 803 309 102 664 843 839 
 700 558 860 619 674 697 725 
 160 652 481 586 773 323 643 
 205 341 50 285 203 314 327 
 717 896 411 746 754 786 878 
 263 623 790 396 251 435 269 
 975 560 442 92 972 193 881 
 190 56 500 116 193 99 3 
 687 883 799 721 151 619 111 
 876 6 656 520 718 64 42 
 993 947 857 858 570 859 739 
 266 814 149 288 332 479 64 
 443 587 437 265 191 132 935 
 482 389 283 677 129 574 244 
 499 364 932 616 742 421 345 
 740 932 770 172 136 661 977 
 535 517 412 
 718 121 651 379 156 517 421 
 969 468 255 638 149 193 106 
 728 519 16 650 560 811 608 
 586 211 261 109 573 86 155 
 668 853 128 661 157 806 449 
 5 532 551 31 127 295 662 
 700 463 132 184 697 492 714 
 963 417 728 588 668 910 37 
 452 631 764 759 54 947 198 
 780 535 329 540 291 858 351 
 730 607 193 769 751 843 315 
 331 626 842 186 166 228 381 
 441 848 358 180 528 514 313 
 761 807 616 871 759 388 378 
 213 37 132 373 93 818 923 
 289 565 944 181 464 865 969 
 848 804 65 250 319 549 490 
 354 287 709 374 112 135 132 
 707 639 10 426 788 403 196 
 8 113 913 862 485 415 712 
 474 138 647 713 341 740 264 
 407 519 364 588 198 371 256 
 387 286 87 632 377 132 619 
 960 848 909 193 49 894 786 
 377 870 372 217 778 838 84 
 657 223 622 888 588 799 284 
 346 330 339 444 519 953 781 
 955 434 927 118 21 706 667 
 108 455 187 6 292 811 469 
 125 749 990 167 899 976 883 
 498 280 833 238 805 109 975 
 880 203 307 875 574 78 222 
 867 200 474 380 227 586 857 
 189 815 388 2 226 347 418 
 305 206 839 739 989 637 60 
 785 188 566 752 957 135 666 
 400 896 620 658 914 338 991 
 882 680 971 184 623 683 538 
 835 369 373 345 482 857 437 
 188 914 170 760 190 296 15 
 596 82 738 711 925 498 253 
 387 763 362 362 827 897 841 
 559 340 783 445 255 67 162 
 395 97 341 616 321 161 214 
 286 348 113 742 125 752 469 
 482 88 587 353 232 839 216 
 187 233 616 293 256 348 154 
 611 351 350 426 665 199 891 
 682 935 346 466 292 323 966 
 708 874 710 816 76 371 75 
 103 67 556 629 865 242 181 
 590 192 631 134 791 474 683 
 645 114 180 177 858 688 580 
 215 508 116 601 154 603 484 
 226 251 21 507 640 435 716 
 880 989 824 6 700 402 916 
 907 54 474 818 140 639 615 
 920 824 484 8 107 501 126 
 103 294 760 691 948 56 198 
 363 676 856 878 266 719 537 
 509 224 564 373 415 258 461 
 403 301 535 658 977 716 778 
 502 151 911 386 747 553 250 
 427 958 203 526 522 339 897 
 755 402 943 302 16 162 7 
 681 524 43 275 678 594 34 
 106 18 590 578 733 948 915 
 167 379 563 664 106 728 228 
 773 32 636 496 513 921 580 
 167 393 217 635 727 784 600 
 326 707 554 233 946 852 495 
 909 334 456 
 295 70 32 468 513 699 297 
 491 12 878 688 404 10 6 
 743 4 271 493 303 377 973 
 137 212 682 789 468 968 103 
 94 115 737 228 373 934 314 
 620 304 419 898 479 386 675 
 30 44 325 626 647 45 195 
 495 212 237 19 415 333 386 
 444 938 149 299 346 18 101 
 176 308 463 784 115 690 572 
 562 810 575 439 311 353 690 
 532 701 114 707 126 441 357 
 72 746 587 733 37 243 576 
 480 62 300 619 36 100 298 
 579 489 552 942 50 387 867 
 659 59 476 561 28 345 395 
 961 763 488 63 741 456 364 
 690 858 456 987 429 807 657 
 211 671 285 478 483 558 459 
 936 154 777 622 455 682 531 
 850 971 747 200 644 645 423 
 356 787 659 857 352 570 744 
 460 604 70 800 596 75 472 
 212 695 809 898 138 930 374 
 505 578 3 615 390 696 874 
 129 52 948 270 748 729 787 
 449 409 605 747 259 740 796 
 762 456 527 107 875 760 12 
 117 293 393 160 482 20 191 
 568 700 628 423 677 785 481 
 631 960 239 55 861 675 467 
 506 762 12 616 589 500 203 
 712 780 334 838 980 88 128 
 481 131 102 294 439 524 742 
 890 470 516 523 520 454 910 
 696 237 24 805 925 455 110 
 618 884 707 870 110 102 792 
 774 343 300 679 39 99 383 
 543 18 62 494 194 651 987 
 219 66 903 92 725 521 222 
 730 147 242 392 810 797 547 
 890 198 490 783 214 751 488 
 389 131 803 288 979 538 898 
 197 360 795 480 649 276 491 
 291 246 456 94 265 180 141 
 268 657 496 757 749 942 687 
 443 60 203 461 564 646 265 
 176 362 510 609 411 604 304 
 418 523 343 305 698 844 443 
 128 437 969 814 48 846 933 
 569 993 152 909 716 194 618 
 650 305 366 351 807 259 888 
 226 247 173 632 457 795 267 
 251 497 190 754 101 875 857 
 37 94 984 614 14 60 170 
 773 193 702 375 431 447 132 
 692 878 887 831 933 601 581 
 668 166 745 232 136 792 205 
 316 683 284 357 236 436 369 
 592 317 215 182 294 883 417 
 303 37 852 376 528 717 646 
 547 906 154 833 589 343 124 
 533 48 607 128 394 371 441 
 148 713 83 753 941 501 83 
 444 425 137 379 923 948 649 
 194 171 586 744 379 473 137 
 436 465 934 316 347 746 423 
 215 211 21 657 79 653 323 
 574 52 88 414 282 749 724 
 372 444 730 925 970 237 688 
 340 489 955 567 692 425 418 
 642 265 272 
 711 43 25 80 852 397 119 
 348 730 566 860 249 329 787 
 756 156 761 433 801 216 415 
 316 170 940 54 11 866 493 
 811 54 224 872 327 204 586 
 894 482 286 824 166 571 675 
 865 60 290 226 761 467 994 
 425 197 803 464 777 388 307 
 236 285 253 517 42 206 40 
 236 119 305 143 94 379 563 
 360 153 371 121 649 839 476 
 154 378 17 951 857 993 429 
 216 932 24 143 884 526 415 
 705 501 388 713 98 87 810 
 743 208 144 747 431 501 89 
 203 250 242 967 828 664 958 
 361 202 332 917 575 655 223 
 209 534 190 406 625 494 592 
 50 868 224 896 395 355 216 
 991 620 842 678 462 741 749 
 452 439 251 490 174 411 623 
 682 517 682 777 775 251 443 
 778 669 324 673 580 928 672 
 826 907 249 338 614 696 783 
 240 532 689 200 921 44 954 
 485 264 756 770 502 91 147 
 125 554 481 312 117 356 671 
 424 871 175 801 416 46 192 
 97 873 771 678 337 525 927 
 258 440 170 702 558 726 62 
 476 743 647 893 820 234 130 
 834 268 800 751 572 442 945 
 898 964 149 618 914 655 300 
 318 984 872 783 253 376 978 
 303 303 576 168 638 599 611 
 158 294 15 557 67 42 472 
 84 709 926 86 476 83 976 
 317 982 552 460 774 885 325 
 617 800 705 27 212 286 55 
 235 720 692 14 350 626 305 
 810 155 46 435 567 900 67 
 654 733 711 391 370 334 21 
 3 792 432 885 748 642 939 
 582 998 285 553 902 913 399 
 657 509 777 720 162 257 383 
 347 631 840 793 913 559 31 
 217 290 609 989 328 626 242 
 103 65 117 430 538 877 354 
 688 666 906 529 946 380 819 
 388 35 781 189 758 780 626 
 839 639 529 548 7 643 447 
 249 948 742 313 548 183 455 
 603 959 945 455 299 270 187 
 176 595 875 239 109 311 992 
 562 510 822 57 662 48 675 
 245 113 590 400 761 791 346 
 175 875 448 409 185 846 177 
 594 842 10 203 869 387 769 
 638 499 325 402 628 569 173 
 565 757 636 485 963 150 187 
 485 187 664 855 971 756 770 
 164 976 598 430 452 302 967 
 203 888 178 542 728 542 869 
 73 780 800 554 751 341 802 
 599 557 463 546 628 593 952 
 429 605 112 789 190 616 784 
 207 221 45 540 163 177 896 
 843 172 37 655 856 673 588 
 988 151 438 228 418 668 427 
 907 527 907 527 437 902 719 
 875 624 281 603 125 534 433 
 842 323 40 
 127891 118734 124601 128486 123904 126842 125898 
 128040 131180 126323 120527 127857 123675 122999 
 122926 121391 127285 119456 127125 118496 120886 
 129250 126253 117104 125847 122226 121334 121748 
 118244 125248