 500 30 0 
 666 904 572 681 549 711 1013 
 605 482 839 784 658 994 699 
 712 500 923 571 489 871 739 
 921 914 691 747 641 797 519 
 772 657 909 610 937 535 892 
 964 899 907 839 652 839 823 
 707 878 809 665 556 815 579 
 708 618 485 788 769 849 979 
 711 591 710 1082 714 726 666 
 748 593 708 708 626 970 797 
 853 990 522 726 937 725 476 
 669 860 663 849 1029 541 680 
 536 657 681 748 621 928 629 
 585 746 535 625 707 572 853 
 982 618 717 1022 662 951 884 
 912 633 817 813 640 875 829 
 468 692 607 644 763 1017 731 
 639 855 523 849 626 623 891 
 747 554 668 644 885 576 890 
 906 942 982 624 818 877 612 
 1032 598 944 963 614 688 793 
 808 820 703 734 683 946 747 
 700 582 610 948 955 604 1022 
 753 647 625 796 727 1054 850 
 849 720 516 744 831 635 935 
 740 782 513 959 461 795 733 
 976 622 605 784 987 551 838 
 617 771 761 654 909 653 883 
 964 548 676 941 1064 811 806 
 612 810 863 820 733 988 512 
 657 914 846 914 724 870 947 
 697 604 781 981 1001 461 779 
 863 492 609 488 749 773 913 
 465 937 679 981 565 578 915 
 850 775 648 882 779 809 654 
 815 831 915 668 1050 818 1027 
 675 920 623 925 731 841 565 
 655 934 963 791 940 817 884 
 826 489 943 914 806 974 1002 
 615 692 607 791 791 568 554 
 729 628 602 1008 643 919 993 
 814 697 793 661 810 673 887 
 598 723 805 843 1055 780 542 
 543 919 884 777 543 785 779 
 397 521 751 666 904 770 957 
 665 822 937 945 426 1006 717 
 879 825 883 473 927 494 624 
 631 906 850 697 639 839 790 
 900 701 576 461 505 824 737 
 833 791 533 735 1061 705 991 
 486 518 801 702 514 689 574 
 596 709 767 652 804 811 580 
 845 757 547 931 760 861 816 
 558 1019 749 653 505 799 612 
 565 818 495 638 851 970 693 
 987 852 916 502 653 1025 880 
 669 704 570 715 719 980 606 
 806 679 685 577 570 907 502 
 833 699 720 711 721 775 790 
 903 786 895 969 767 472 874 
 674 656 816 764 605 603 937 
 915 855 740 490 558 452 810 
 765 887 797 751 568 975 628 
 707 845 866 697 888 769 973 
 862 710 783 1020 929 779 526 
 843 666 565 877 774 934 875 
 629 643 670 736 483 556 980 
 827 868 761 882 731 927 637 
 552 650 557 883 744 488 946 
 736 858 574 579 919 1024 707 
 854 826 523 565 835 521 608 
 691 701 929 
 593 467 623 447 235 153 387 
 433 76 356 45 779 662 713 
 211 262 204 586 220 23 605 
 644 374 481 618 539 179 533 
 894 497 59 857 2 592 264 
 74 710 941 956 665 846 768 
 322 69 490 125 302 198 885 
 500 894 221 744 105 589 725 
 590 91 684 723 230 469 872 
 500 263 982 929 450 416 256 
 439 366 107 395 604 988 700 
 943 546 41 45 803 67 166 
 303 545 819 530 680 150 606 
 120 279 642 97 445 921 964 
 961 408 73 755 949 1000 209 
 12 148 342 571 14 950 439 
 190 831 949 216 537 740 79 
 535 352 187 914 446 242 529 
 102 366 975 347 665 68 937 
 565 942 311 729 179 402 997 
 991 51 940 16 47 166 242 
 788 238 403 803 589 527 619 
 608 243 925 578 65 373 577 
 26 145 447 105 446 753 786 
 164 241 382 479 920 237 281 
 908 496 715 914 730 270 109 
 996 517 44 485 183 720 906 
 635 880 555 639 681 1000 151 
 976 95 599 355 1 397 599 
 606 623 388 160 923 409 931 
 198 178 337 371 85 349 967 
 305 400 606 904 23 252 281 
 457 9 327 381 558 840 880 
 153 648 24 294 856 202 953 
 103 380 810 288 822 628 216 
 404 140 398 816 920 515 827 
 407 619 68 53 319 257 718 
 697 859 943 803 595 666 889 
 506 766 67 852 823 577 716 
 810 10 704 986 753 578 880 
 264 722 815 64 976 314 562 
 424 666 458 333 251 32 839 
 762 539 373 241 4 232 697 
 404 376 785 294 536 785 854 
 31 201 998 291 205 582 317 
 429 777 625 380 386 697 963 
 755 554 763 125 26 584 11 
 647 588 510 876 561 697 251 
 704 58 900 654 111 164 809 
 103 993 460 69 90 748 706 
 282 443 228 605 905 480 814 
 35 982 305 739 691 18 216 
 764 212 139 433 490 289 835 
 736 754 227 371 460 899 869 
 614 575 200 181 910 539 67 
 303 894 492 16 737 892 487 
 477 510 853 558 522 412 397 
 529 188 621 406 395 97 141 
 156 322 651 800 761 4 213 
 537 317 594 711 761 404 878 
 505 566 669 891 529 256 686 
 336 684 154 585 716 255 532 
 620 985 43 59 515 17 665 
 101 814 393 475 966 906 807 
 110 932 305 821 25 27 873 
 787 655 168 532 710 92 525 
 693 146 369 289 749 217 872 
 68 913 457 582 101 108 814 
 211 525 955 284 906 624 37 
 99 625 254 175 656 840 734 
 745 200 121 85 57 180 900 
 401 867 930 
 168 657 462 225 193 216 940 
 467 251 509 930 640 658 124 
 538 78 888 858 360 418 987 
 994 171 918 756 795 199 688 
 367 470 4 22 819 481 689 
 347 745 877 174 607 733 543 
 868 234 150 272 702 720 773 
 540 627 42 688 774 850 335 
 51 782 981 751 51 112 225 
 515 554 364 699 661 481 300 
 402 156 864 954 228 636 855 
 229 993 343 779 711 58 398 
 527 679 928 749 368 575 916 
 425 382 726 857 794 635 531 
 780 913 22 486 711 89 389 
 774 344 621 699 170 837 628 
 471 944 611 407 472 639 739 
 582 138 869 163 974 250 264 
 726 836 704 373 563 357 985 
 986 222 509 194 132 665 476 
 532 55 224 615 490 217 359 
 892 484 598 651 620 633 529 
 995 406 230 231 918 207 168 
 219 561 691 139 673 782 113 
 937 92 518 930 425 629 338 
 401 317 674 789 191 210 515 
 762 469 893 354 564 241 122 
 610 249 836 44 28 470 657 
 475 898 41 190 576 420 416 
 224 370 956 397 744 503 858 
 734 383 449 438 734 866 102 
 9 670 902 646 10 336 11 
 650 465 329 136 673 565 373 
 154 449 983 215 804 816 115 
 647 461 600 17 210 756 996 
 664 192 372 213 861 992 863 
 978 750 291 612 612 289 59 
 824 101 667 418 478 660 114 
 883 95 897 970 65 728 840 
 264 808 573 328 808 23 673 
 17 678 91 499 215 238 722 
 111 160 269 460 554 351 676 
 314 298 687 784 803 497 975 
 938 658 849 687 414 305 308 
 614 734 380 282 610 397 638 
 1 676 667 500 108 296 500 
 748 972 936 383 227 39 11 
 894 240 154 561 218 395 183 
 446 916 821 944 711 164 447 
 607 928 121 490 699 137 477 
 762 27 164 782 482 631 55 
 364 821 19 489 214 337 650 
 159 563 812 988 796 153 124 
 440 930 527 600 344 211 123 
 79 199 758 195 140 651 906 
 852 639 595 132 980 258 151 
 280 520 120 81 425 972 173 
 343 417 910 629 429 39 345 
 782 85 307 538 253 319 995 
 133 530 894 507 541 538 903 
 743 142 728 939 616 147 491 
 519 239 301 237 688 829 674 
 865 592 726 921 434 782 65 
 743 739 617 385 620 91 723 
 560 922 684 805 456 778 152 
 478 33 671 234 244 402 887 
 565 54 160 29 472 47 904 
 344 492 211 708 745 146 862 
 758 767 479 233 424 930 389 
 60 528 369 249 994 908 533 
 783 743 937 618 677 603 539 
 264 41 891 
 635 717 155 508 532 185 962 
 798 564 239 616 114 67 206 
 453 868 365 179 468 302 920 
 876 680 786 556 701 124 317 
 237 602 973 196 977 233 888 
 400 369 174 786 682 10 19 
 684 180 762 485 947 404 369 
 791 985 42 356 477 117 580 
 659 592 723 310 293 132 83 
 10 137 563 883 745 892 688 
 404 672 457 571 364 305 83 
 743 664 126 859 269 312 517 
 275 47 168 76 334 68 18 
 516 358 877 605 893 83 236 
 899 990 844 640 941 745 719 
 216 599 255 216 589 972 392 
 380 534 152 321 570 466 551 
 668 358 920 352 464 845 798 
 577 77 400 491 121 638 272 
 877 408 781 70 985 831 623 
 880 31 654 844 626 985 10 
 172 978 247 331 26 498 492 
 30 578 315 486 991 538 662 
 424 69 627 834 112 227 403 
 469 999 298 593 635 11 607 
 560 287 111 349 152 540 838 
 219 263 674 681 924 875 329 
 470 417 764 903 148 222 947 
 722 760 167 517 564 929 432 
 13 113 644 375 133 202 647 
 666 931 599 853 112 236 30 
 631 97 425 54 909 605 683 
 306 558 93 415 198 637 643 
 162 459 696 466 252 250 671 
 382 596 435 882 257 774 107 
 79 946 7 94 805 415 965 
 962 435 420 199 47 567 690 
 280 600 728 720 426 714 539 
 896 572 823 775 163 491 738 
 655 610 306 552 929 609 153 
 691 219 235 519 133 9 837 
 191 454 942 285 540 102 417 
 342 604 42 715 946 829 911 
 569 438 803 551 590 244 277 
 30 526 100 154 491 906 184 
 7 415 366 249 53 80 164 
 645 628 186 23 797 202 914 
 31 871 241 666 535 737 28 
 539 864 712 728 406 619 68 
 74 928 681 380 708 497 35 
 160 615 163 800 571 800 635 
 34 556 466 186 79 424 615 
 312 856 770 870 749 132 526 
 131 150 666 737 345 353 913 
 976 728 906 319 722 455 633 
 203 590 904 610 803 436 622 
 938 4 621 351 913 349 898 
 9 757 675 998 478 808 987 
 50 215 807 753 83 762 706 
 851 198 355 641 740 263 148 
 269 153 669 100 706 733 742 
 745 70 302 825 101 755 484 
 935 425 227 837 528 836 784 
 905 383 634 569 966 501 845 
 492 331 646 100 150 541 598 
 78 947 979 794 380 990 329 
 134 546 695 408 641 452 560 
 408 570 640 238 90 746 759 
 703 936 190 427 712 217 291 
 152 324 358 448 474 571 469 
 817 738 649 57 826 183 914 
 542 686 631 
 333 525 994 267 807 580 380 
 915 157 898 403 582 751 117 
 549 823 935 396 91 649 948 
 788 885 889 399 435 12 366 
 506 766 900 929 612 947 958 
 564 53 197 919 700 282 923 
 226 230 47 72 733 227 735 
 848 510 707 366 463 260 499 
 896 889 686 422 953 281 612 
 372 996 67 39 893 760 784 
 329 612 37 252 91 339 194 
 673 419 835 13 841 338 728 
 335 646 543 590 333 243 486 
 118 726 534 181 343 461 748 
 692 52 166 730 538 969 921 
 524 312 549 240 528 750 710 
 359 672 855 768 56 506 758 
 779 508 720 164 736 985 830 
 697 585 287 718 718 587 665 
 446 972 916 731 84 615 244 
 455 798 527 278 975 36 452 
 859 650 459 264 43 295 712 
 890 762 43 184 509 204 826 
 874 101 784 871 425 853 262 
 876 139 304 784 496 427 654 
 553 132 798 635 777 228 240 
 382 484 869 780 942 430 203 
 933 772 894 967 48 168 141 
 858 413 901 869 837 833 405 
 505 780 142 226 145 638 989 
 321 970 54 905 463 495 710 
 419 944 946 224 732 60 944 
 973 470 665 360 617 938 334 
 962 397 247 212 719 106 991 
 141 788 142 42 81 934 848 
 758 589 364 907 758 242 959 
 252 486 286 3 876 775 445 
 658 597 614 862 125 876 325 
 510 946 802 503 20 811 594 
 324 57 604 786 889 869 739 
 850 92 986 397 191 650 90 
 309 84 64 15 459 700 540 
 230 302 738 946 890 217 45 
 293 522 367 324 835 578 126 
 733 703 682 324 237 653 977 
 628 95 464 607 999 773 540 
 221 163 752 130 445 261 983 
 694 361 542 537 762 29 270 
 659 280 84 155 8 858 898 
 487 371 306 198 997 246 489 
 6 497 960 336 328 914 800 
 352 477 898 380 250 811 599 
 368 325 958 625 767 762 894 
 322 619 866 887 652 92 851 
 443 358 74 764 951 123 500 
 526 248 296 812 422 627 700 
 376 765 8 118 849 950 988 
 664 424 18 209 933 262 949 
 46 834 313 255 917 239 773 
 418 833 21 785 582 468 405 
 212 646 394 749 883 23 599 
 497 516 158 529 979 943 487 
 876 106 321 190 274 947 784 
 654 247 450 918 362 381 463 
 47 607 197 313 649 573 536 
 484 189 977 881 650 289 485 
 787 754 707 778 393 866 173 
 378 961 726 563 49 631 238 
 78 525 747 313 590 177 683 
 532 385 77 846 936 654 747 
 493 927 312 17 162 996 404 
 362 830 982 
 577 932 532 266 545 679 918 
 595 739 386 883 491 22 501 
 357 86 982 277 380 267 943 
 620 261 961 954 397 391 379 
 98 184 675 964 516 513 906 
 257 930 648 372 489 847 977 
 236 117 792 954 532 974 383 
 382 921 459 790 284 119 56 
 966 510 170 630 621 819 834 
 533 433 803 732 745 991 461 
 368 863 265 347 287 62 651 
 313 400 406 220 848 286 626 
 237 364 115 28 860 334 459 
 837 645 11 785 153 453 570 
 994 604 302 862 395 871 81 
 327 475 864 191 57 264 565 
 118 217 787 702 699 883 947 
 669 532 93 249 447 915 673 
 425 264 393 597 100 368 49 
 154 357 407 839 838 809 881 
 308 762 845 378 83 515 231 
 984 361 34 957 443 638 562 
 726 734 246 116 761 746 758 
 684 257 630 719 649 269 113 
 236 47 257 603 739 245 975 
 982 885 86 691 129 477 408 
 601 630 219 837 175 864 758 
 357 218 991 275 952 938 574 
 104 524 28 67 422 907 51 
 804 986 954 365 26 443 825 
 39 383 145 533 217 414 306 
 263 311 63 643 43 564 135 
 824 304 342 281 836 890 178 
 94 311 921 454 462 931 735 
 377 828 133 644 106 587 532 
 106 555 491 850 736 644 449 
 933 222 215 985 277 429 703 
 117 619 724 142 995 662 378 
 227 303 525 607 249 221 787 
 8 990 477 110 687 712 533 
 494 702 951 967 733 879 234 
 863 427 566 979 115 694 241 
 993 544 227 885 858 488 488 
 519 333 782 158 397 48 845 
 191 74 199 651 99 628 735 
 921 682 934 798 832 520 972 
 698 131 908 522 379 262 983 
 298 402 233 917 826 630 757 
 221 609 907 611 391 166 873 
 239 218 527 533 439 28 170 
 730 627 726 686 350 612 181 
 814 132 109 56 258 876 347 
 442 277 788 907 639 231 685 
 751 631 560 238 895 556 969 
 377 314 323 307 735 498 668 
 836 917 368 969 301 963 557 
 32 492 328 532 769 330 567 
 736 766 860 535 672 206 26 
 981 661 344 538 795 624 191 
 770 629 667 962 31 415 334 
 336 568 697 518 182 977 533 
 317 441 305 374 188 642 650 
 336 304 948 196 832 855 662 
 369 346 578 329 310 644 104 
 608 966 894 270 883 598 573 
 416 2 240 68 821 74 225 
 730 182 529 73 466 470 225 
 173 469 239 886 382 855 511 
 967 688 123 447 63 586 360 
 759 817 312 409 651 909 594 
 237 294 820 746 803 152 845 
 312 635 585 
 781 461 916 315 241 282 873 
 49 483 759 523 617 6 154 
 854 51 114 797 203 294 773 
 902 607 575 440 229 640 969 
 997 943 211 427 665 197 382 
 796 477 324 218 711 20 315 
 252 742 805 951 679 216 894 
 542 835 235 156 44 244 96 
 228 665 402 17 545 487 132 
 362 227 221 651 674 732 549 
 736 377 27 85 525 159 980 
 808 868 152 277 202 762 497 
 305 221 9 881 90 215 201 
 887 41 551 828 352 661 3 
 923 77 133 780 3 750 326 
 660 975 714 811 109 485 881 
 759 833 160 151 692 417 497 
 849 465 206 420 613 421 296 
 763 483 230 954 741 949 960 
 394 629 664 279 105 882 696 
 730 487 858 557 837 428 781 
 943 941 94 26 210 401 366 
 700 273 150 361 595 900 967 
 647 602 906 718 550 716 5 
 316 347 870 905 394 661 578 
 618 150 378 24 127 437 111 
 717 602 715 896 953 389 539 
 243 546 180 814 292 578 308 
 365 656 865 559 943 19 210 
 580 842 368 198 169 874 244 
 403 936 178 265 722 419 597 
 324 811 687 195 685 337 649 
 717 569 389 491 15 745 707 
 468 736 384 359 475 410 128 
 69 370 257 521 75 811 694 
 446 616 251 9 416 713 408 
 577 751 183 68 459 485 634 
 535 771 560 371 934 341 643 
 812 549 282 243 41 509 620 
 570 619 934 128 326 312 211 
 286 807 52 233 666 986 565 
 253 896 288 561 191 657 934 
 481 515 480 163 18 738 403 
 571 224 698 585 222 185 698 
 616 128 681 844 532 294 563 
 120 831 558 691 148 956 627 
 764 493 385 946 692 668 943 
 944 769 185 635 752 994 713 
 154 174 342 471 983 556 629 
 444 460 384 863 934 433 345 
 104 521 871 781 785 448 124 
 997 926 905 828 923 273 84 
 532 745 457 850 326 57 537 
 365 739 939 322 276 316 210 
 216 587 983 550 6 268 482 
 967 977 735 264 270 292 866 
 302 203 617 761 101 990 747 
 301 709 439 99 236 622 84 
 424 356 726 310 998 663 985 
 690 930 108 932 568 875 852 
 583 965 9 783 142 289 466 
 826 806 248 496 618 984 753 
 236 612 751 584 97 596 313 
 924 1000 26 863 767 911 659 
 133 369 129 429 848 371 483 
 712 658 620 204 93 31 830 
 602 176 365 134 36 533 6 
 886 763 500 309 923 127 444 
 962 869 939 592 909 89 265 
 611 516 256 619 605 468 37 
 790 356 385 65 991 481 214 
 887 234 15 
 420 383 111 700 786 115 931 
 500 848 331 575 706 84 80 
 459 55 729 243 657 6 795 
 547 65 917 395 600 552 859 
 122 179 911 50 247 90 860 
 883 353 709 307 916 315 577 
 339 627 323 631 1000 87 321 
 900 260 51 167 559 285 985 
 45 332 204 1000 57 419 99 
 837 665 503 923 867 920 312 
 568 459 306 512 782 873 128 
 965 824 548 578 188 661 700 
 952 648 585 584 7 708 132 
 718 291 342 637 322 305 439 
 548 827 545 5 674 568 453 
 127 721 22 541 403 747 486 
 246 546 52 576 287 326 678 
 642 409 497 16 655 169 924 
 782 192 23 266 943 530 283 
 195 160 965 613 431 468 776 
 977 504 232 925 989 966 656 
 361 682 506 228 831 836 945 
 568 41 106 6 205 574 59 
 830 811 570 31 530 516 808 
 96 751 598 200 85 925 320 
 633 693 225 730 93 955 499 
 242 335 22 927 459 5 590 
 364 156 342 413 838 425 202 
 523 291 803 235 600 128 416 
 415 423 561 771 586 399 651 
 722 174 225 786 145 778 465 
 257 162 732 413 940 529 574 
 470 7 248 969 33 158 736 
 124 348 993 794 203 321 405 
 152 504 140 587 415 594 684 
 550 473 760 44 607 644 764 
 207 81 637 631 373 307 778 
 544 439 513 209 332 716 490 
 563 637 178 152 449 547 635 
 697 786 706 365 607 106 625 
 863 898 139 774 676 296 135 
 777 650 330 541 960 159 607 
 159 924 1000 84 53 453 234 
 130 755 922 756 430 611 455 
 370 406 875 692 715 137 605 
 258 61 35 328 325 821 611 
 793 607 449 389 473 706 721 
 254 925 443 33 372 353 743 
 368 481 394 143 341 867 725 
 491 614 580 802 840 977 610 
 400 489 327 542 56 934 403 
 214 153 695 622 569 502 527 
 959 773 97 865 21 867 438 
 667 757 541 943 293 962 268 
 220 968 576 804 183 766 294 
 532 344 517 118 599 76 419 
 831 844 670 681 701 702 260 
 655 189 923 240 51 706 916 
 3 345 918 561 609 681 314 
 265 620 628 76 773 241 60 
 603 466 5 846 468 680 582 
 312 250 158 225 923 335 233 
 631 375 277 113 719 873 794 
 602 753 685 255 346 536 987 
 712 775 989 91 865 671 114 
 688 341 996 118 350 974 542 
 258 451 307 398 636 615 932 
 419 323 307 127 783 398 203 
 768 31 402 267 394 532 698 
 730 520 701 156 865 178 729 
 189 618 241 189 36 536 945 
 641 79 571 
 673 594 161 824 139 353 86 
 122 524 6 339 331 842 892 
 136 225 721 516 67 577 164 
 366 436 299 795 603 354 683 
 9 131 280 403 339 728 455 
 345 208 807 858 924 34 825 
 811 325 393 950 641 648 994 
 173 126 159 474 179 530 635 
 917 689 114 834 484 124 286 
 631 842 378 309 460 469 657 
 481 144 653 976 930 296 374 
 587 275 198 637 663 30 765 
 132 457 641 528 725 750 637 
 214 273 194 946 366 630 506 
 245 810 978 504 292 213 498 
 650 455 107 800 233 903 901 
 785 682 587 218 458 575 199 
 404 645 563 123 487 736 863 
 836 82 527 239 125 939 479 
 732 587 924 66 368 259 760 
 842 643 348 908 878 560 717 
 853 924 926 668 885 708 999 
 883 829 153 43 331 306 894 
 338 230 439 173 972 926 126 
 854 889 862 302 193 815 700 
 962 964 254 291 448 923 917 
 706 349 947 635 110 624 796 
 125 768 765 394 34 183 806 
 178 176 900 793 269 373 663 
 220 166 533 845 169 395 198 
 989 521 70 509 303 602 536 
 446 412 696 90 53 515 173 
 67 424 257 584 608 849 598 
 262 719 845 943 979 298 133 
 631 455 60 455 677 337 437 
 981 644 277 189 576 740 917 
 450 556 436 440 721 539 140 
 221 958 742 835 229 684 568 
 862 20 116 273 707 110 454 
 26 561 369 16 629 480 62 
 689 338 231 831 675 914 658 
 535 236 580 863 212 484 696 
 461 678 21 903 459 293 996 
 854 913 316 145 543 266 295 
 23 766 756 77 124 444 597 
 725 560 189 573 19 869 378 
 108 495 595 30 122 793 352 
 681 424 191 610 334 425 546 
 5 804 296 308 827 23 216 
 498 958 541 966 633 582 232 
 71 810 875 469 665 445 921 
 921 890 510 143 830 554 82 
 14 721 146 400 978 83 498 
 808 786 817 867 93 887 909 
 577 26 142 440 70 957 118 
 558 742 253 248 24 407 197 
 161 519 300 78 953 269 941 
 606 81 980 137 171 414 579 
 215 758 752 533 87 119 633 
 231 219 332 534 212 660 17 
 351 83 39 510 782 548 988 
 499 162 325 10 948 168 566 
 124 517 214 830 490 981 464 
 28 263 874 598 573 661 167 
 595 704 387 575 694 323 954 
 769 919 580 595 177 65 14 
 512 338 865 546 717 174 842 
 337 492 841 935 946 218 457 
 37 985 110 286 918 705 235 
 513 894 591 282 581 786 287 
 673 384 470 715 872 280 171 
 326 818 446 
 179 421 214 548 221 240 784 
 13 174 3 236 873 349 824 
 467 621 557 680 413 452 745 
 670 493 368 945 121 778 638 
 391 949 979 613 792 416 216 
 365 914 30 601 663 618 716 
 975 240 114 300 156 668 213 
 237 772 245 387 968 136 121 
 747 714 182 636 131 621 866 
 466 936 749 18 451 679 835 
 492 269 735 763 761 986 740 
 310 790 166 613 927 278 111 
 448 517 329 378 50 526 531 
 554 841 718 789 471 557 90 
 939 792 18 111 858 904 815 
 33 592 377 828 428 272 836 
 197 965 348 636 664 358 986 
 317 256 372 306 335 272 784 
 172 835 591 663 28 498 205 
 483 515 616 65 733 892 732 
 48 401 83 372 789 815 198 
 922 916 931 593 856 916 316 
 178 749 16 765 857 277 588 
 245 597 506 655 974 694 429 
 685 624 655 498 146 139 119 
 983 510 798 236 274 851 611 
 518 125 807 511 924 387 969 
 538 26 959 630 859 453 113 
 553 9 204 111 28 481 599 
 485 169 490 388 317 94 946 
 669 980 956 638 315 530 927 
 892 744 736 331 617 48 15 
 179 385 205 741 921 947 501 
 406 436 864 476 91 5 167 
 545 998 271 913 970 297 25 
 493 646 617 662 412 406 878 
 911 217 98 327 693 416 653 
 103 857 84 688 498 407 886 
 768 774 846 585 895 393 688 
 70 106 999 458 983 751 512 
 155 574 637 947 588 955 73 
 749 11 400 933 343 992 813 
 518 851 892 442 985 420 724 
 560 85 80 681 102 543 991 
 421 389 592 480 166 434 198 
 744 10 79 677 346 734 32 
 372 893 334 997 319 368 67 
 981 136 206 744 309 180 378 
 811 251 7 769 460 158 703 
 297 983 65 881 893 433 307 
 30 158 148 328 98 313 427 
 901 835 931 492 966 492 205 
 545 752 588 350 324 541 490 
 725 886 603 37 484 46 91 
 669 379 721 457 899 737 927 
 553 201 755 655 189 225 163 
 256 182 590 543 374 440 669 
 966 158 11 250 539 851 738 
 889 767 484 918 115 8 203 
 817 397 843 734 290 103 499 
 171 459 226 663 829 660 694 
 245 18 325 590 9 168 21 
 37 786 115 750 740 851 648 
 741 499 717 654 74 819 676 
 457 140 885 649 38 713 221 
 473 373 752 100 159 866 64 
 704 934 202 948 99 868 438 
 221 646 416 810 69 364 802 
 314 317 39 484 368 790 731 
 668 784 119 11 679 807 595 
 135 725 847 480 707 942 797 
 720 486 312 
 725 367 847 117 698 897 287 
 383 799 32 575 419 731 408 
 16 614 617 244 508 42 436 
 109 320 47 498 493 710 210 
 639 47 204 470 878 645 926 
 356 728 70 572 708 797 182 
 131 145 963 483 917 902 209 
 592 968 531 786 996 743 748 
 122 265 938 120 410 428 62 
 821 411 606 884 972 541 918 
 18 80 532 821 989 70 471 
 287 337 307 145 836 598 160 
 307 283 219 582 399 817 263 
 569 477 908 827 671 676 507 
 65 85 695 857 459 469 69 
 709 75 41 583 643 446 199 
 7 280 951 618 437 471 597 
 196 545 879 668 893 360 321 
 68 450 791 235 228 486 672 
 318 756 666 311 774 197 420 
 315 623 442 536 989 162 459 
 337 2 155 684 294 849 810 
 786 940 339 515 81 183 253 
 614 14 713 711 749 736 286 
 698 578 813 5 140 388 253 
 175 354 661 433 957 586 708 
 858 939 437 907 897 998 615 
 425 962 487 327 637 175 812 
 436 455 485 843 510 614 489 
 342 984 345 73 493 903 46 
 602 630 923 292 221 789 975 
 97 624 99 538 235 766 336 
 652 695 110 505 464 683 892 
 671 332 548 442 949 697 222 
 356 296 810 831 806 948 439 
 83 606 394 502 13 8 19 
 222 682 582 299 868 349 100 
 22 562 74 37 236 354 443 
 535 92 350 300 823 217 789 
 392 996 15 548 575 412 828 
 59 686 201 742 698 285 993 
 72 759 326 305 572 489 979 
 335 288 306 300 209 241 935 
 571 689 712 87 808 773 374 
 52 51 768 361 828 549 3 
 460 687 885 849 175 878 755 
 532 804 159 70 395 781 219 
 751 856 77 668 418 435 365 
 96 23 153 83 510 37 298 
 786 994 969 93 876 363 801 
 28 720 383 467 934 644 940 
 804 856 185 501 362 444 24 
 918 937 37 120 744 686 727 
 637 635 685 657 791 350 946 
 264 904 824 441 370 483 204 
 391 847 461 190 421 624 101 
 97 871 356 19 43 545 270 
 513 495 844 505 275 593 91 
 231 656 527 185 723 431 156 
 230 749 760 644 694 719 367 
 887 480 97 489 253 646 857 
 668 557 441 336 904 958 714 
 140 751 10 208 201 254 925 
 21 792 88 601 144 67 511 
 311 408 109 682 997 21 940 
 669 59 526 91 92 963 610 
 537 549 972 679 635 719 429 
 4 714 583 553 727 437 717 
 622 710 188 520 350 734 226 
 702 946 173 80 17 442 216 
 81 850 686 355 369 295 289 
 524 636 117 
 850 998 944 700 489 974 970 
 132 604 936 778 394 279 807 
 157 3 78 847 710 805 634 
 586 732 784 68 228 361 816 
 893 200 440 855 497 958 100 
 556 351 603 657 126 153 455 
 227 175 156 164 408 297 191 
 971 982 897 403 447 59 405 
 447 334 537 911 680 827 455 
 518 746 973 350 929 362 853 
 568 236 799 610 960 422 108 
 508 56 111 542 794 615 749 
 894 5 32 737 78 561 953 
 971 779 694 968 507 966 450 
 661 954 50 437 191 204 525 
 833 128 590 335 944 368 647 
 540 812 58 176 553 404 657 
 12 673 115 160 982 692 256 
 684 124 908 510 962 127 15 
 625 432 519 3 574 916 961 
 877 511 182 80 584 840 23 
 356 598 652 663 205 632 455 
 207 54 229 370 419 418 316 
 128 749 535 930 468 1 877 
 129 62 772 941 311 649 291 
 97 762 478 718 288 156 231 
 585 270 43 354 638 124 269 
 59 100 181 622 65 709 860 
 769 108 330 718 952 619 872 
 531 51 735 63 596 82 111 
 382 331 355 250 912 597 451 
 607 564 489 765 516 72 413 
 178 560 867 677 118 625 661 
 922 743 276 423 324 587 9 
 281 911 777 674 752 975 164 
 223 708 92 854 323 522 803 
 971 332 559 90 97 477 671 
 81 328 732 648 417 461 922 
 130 38 478 181 75 428 765 
 120 291 530 389 133 452 633 
 174 864 152 83 985 36 128 
 700 338 393 136 369 127 612 
 828 35 524 692 960 450 357 
 598 522 969 888 720 33 670 
 376 293 738 77 787 142 750 
 169 973 323 764 402 157 203 
 7 358 780 81 384 351 268 
 275 147 232 390 1 513 799 
 209 994 968 657 76 23 803 
 488 523 388 179 261 178 521 
 99 870 426 124 60 990 621 
 588 846 223 483 910 417 648 
 355 608 118 230 480 783 120 
 884 209 737 770 907 903 82 
 568 687 373 663 876 983 241 
 619 799 106 60 821 923 642 
 187 854 762 786 99 731 754 
 14 910 711 11 335 872 789 
 637 884 136 25 540 831 943 
 644 953 132 922 937 759 66 
 344 563 906 415 778 682 672 
 862 774 385 20 344 393 185 
 655 50 695 467 285 180 117 
 800 448 205 577 65 367 151 
 942 413 205 894 257 302 265 
 256 418 218 897 684 604 754 
 325 226 979 397 100 501 152 
 154 474 995 734 240 676 449 
 33 693 969 846 228 864 968 
 206 191 927 817 155 187 839 
 221 187 653 655 797 804 243 
 860 660 448 
 786 243 611 809 259 32 640 
 490 913 928 325 771 932 425 
 306 442 75 957 794 546 83 
 8 158 597 754 608 140 504 
 377 565 605 779 677 220 985 
 309 189 344 715 922 585 339 
 580 452 358 784 808 170 676 
 152 539 603 99 902 482 801 
 113 995 169 957 334 360 544 
 742 745 512 996 393 242 433 
 78 392 559 966 526 394 35 
 646 29 782 601 602 509 479 
 380 784 466 278 476 906 421 
 539 216 575 740 641 519 941 
 459 700 524 802 400 675 348 
 176 834 310 177 498 551 566 
 461 632 344 302 525 703 181 
 566 962 597 240 66 585 623 
 562 444 526 35 535 614 362 
 508 315 141 73 41 825 654 
 458 149 687 634 5 436 795 
 945 126 722 428 863 924 955 
 849 633 456 938 338 174 669 
 186 800 958 308 927 557 748 
 925 570 162 859 469 422 549 
 921 290 141 727 182 391 225 
 735 195 88 573 425 10 533 
 735 660 985 158 492 941 70 
 67 913 518 353 168 170 695 
 333 258 157 208 29 909 276 
 652 374 57 613 198 640 256 
 138 951 475 976 15 383 852 
 505 678 295 956 565 412 928 
 101 602 882 614 692 98 51 
 537 612 61 536 962 785 475 
 70 640 479 299 346 829 750 
 866 97 92 878 828 410 78 
 674 420 152 473 262 636 449 
 760 64 643 280 904 688 250 
 554 464 655 988 866 150 744 
 857 990 337 601 737 318 170 
 760 249 519 618 950 167 108 
 874 237 981 15 852 785 311 
 571 173 863 284 593 775 503 
 399 756 543 899 714 29 404 
 701 583 797 498 787 798 470 
 658 257 334 345 346 482 420 
 125 259 166 437 204 703 642 
 347 854 230 523 657 41 437 
 696 191 128 69 467 83 207 
 452 373 277 431 287 580 833 
 709 370 349 811 27 693 729 
 277 476 655 586 624 936 974 
 650 939 348 710 784 910 582 
 485 57 605 3 440 759 790 
 200 8 805 105 299 922 246 
 82 64 49 505 311 770 684 
 613 906 375 567 795 878 314 
 434 632 337 855 756 376 742 
 193 829 546 47 747 206 333 
 205 529 778 477 463 588 568 
 965 476 719 407 772 57 572 
 217 384 257 597 251 75 7 
 580 794 232 4 34 788 692 
 66 744 145 844 180 367 905 
 938 564 511 370 863 858 738 
 240 167 13 166 11 744 619 
 709 295 304 528 557 926 249 
 593 637 981 750 933 726 433 
 386 1 29 72 581 223 755 
 759 853 307 795 631 30 14 
 894 382 482 
 127 872 198 871 813 984 129 
 955 164 595 335 632 810 166 
 629 823 857 820 542 253 426 
 565 614 641 286 411 219 953 
 373 427 410 183 466 401 626 
 152 612 232 490 390 597 51 
 508 74 928 934 870 227 861 
 292 612 164 925 199 696 601 
 252 122 213 888 472 374 358 
 640 710 389 201 114 215 371 
 978 570 389 702 721 475 824 
 609 708 109 582 548 538 345 
 846 241 716 622 883 14 548 
 75 305 742 299 619 385 951 
 348 391 285 569 209 254 330 
 795 393 757 872 629 806 727 
 275 12 144 187 86 746 964 
 801 477 962 426 954 863 940 
 489 633 245 516 754 901 254 
 466 679 108 598 826 738 503 
 522 370 709 848 884 589 677 
 676 150 634 838 208 856 387 
 773 716 515 542 527 402 961 
 534 68 694 162 567 227 379 
 56 612 469 121 525 376 377 
 679 345 502 490 922 845 298 
 690 892 230 499 853 987 931 
 295 198 622 662 237 738 176 
 586 80 646 682 560 520 793 
 378 705 361 881 406 978 296 
 127 863 283 993 450 413 31 
 522 356 446 89 645 862 501 
 394 408 708 580 708 380 72 
 451 118 399 951 636 726 434 
 406 187 328 994 163 561 184 
 680 460 3 377 999 1000 364 
 571 368 62 919 199 383 185 
 267 482 707 752 20 962 720 
 911 381 788 877 552 696 626 
 709 671 905 805 950 408 638 
 614 490 305 679 731 481 455 
 268 36 283 874 187 3 6 
 119 774 245 900 673 927 700 
 369 31 43 328 800 987 143 
 241 563 168 806 700 108 753 
 613 297 399 41 916 553 475 
 974 653 368 156 949 2 574 
 978 732 176 341 63 202 318 
 42 947 479 883 891 216 722 
 434 893 749 854 751 763 402 
 772 207 854 184 487 33 47 
 134 665 38 13 475 849 929 
 591 439 538 351 600 615 242 
 93 997 236 399 660 832 859 
 617 806 235 11 175 925 963 
 113 371 127 282 387 805 891 
 314 230 280 811 10 215 926 
 951 522 52 101 565 103 656 
 478 667 846 905 545 848 887 
 842 963 133 665 286 618 255 
 151 763 86 545 686 635 80 
 268 622 977 599 134 249 520 
 983 219 591 908 816 542 253 
 668 175 6 433 214 423 105 
 359 512 486 401 344 743 39 
 264 487 563 730 413 596 245 
 205 660 980 374 473 567 151 
 286 685 887 295 182 307 536 
 192 847 261 551 437 383 493 
 141 317 279 142 984 839 741 
 814 414 634 706 736 33 299 
 979 955 945 
 773 96 469 508 131 567 701 
 54 21 398 827 233 979 42 
 119 338 364 186 220 153 245 
 378 107 31 282 449 367 429 
 246 721 845 585 59 970 199 
 727 913 422 684 1000 614 386 
 585 581 753 649 414 290 855 
 216 513 659 969 537 418 688 
 388 496 619 536 318 304 286 
 310 913 243 788 302 945 435 
 313 942 741 803 113 4 984 
 917 152 116 228 290 836 902 
 891 763 51 97 870 738 660 
 554 233 447 687 770 309 187 
 27 738 523 79 140 808 241 
 275 169 655 582 877 606 527 
 997 727 190 490 652 919 574 
 330 721 533 537 818 97 190 
 184 739 528 171 822 747 96 
 73 516 581 26 823 89 428 
 149 274 79 829 745 784 686 
 774 811 653 586 354 774 641 
 179 482 5 590 248 587 691 
 803 259 786 335 994 986 143 
 544 177 627 660 508 475 604 
 452 361 580 318 548 383 630 
 416 427 628 454 394 601 973 
 486 776 40 221 785 2 53 
 600 129 662 965 852 464 181 
 199 636 96 781 422 803 475 
 492 883 75 834 887 468 27 
 70 637 278 242 271 464 420 
 150 296 133 189 171 391 383 
 342 76 213 727 333 499 770 
 402 353 641 926 192 522 276 
 31 856 220 483 982 478 291 
 202 120 271 637 510 141 610 
 810 320 403 254 700 882 351 
 195 94 219 216 290 222 442 
 324 820 723 835 8 211 253 
 581 320 130 926 239 762 886 
 732 478 66 273 812 472 109 
 643 821 541 279 855 490 371 
 403 302 365 918 766 422 948 
 289 866 32 29 743 683 692 
 144 656 940 29 569 765 679 
 844 994 274 6 413 315 629 
 260 860 273 523 386 253 711 
 317 443 158 406 629 495 966 
 837 467 304 138 954 445 950 
 915 140 154 59 921 438 294 
 373 461 148 795 727 9 402 
 859 934 993 10 191 20 70 
 513 767 31 390 94 784 583 
 325 802 55 873 793 29 735 
 686 985 431 92 507 411 417 
 989 47 984 47 91 438 400 
 679 701 24 76 198 607 465 
 176 270 102 550 756 345 388 
 108 871 644 204 441 931 237 
 612 23 151 43 5 988 574 
 887 548 539 82 190 542 456 
 745 291 205 269 763 502 597 
 479 49 519 38 536 157 289 
 791 603 232 95 22 554 832 
 768 706 719 990 577 549 892 
 145 374 18 411 524 441 842 
 236 16 214 286 738 466 164 
 516 356 386 92 338 925 544 
 455 715 283 871 769 28 111 
 550 215 870 241 491 657 201 
 457 974 200 
 717 941 367 726 24 630 383 
 168 94 89 95 309 451 486 
 635 811 466 410 179 510 212 
 669 455 639 207 579 984 590 
 539 795 71 400 486 745 743 
 182 203 396 593 91 892 734 
 547 484 348 607 384 29 811 
 224 701 815 568 832 553 203 
 944 217 290 549 249 560 671 
 313 493 791 801 854 55 138 
 1000 773 326 612 735 592 317 
 7 856 787 438 493 109 868 
 482 905 571 161 690 252 567 
 805 154 521 973 186 306 544 
 765 606 884 667 388 958 429 
 362 987 667 948 270 690 206 
 492 72 571 212 177 431 118 
 586 971 27 704 920 150 149 
 826 781 414 715 282 126 67 
 957 188 206 992 336 55 99 
 906 453 944 382 803 833 822 
 985 181 819 914 687 773 743 
 156 580 437 549 262 297 991 
 336 105 998 514 616 945 980 
 959 511 258 642 928 11 552 
 156 429 433 791 914 326 875 
 94 486 535 847 804 371 519 
 760 120 677 439 456 642 629 
 515 188 83 490 962 574 645 
 870 821 33 330 806 577 79 
 974 855 52 882 907 144 618 
 803 864 163 741 222 425 843 
 77 675 405 21 893 155 210 
 454 625 70 528 257 233 310 
 976 893 447 763 58 487 104 
 982 249 101 604 932 280 190 
 53 544 545 690 682 375 865 
 68 544 90 509 266 725 22 
 250 329 348 35 832 649 392 
 262 532 852 761 255 128 541 
 231 802 723 578 409 734 31 
 89 716 495 991 492 437 43 
 813 596 493 543 116 511 423 
 799 586 818 986 904 148 116 
 679 182 199 320 994 996 434 
 280 600 502 12 121 869 984 
 15 67 610 229 601 790 385 
 760 462 283 88 131 344 351 
 495 32 385 505 818 178 766 
 573 773 186 380 72 795 427 
 32 147 980 348 200 771 945 
 729 466 470 9 585 656 253 
 209 958 856 946 638 310 525 
 369 674 59 479 110 440 61 
 259 626 392 786 282 661 345 
 643 75 98 89 327 648 933 
 197 483 25 389 793 376 451 
 274 287 187 37 653 352 42 
 632 18 19 92 333 206 705 
 261 531 744 484 940 359 673 
 66 973 499 523 470 701 698 
 483 385 650 640 447 74 358 
 732 429 27 47 938 825 527 
 303 58 900 276 932 499 612 
 837 95 878 712 205 253 554 
 720 34 272 298 687 599 211 
 816 624 16 607 608 594 643 
 857 685 802 363 503 460 692 
 795 814 714 761 301 53 110 
 328 136 455 926 820 555 547 
 178 49 125 124 715 103 887 
 736 466 634 
 288 960 344 431 687 284 289 
 622 950 323 423 895 459 5 
 639 687 333 730 374 791 384 
 591 490 137 489 924 720 226 
 81 94 833 166 586 245 732 
 702 579 20 793 858 339 44 
 683 694 351 160 475 318 571 
 703 308 577 330 859 114 951 
 525 11 401 546 749 51 271 
 398 466 999 80 48 807 642 
 22 927 27 729 733 582 937 
 813 192 341 698 860 246 634 
 119 752 729 778 600 954 132 
 824 964 294 834 129 926 214 
 966 646 60 860 214 415 991 
 296 391 423 401 45 95 3 
 634 628 124 858 705 293 208 
 36 995 25 705 562 252 528 
 74 289 576 747 148 646 553 
 938 946 568 974 67 422 593 
 616 951 519 146 140 365 224 
 657 958 218 223 267 452 359 
 561 241 831 240 344 629 327 
 390 963 177 349 156 985 692 
 560 530 405 675 372 411 529 
 433 278 527 240 110 744 352 
 477 73 861 28 252 549 835 
 471 724 261 628 870 162 343 
 275 347 132 449 870 108 634 
 999 455 858 453 192 186 578 
 212 347 543 302 867 412 877 
 41 210 919 162 812 22 656 
 533 547 378 456 72 127 987 
 633 166 90 214 331 568 44 
 651 38 303 312 366 167 129 
 693 89 374 300 37 514 525 
 324 640 613 112 172 718 891 
 340 941 663 574 858 714 466 
 897 721 336 968 210 717 910 
 990 500 113 128 468 102 637 
 162 825 357 984 591 578 603 
 588 208 310 324 27 771 139 
 484 333 617 399 850 887 141 
 414 483 563 357 278 599 706 
 154 820 595 474 640 148 347 
 655 157 106 821 563 913 188 
 718 525 137 60 38 163 51 
 447 355 63 985 718 621 810 
 70 703 758 211 281 28 56 
 749 676 150 204 876 900 417 
 438 414 95 919 225 50 839 
 177 356 738 800 570 569 455 
 626 306 970 208 7 802 418 
 562 268 620 932 454 56 376 
 527 958 158 326 44 878 170 
 400 645 98 829 563 517 883 
 648 433 535 480 978 543 903 
 174 506 207 739 512 796 445 
 704 405 403 538 796 189 954 
 130 32 281 859 766 889 837 
 51 73 634 942 756 563 939 
 530 945 655 599 485 438 716 
 921 949 767 366 116 314 878 
 50 373 832 1 676 57 544 
 417 785 286 178 834 116 314 
 923 587 192 582 742 581 649 
 424 435 980 67 115 274 775 
 32 640 181 479 195 800 129 
 1 597 504 947 243 858 275 
 779 33 347 199 890 909 953 
 911 226 632 782 779 289 914 
 396 586 397 
 331 178 315 902 280 186 662 
 63 44 844 557 362 740 392 
 410 734 888 742 887 34 330 
 878 487 71 600 166 864 63 
 562 774 941 903 707 21 374 
 733 655 410 262 57 209 618 
 128 21 145 588 424 421 95 
 830 547 909 762 701 54 805 
 607 391 303 669 619 906 742 
 888 23 96 80 986 822 648 
 482 280 728 438 624 748 307 
 421 400 886 806 386 306 890 
 958 25 932 235 533 603 823 
 379 781 430 123 655 696 955 
 731 100 300 854 615 413 57 
 840 486 495 843 196 64 690 
 862 275 93 712 741 383 856 
 379 176 266 576 289 352 389 
 868 486 524 239 348 877 450 
 916 840 38 340 913 417 806 
 976 688 257 370 558 840 28 
 473 471 250 675 460 257 91 
 516 623 477 757 179 404 997 
 68 222 476 934 353 675 788 
 178 528 851 281 234 73 235 
 132 878 514 566 627 116 727 
 885 678 721 343 857 428 299 
 142 830 641 362 881 135 112 
 722 621 825 967 858 110 250 
 952 449 160 598 1 494 512 
 124 456 948 856 861 512 199 
 605 312 882 873 856 781 172 
 483 902 672 898 157 809 106 
 391 588 866 342 370 294 461 
 129 905 534 298 382 366 544 
 309 92 348 547 941 320 752 
 489 845 338 415 985 908 377 
 539 351 476 213 853 336 20 
 585 753 279 887 188 284 46 
 193 284 591 854 461 249 848 
 5 272 123 629 579 218 219 
 832 410 922 825 561 488 46 
 955 582 686 117 697 371 454 
 518 321 554 839 997 37 489 
 64 88 814 118 574 765 222 
 771 109 257 257 25 224 824 
 858 621 361 881 324 93 983 
 717 431 394 706 67 414 571 
 336 60 346 13 37 367 985 
 4 636 373 84 720 353 409 
 395 640 114 975 41 735 296 
 738 655 569 722 931 34 44 
 460 717 4 239 953 825 179 
 475 101 641 771 99 569 599 
 971 917 190 291 762 534 456 
 287 745 743 695 315 934 706 
 855 655 251 211 282 516 506 
 598 26 673 767 11 961 191 
 363 436 436 731 644 859 804 
 687 598 4 850 991 64 614 
 565 939 254 176 558 338 858 
 533 973 217 985 735 652 382 
 71 653 391 696 530 557 990 
 378 359 704 915 11 255 624 
 281 567 591 138 450 875 130 
 858 159 211 358 619 710 436 
 617 948 5 440 850 721 473 
 236 992 447 901 396 403 669 
 387 385 500 179 492 48 717 
 235 199 323 184 378 210 523 
 289 829 740 260 226 507 327 
 422 594 199 
 126 828 813 602 834 423 25 
 562 85 561 446 893 610 17 
 563 419 34 577 921 566 720 
 73 680 187 847 641 747 126 
 705 152 53 663 806 888 936 
 958 606 190 41 87 247 226 
 853 270 525 843 513 793 181 
 175 724 1000 80 981 830 309 
 656 468 533 795 755 543 244 
 745 578 231 186 963 24 438 
 994 772 115 237 664 22 509 
 445 447 821 7 285 394 230 
 210 848 529 635 861 564 280 
 716 477 987 446 204 40 145 
 34 273 48 162 693 737 840 
 80 864 69 56 223 276 326 
 648 706 843 786 414 362 602 
 965 232 617 331 63 96 962 
 436 698 634 15 601 288 863 
 439 442 230 807 182 389 842 
 888 202 409 958 81 710 327 
 634 221 993 833 995 608 788 
 447 221 523 734 486 402 639 
 928 119 847 339 903 809 323 
 542 901 286 215 108 886 518 
 492 352 202 53 23 845 232 
 573 709 133 101 964 319 358 
 583 667 155 871 373 932 304 
 270 666 625 216 575 461 484 
 803 812 330 2 295 815 254 
 806 177 960 116 903 218 23 
 747 401 459 425 572 12 622 
 219 5 31 218 671 159 219 
 700 577 790 23 197 784 374 
 830 96 893 104 786 224 389 
 471 399 996 335 390 623 722 
 700 86 585 828 409 648 825 
 124 14 134 950 161 220 218 
 894 967 728 947 394 984 618 
 395 72 108 716 905 436 106 
 195 23 142 932 151 292 946 
 155 475 527 834 72 691 824 
 139 341 320 238 898 655 573 
 688 189 333 790 932 857 213 
 678 345 583 739 269 877 349 
 353 899 606 686 44 288 801 
 921 12 783 548 442 578 925 
 748 251 783 166 325 136 720 
 586 229 749 363 697 736 208 
 377 828 49 286 993 287 301 
 126 368 24 263 135 714 824 
 643 171 334 228 579 48 613 
 346 371 955 241 180 662 699 
 430 191 804 710 162 680 338 
 102 835 347 128 618 517 163 
 408 636 80 576 228 509 131 
 724 964 499 82 572 354 861 
 889 126 774 308 958 495 64 
 682 831 242 409 600 609 799 
 160 241 548 561 597 231 63 
 718 975 529 151 445 535 993 
 943 593 889 103 246 47 813 
 592 3 865 577 284 177 464 
 629 690 250 820 252 644 573 
 75 661 74 823 850 341 175 
 867 799 394 269 314 10 304 
 657 489 335 892 143 292 781 
 730 172 654 140 766 701 902 
 272 44 898 64 704 65 498 
 960 333 334 46 879 194 975 
 173 900 416 552 763 385 759 
 826 968 603 
 412 616 961 7 133 757 73 
 988 709 961 645 389 680 440 
 186 355 141 977 847 915 183 
 718 506 309 626 64 924 600 
 389 64 956 150 380 189 836 
 644 379 473 357 606 906 747 
 251 971 147 818 232 326 12 
 78 706 528 85 622 108 125 
 840 593 141 853 603 989 642 
 359 231 417 940 797 350 883 
 290 594 559 625 885 596 249 
 168 309 169 833 534 550 92 
 59 696 306 980 250 138 445 
 224 848 154 139 396 732 51 
 986 290 127 194 951 537 53 
 675 906 639 507 625 41 694 
 484 720 572 647 340 810 469 
 642 969 555 598 688 412 510 
 511 943 340 395 646 539 93 
 479 70 228 994 458 11 604 
 208 958 395 148 998 100 692 
 291 229 775 917 927 563 181 
 389 743 888 409 934 350 429 
 770 88 856 471 513 485 201 
 912 621 320 586 248 870 988 
 523 861 387 861 247 335 29 
 777 322 290 672 877 548 938 
 908 159 482 601 815 279 376 
 24 704 684 201 558 828 520 
 275 59 234 779 787 787 845 
 297 795 107 716 898 597 861 
 698 76 854 836 462 427 643 
 142 955 916 61 117 629 573 
 716 836 528 28 717 449 89 
 682 115 871 57 941 647 296 
 612 704 191 676 486 571 6 
 853 392 250 417 798 861 727 
 534 655 800 862 674 874 721 
 60 553 994 107 183 429 969 
 87 4 266 494 199 266 55 
 592 809 906 709 869 257 859 
 60 465 62 167 474 151 360 
 216 283 257 422 24 784 343 
 665 650 391 857 856 492 318 
 597 818 537 351 615 230 657 
 489 604 250 831 340 797 797 
 493 923 652 157 410 191 487 
 735 127 768 751 771 405 107 
 999 531 374 985 806 751 349 
 749 283 554 663 3 315 962 
 622 233 836 930 153 511 278 
 136 333 22 294 245 610 690 
 778 135 806 655 548 65 882 
 117 695 445 182 594 747 447 
 260 268 96 154 335 227 612 
 38 931 768 989 248 753 144 
 557 855 137 862 288 336 165 
 396 647 961 279 616 610 285 
 627 511 383 821 282 890 117 
 521 187 714 311 784 570 508 
 817 541 622 901 380 22 475 
 956 218 883 908 363 56 507 
 326 515 966 519 925 794 24 
 370 591 302 81 927 810 134 
 108 849 310 444 331 1000 235 
 845 324 449 585 700 342 226 
 569 330 63 312 278 439 555 
 97 427 20 188 113 548 832 
 300 101 412 134 100 464 193 
 881 474 777 769 39 635 929 
 458 718 742 445 101 50 109 
 232 889 602 
 401 605 670 973 85 80 8 
 864 927 474 920 572 837 878 
 985 481 190 655 279 221 715 
 501 352 458 337 555 799 19 
 552 674 477 349 441 331 998 
 877 146 319 628 445 344 647 
 303 278 25 426 487 733 567 
 122 238 637 491 757 17 496 
 351 204 144 405 282 830 323 
 616 610 194 707 236 187 734 
 24 145 617 851 480 830 895 
 693 226 485 461 835 462 281 
 739 842 470 232 313 513 960 
 192 34 445 202 163 452 51 
 436 762 784 711 76 963 809 
 790 716 546 527 45 996 713 
 569 313 183 583 532 683 222 
 425 125 697 951 500 72 46 
 923 878 815 388 706 375 665 
 951 695 187 56 265 923 652 
 297 405 619 217 657 780 976 
 720 556 993 50 965 925 445 
 236 729 44 713 326 9 387 
 400 685 739 551 176 290 1000 
 103 780 893 954 429 243 415 
 157 567 397 834 845 493 267 
 762 795 760 308 280 486 591 
 543 442 627 393 909 188 493 
 545 425 533 412 228 238 529 
 629 676 815 434 52 674 420 
 629 84 942 786 125 986 446 
 543 963 125 504 416 640 934 
 895 675 376 23 743 987 591 
 789 553 711 920 901 941 394 
 290 16 731 576 344 774 959 
 149 708 972 639 805 44 205 
 798 763 712 953 799 90 825 
 384 929 470 897 629 269 208 
 498 202 48 571 791 752 24 
 225 613 995 520 204 575 7 
 532 919 860 261 180 336 786 
 835 312 19 222 679 807 264 
 379 714 104 600 574 940 349 
 954 315 323 915 664 945 339 
 362 888 286 244 692 107 235 
 807 39 136 181 326 178 190 
 904 918 306 547 996 493 162 
 232 109 731 44 472 428 923 
 834 820 503 302 603 617 664 
 124 223 532 264 97 992 946 
 554 760 518 498 319 155 41 
 279 205 238 316 543 711 703 
 862 533 34 798 55 94 789 
 660 821 661 30 749 301 216 
 764 364 576 871 216 603 986 
 543 563 120 548 971 958 582 
 44 981 563 424 682 632 231 
 326 386 749 492 629 47 7 
 272 280 174 191 359 49 246 
 30 585 373 80 22 379 283 
 355 919 238 979 132 555 802 
 206 72 817 145 241 241 218 
 875 705 537 492 933 5 162 
 50 392 566 218 96 267 488 
 367 103 624 93 910 972 758 
 782 667 513 140 104 824 385 
 937 104 574 100 387 287 164 
 974 662 804 658 856 248 76 
 860 524 902 186 183 352 33 
 742 582 458 262 167 345 733 
 472 384 650 415 726 835 175 
 699 820 825 
 326 325 299 149 125 841 31 
 715 228 322 164 836 9 507 
 224 862 729 95 990 438 167 
 498 272 749 486 844 665 483 
 910 416 382 205 577 504 483 
 640 99 638 885 59 603 515 
 451 862 859 936 458 365 633 
 782 445 186 667 557 193 718 
 189 551 170 918 946 354 392 
 525 924 951 583 701 420 279 
 441 732 184 678 891 352 823 
 710 650 835 29 804 396 437 
 759 761 774 949 302 40 153 
 373 524 554 51 391 831 963 
 999 883 768 730 604 262 395 
 172 950 450 292 533 286 600 
 573 395 338 502 658 659 125 
 144 361 64 557 672 490 919 
 207 621 683 548 858 564 128 
 362 997 921 580 140 282 428 
 498 46 807 732 914 411 337 
 589 116 205 543 912 54 158 
 287 998 462 522 587 773 550 
 568 321 247 555 476 358 261 
 771 47 344 614 513 57 229 
 279 83 955 879 729 726 287 
 204 910 758 411 815 897 895 
 906 32 616 266 138 812 491 
 712 243 764 738 993 604 551 
 232 178 773 751 729 871 147 
 20 84 686 656 395 232 71 
 695 572 736 317 479 30 663 
 278 687 482 290 266 68 714 
 87 420 843 888 97 939 570 
 150 81 224 196 313 868 734 
 536 821 951 51 200 23 779 
 96 50 484 864 794 897 285 
 386 22 457 350 486 686 813 
 299 387 318 224 618 313 542 
 325 574 195 141 16 530 115 
 673 832 359 113 905 131 875 
 452 174 304 130 725 557 850 
 161 854 110 113 991 101 906 
 216 995 839 911 543 347 767 
 323 655 217 516 601 119 342 
 420 950 401 331 99 467 387 
 964 769 288 622 283 86 237 
 128 974 366 64 122 232 357 
 877 409 976 113 464 877 459 
 154 956 836 922 739 585 404 
 627 453 479 18 993 647 702 
 549 267 288 761 793 446 904 
 294 525 393 1 438 732 764 
 657 589 276 480 5 312 543 
 84 469 161 157 189 906 636 
 782 690 775 359 40 475 842 
 372 61 407 257 870 337 960 
 653 284 943 583 648 24 377 
 383 789 167 353 843 371 638 
 539 782 57 353 814 487 1 
 355 206 984 37 909 435 890 
 635 670 175 523 399 22 418 
 731 924 939 110 385 202 8 
 930 944 30 281 134 825 20 
 734 339 151 925 163 328 685 
 441 204 972 351 532 112 823 
 859 72 485 390 606 686 573 
 570 350 147 475 184 395 388 
 192 927 380 578 340 60 875 
 115 557 85 648 63 473 743 
 350 109 452 695 783 712 191 
 107 801 30 
 470 790 21 274 664 118 467 
 750 781 534 856 795 882 769 
 419 123 851 789 290 189 692 
 372 870 46 16 681 833 103 
 350 599 939 572 247 665 792 
 438 128 977 698 780 527 810 
 613 174 63 739 270 933 196 
 225 210 12 990 268 232 455 
 437 765 119 774 393 453 373 
 591 590 564 396 470 337 563 
 117 734 982 171 50 733 509 
 98 949 121 352 809 585 772 
 718 390 180 504 956 634 169 
 923 136 266 23 193 29 950 
 988 716 989 996 487 692 770 
 810 288 390 299 453 704 319 
 80 356 7 381 380 715 561 
 489 812 144 624 30 155 192 
 1 609 627 528 598 958 467 
 875 902 630 356 246 790 650 
 970 500 814 55 514 386 948 
 495 240 2 881 530 389 552 
 540 17 947 703 986 127 56 
 865 139 725 844 656 651 116 
 203 703 134 154 976 184 56 
 448 96 820 759 513 178 100 
 745 107 607 514 549 547 694 
 750 619 930 525 697 635 754 
 878 276 54 542 455 574 310 
 52 231 768 470 212 337 209 
 673 45 603 104 188 60 459 
 389 466 260 270 605 804 796 
 848 929 525 291 555 990 926 
 428 720 115 422 473 334 533 
 359 417 285 41 801 674 305 
 894 808 821 240 169 453 771 
 538 93 244 555 843 169 362 
 257 777 839 116 654 750 821 
 992 521 109 78 989 729 132 
 510 137 959 302 439 934 949 
 622 246 851 442 746 821 836 
 473 237 351 577 620 138 646 
 432 155 65 52 882 276 532 
 251 957 938 303 901 551 974 
 529 418 157 830 277 485 351 
 304 367 414 44 332 758 422 
 20 252 454 788 17 997 562 
 105 605 563 572 453 826 125 
 365 208 99 694 915 368 334 
 439 253 382 519 668 327 47 
 59 349 510 187 113 73 227 
 424 672 138 136 907 552 875 
 115 171 650 803 189 590 647 
 910 306 72 817 647 134 296 
 804 56 244 681 338 261 598 
 856 233 907 651 730 301 60 
 595 323 764 759 971 606 286 
 306 417 72 473 551 704 635 
 990 616 345 595 837 962 421 
 595 601 234 268 341 563 90 
 836 435 767 137 211 920 393 
 430 707 45 318 27 65 917 
 506 594 867 944 196 168 845 
 744 59 627 618 317 527 957 
 538 185 472 702 888 354 199 
 107 936 595 239 848 508 561 
 593 254 219 254 17 453 245 
 904 348 184 738 143 862 963 
 515 928 901 782 31 636 440 
 30 830 16 453 296 187 715 
 213 717 84 241 456 635 505 
 378 463 289 
 438 970 318 440 360 358 214 
 699 17 59 163 885 907 39 
 594 572 143 268 721 625 523 
 816 644 948 765 726 51 642 
 386 522 644 470 268 382 9 
 769 423 127 498 697 714 127 
 89 802 167 977 711 335 993 
 279 618 374 808 67 203 663 
 637 207 481 107 398 549 239 
 108 17 933 822 129 944 818 
 979 334 120 331 414 661 113 
 667 375 534 238 696 329 647 
 442 571 747 260 710 660 115 
 222 149 259 114 523 883 198 
 189 73 9 502 32 498 506 
 888 139 717 659 956 890 363 
 189 23 997 212 969 601 940 
 813 680 78 121 538 783 621 
 171 547 524 306 269 513 780 
 651 451 517 761 101 63 284 
 252 397 903 988 614 477 568 
 125 166 60 166 904 929 772 
 626 665 821 2 802 684 52 
 632 487 185 488 138 138 926 
 763 291 180 569 412 709 943 
 322 433 130 711 338 183 325 
 616 327 66 839 791 106 549 
 707 208 718 265 873 531 489 
 438 3 109 543 82 793 280 
 371 500 12 417 718 326 69 
 133 627 246 867 899 616 620 
 622 272 956 633 903 5 105 
 652 276 353 344 468 989 566 
 855 741 31 651 548 178 827 
 383 38 358 166 264 896 114 
 862 39 748 342 322 220 905 
 505 231 689 348 390 337 400 
 104 564 704 819 862 684 910 
 615 386 416 841 543 355 584 
 77 569 336 156 655 99 979 
 136 386 357 999 435 730 867 
 625 646 873 384 640 941 924 
 524 771 543 189 450 695 789 
 447 177 485 212 12 8 341 
 506 222 633 237 898 46 592 
 880 768 304 564 854 204 252 
 515 255 959 130 523 304 942 
 109 236 713 945 668 751 452 
 210 960 572 822 446 10 766 
 730 445 87 872 314 689 866 
 148 165 376 320 31 543 746 
 666 766 83 426 461 783 201 
 300 161 839 256 162 699 982 
 586 23 795 509 106 512 845 
 635 126 917 888 402 196 859 
 552 669 990 806 579 86 550 
 457 358 929 816 879 821 665 
 641 645 557 454 35 357 361 
 516 989 594 903 354 36 244 
 80 991 29 571 361 429 910 
 644 317 962 815 493 695 10 
 572 544 641 567 559 922 644 
 4 391 640 590 324 747 341 
 701 997 357 70 557 691 254 
 890 789 270 205 139 729 987 
 199 142 848 628 78 929 547 
 527 938 713 91 143 7 440 
 295 348 956 89 391 27 455 
 332 60 925 904 111 124 489 
 444 475 831 633 303 234 50 
 877 534 41 406 410 217 890 
 112 112 596 
 790 230 653 703 396 215 941 
 131 36 271 231 755 219 669 
 574 948 140 341 556 933 290 
 316 118 732 656 480 191 278 
 853 171 950 460 400 11 415 
 518 512 962 963 705 264 38 
 326 328 188 584 580 235 462 
 845 219 106 287 143 206 592 
 927 433 31 976 850 516 658 
 496 984 956 690 904 835 906 
 348 160 703 608 509 349 148 
 510 756 882 610 95 271 582 
 352 650 798 394 4 98 666 
 910 890 716 804 192 326 556 
 949 876 295 407 849 538 41 
 165 490 523 681 638 918 289 
 751 546 239 329 373 670 510 
 705 417 242 248 890 900 123 
 148 932 584 929 9 891 436 
 839 482 774 111 294 94 762 
 61 713 73 752 197 518 997 
 827 390 122 990 527 765 265 
 40 234 264 872 17 156 687 
 131 334 150 792 901 758 860 
 743 978 560 257 783 262 566 
 159 564 804 599 996 132 943 
 149 147 184 504 723 703 822 
 115 700 664 636 618 35 827 
 820 534 222 683 915 138 706 
 874 32 366 701 758 236 292 
 445 267 549 619 860 516 882 
 231 320 802 567 325 516 152 
 270 551 337 307 201 237 914 
 189 602 861 530 220 142 352 
 277 853 741 341 585 746 283 
 425 563 108 676 813 505 241 
 481 989 51 604 269 954 112 
 255 302 823 601 216 388 636 
 144 415 443 636 895 411 376 
 943 713 816 661 415 193 593 
 685 90 364 477 470 684 383 
 131 313 18 343 469 643 358 
 621 662 697 350 310 250 950 
 651 883 458 276 258 870 836 
 699 429 647 397 565 303 793 
 710 661 929 88 207 995 407 
 663 566 737 690 499 85 954 
 827 898 263 367 613 833 377 
 417 615 511 840 638 628 157 
 606 348 859 642 812 566 637 
 776 894 137 114 816 602 550 
 522 334 567 493 828 428 732 
 318 520 832 679 543 278 741 
 138 636 419 378 901 834 567 
 869 703 458 199 549 618 709 
 602 497 841 436 270 180 850 
 652 977 302 915 188 695 769 
 702 775 374 472 252 311 530 
 535 555 431 402 314 207 527 
 559 775 161 678 504 443 59 
 505 671 126 271 606 833 30 
 506 975 471 723 140 535 503 
 335 676 966 474 348 198 852 
 508 163 428 423 214 320 365 
 924 83 806 240 792 12 524 
 990 604 124 540 482 209 738 
 112 282 17 130 539 884 593 
 779 264 55 880 430 318 678 
 945 907 542 964 792 772 922 
 575 246 598 453 295 732 978 
 874 260 33 632 774 777 324 
 654 708 322 
 408 524 533 710 371 416 492 
 244 653 239 370 287 536 706 
 934 538 812 284 794 834 616 
 229 950 462 351 144 885 631 
 560 644 810 183 548 109 128 
 339 253 344 44 392 259 521 
 155 255 414 117 171 504 587 
 710 387 311 487 338 105 761 
 452 746 583 213 670 835 764 
 99 836 183 60 478 759 265 
 751 592 932 922 586 146 57 
 478 304 896 890 837 871 558 
 345 403 18 733 382 231 266 
 947 436 364 531 982 88 177 
 295 23 495 624 733 598 526 
 625 543 601 633 356 423 580 
 497 337 615 303 566 760 250 
 234 343 175 598 153 180 766 
 23 648 504 612 138 693 303 
 808 526 64 123 831 474 84 
 151 24 726 626 336 505 19 
 794 62 839 777 792 990 936 
 741 743 61 49 31 961 276 
 255 84 338 398 366 9 464 
 722 291 18 187 153 921 829 
 388 559 117 978 174 586 547 
 455 215 435 660 653 453 79 
 318 692 225 284 426 895 629 
 836 20 711 636 244 77 384 
 94 793 120 158 888 7 270 
 653 949 424 881 483 983 711 
 811 255 915 770 613 790 720 
 561 462 361 133 441 354 575 
 5 135 510 508 349 294 628 
 623 663 742 611 932 445 242 
 84 478 623 72 868 498 585 
 743 676 756 701 898 787 538 
 476 878 654 123 900 693 229 
 821 319 648 389 408 457 214 
 269 502 120 239 489 936 337 
 696 328 63 279 444 118 903 
 170 471 72 212 408 650 147 
 57 391 972 123 556 502 759 
 444 187 526 862 227 781 20 
 152 138 232 300 982 5 198 
 404 395 480 655 102 216 309 
 197 43 797 687 193 295 950 
 399 673 985 996 73 670 31 
 583 949 214 19 627 471 855 
 199 250 502 575 962 419 708 
 83 912 453 739 805 547 967 
 530 228 636 59 585 627 215 
 869 419 522 178 655 756 980 
 883 778 863 709 396 276 201 
 969 848 412 682 908 298 495 
 921 846 985 112 636 971 414 
 417 154 675 234 196 330 518 
 383 888 447 53 973 628 322 
 577 65 524 38 581 13 343 
 681 962 394 573 431 158 246 
 720 598 411 373 834 738 265 
 672 96 750 779 504 705 143 
 370 474 969 25 588 752 683 
 733 410 306 250 385 956 313 
 607 702 77 344 424 944 119 
 233 340 144 180 59 529 633 
 377 676 522 980 899 696 665 
 851 54 47 824 24 954 96 
 247 179 484 912 973 342 205 
 888 855 601 845 921 889 36 
 165 209 528 24 959 475 211 
 412 871 776 
 189 545 630 519 779 196 970 
 717 285 78 783 21 271 350 
 636 78 253 665 453 343 120 
 631 460 603 891 141 823 453 
 796 913 15 746 11 786 621 
 408 300 91 485 490 852 267 
 744 449 254 206 731 706 162 
 401 921 146 130 856 873 9 
 332 904 911 673 758 507 91 
 694 517 422 211 2 828 101 
 17 936 509 97 597 444 128 
 711 113 460 199 472 639 953 
 237 32 635 92 562 863 47 
 641 568 233 50 604 90 702 
 232 30 489 96 583 93 422 
 89 991 302 559 680 904 316 
 586 247 112 830 915 654 315 
 874 365 741 168 603 82 451 
 949 747 186 42 627 658 405 
 807 231 434 529 930 918 223 
 898 714 253 913 549 189 491 
 887 859 610 440 436 133 656 
 626 17 380 538 268 829 638 
 793 221 870 79 207 273 951 
 373 940 785 919 953 500 43 
 949 687 235 42 142 685 269 
 571 754 563 200 349 849 230 
 421 286 841 812 707 253 788 
 239 827 980 68 570 144 649 
 846 221 206 416 247 136 720 
 675 121 465 783 996 628 422 
 293 984 509 625 813 548 134 
 614 169 541 811 69 744 960 
 728 272 734 142 900 885 321 
 781 222 408 612 182 329 495 
 158 803 217 781 96 220 147 
 939 209 558 958 323 34 850 
 315 442 288 479 541 240 764 
 79 953 816 117 578 652 248 
 120 4 247 224 349 575 43 
 555 401 697 660 78 658 387 
 615 755 790 295 116 917 875 
 903 938 536 997 389 156 880 
 416 438 135 311 12 157 561 
 555 161 857 449 957 167 398 
 616 561 991 837 771 334 326 
 98 541 742 936 561 711 530 
 358 880 567 325 293 330 633 
 253 62 377 472 848 188 761 
 674 276 986 956 863 133 825 
 201 216 253 234 668 896 389 
 919 276 243 197 409 239 288 
 389 673 182 768 338 913 207 
 620 919 270 126 16 409 691 
 883 225 528 558 810 800 310 
 969 989 923 250 129 442 48 
 818 646 571 329 233 431 417 
 918 134 370 376 389 504 334 
 57 898 251 441 571 198 332 
 145 486 497 379 691 996 880 
 405 581 872 692 207 732 556 
 976 474 828 28 121 49 179 
 956 139 796 556 690 103 842 
 869 59 558 424 88 550 412 
 867 961 434 997 159 380 953 
 641 558 499 58 727 647 610 
 199 10 28 716 667 206 674 
 433 120 472 990 6 500 289 
 68 139 122 705 23 274 231 
 947 503 645 795 949 597 412 
 52 52 48 305 681 809 622 
 292 108 901 
 242 245 477 278 343 285 693 
 119 984 371 281 896 933 223 
 195 683 349 48 311 729 126 
 638 163 400 590 760 652 102 
 687 387 295 514 524 286 918 
 543 390 73 551 215 348 871 
 140 633 991 407 477 595 833 
 814 373 526 785 210 590 963 
 407 607 157 833 383 650 822 
 308 232 175 798 724 386 370 
 402 259 25 815 307 388 891 
 291 414 820 547 647 116 402 
 748 399 254 373 629 495 135 
 2 479 592 695 522 534 541 
 571 333 195 881 918 138 334 
 860 653 761 171 970 685 702 
 468 873 477 86 568 806 883 
 774 767 623 624 273 277 198 
 35 142 55 570 350 10 521 
 941 186 947 283 750 83 408 
 439 780 619 329 331 303 584 
 362 798 502 389 518 789 976 
 625 134 155 851 145 590 106 
 230 582 987 68 823 407 64 
 800 708 461 649 605 154 424 
 997 792 294 900 910 365 727 
 27 701 655 857 401 896 96 
 336 907 36 687 272 677 856 
 453 198 429 303 573 46 682 
 859 423 459 188 746 963 761 
 314 466 501 586 470 859 941 
 50 482 769 852 604 614 390 
 486 232 305 265 522 907 979 
 689 907 629 907 776 947 768 
 646 360 108 629 282 662 743 
 887 502 808 752 196 890 552 
 783 543 909 541 416 735 706 
 526 269 725 898 526 96 800 
 560 495 307 16 415 294 20 
 380 988 954 233 836 554 268 
 575 182 913 868 322 674 614 
 50 75 116 777 775 685 524 
 442 559 894 991 793 703 238 
 308 222 518 337 46 415 389 
 117 580 403 774 122 681 873 
 471 668 684 898 523 217 568 
 750 740 906 185 210 506 972 
 651 789 449 709 683 677 743 
 229 674 740 145 450 124 777 
 768 793 685 816 703 165 966 
 345 777 353 762 585 276 837 
 916 219 832 691 780 229 142 
 366 349 570 120 15 632 938 
 989 520 950 211 201 444 432 
 286 269 925 7 882 300 147 
 227 505 65 221 164 365 209 
 633 161 56 12 91 379 501 
 779 704 769 482 280 527 170 
 426 232 852 252 629 466 900 
 536 854 628 720 202 1000 145 
 873 473 423 285 304 362 479 
 420 371 85 792 126 294 788 
 644 740 903 63 254 766 784 
 721 683 180 114 376 949 737 
 646 551 283 918 915 91 514 
 220 431 736 202 319 766 873 
 801 242 171 410 352 447 689 
 309 175 916 624 966 249 196 
 664 55 806 347 191 851 373 
 374 539 436 942 614 662 954 
 193 19 908 858 73 184 478 
 602 173 306 
 532 61 780 536 284 668 694 
 586 181 270 107 385 306 765 
 12 635 543 553 891 42 333 
 169 683 889 733 549 799 518 
 975 956 564 350 80 798 542 
 459 596 521 883 318 673 349 
 249 525 631 974 209 875 497 
 196 888 826 236 156 633 729 
 18 628 284 21 718 9 549 
 969 589 473 116 493 545 312 
 640 952 684 555 979 878 798 
 709 235 399 575 749 110 29 
 156 404 803 627 842 943 944 
 445 611 921 415 612 387 205 
 968 887 873 767 124 640 599 
 88 383 603 824 987 859 871 
 491 762 916 618 724 720 680 
 31 357 741 610 286 551 563 
 947 391 875 747 743 935 478 
 774 457 894 568 245 270 998 
 947 375 649 779 332 726 476 
 379 868 464 17 516 787 438 
 460 712 657 663 657 706 755 
 18 204 838 711 397 484 818 
 889 561 255 173 865 921 365 
 739 187 527 372 766 132 13 
 830 252 196 387 620 171 665 
 198 624 85 573 642 757 308 
 381 325 392 643 393 436 603 
 914 961 66 566 959 518 453 
 68 981 52 526 398 230 185 
 571 26 855 839 463 121 952 
 408 108 923 32 214 726 555 
 427 216 207 762 211 308 426 
 309 239 95 728 678 198 853 
 252 498 338 193 911 799 92 
 827 234 988 251 949 72 638 
 444 932 855 150 585 334 378 
 756 105 664 8 913 507 221 
 977 424 802 446 150 170 519 
 732 494 403 794 270 912 24 
 590 954 660 181 647 405 216 
 313 124 564 84 488 308 247 
 532 964 515 576 992 410 689 
 662 37 950 383 386 41 718 
 544 726 609 831 401 721 99 
 481 25 963 866 747 182 489 
 165 47 277 727 807 772 606 
 144 500 390 195 96 976 637 
 56 43 207 967 368 445 756 
 966 707 385 546 114 169 622 
 180 885 717 300 862 97 674 
 466 656 681 790 446 93 762 
 169 721 351 296 563 432 816 
 327 105 130 105 24 430 386 
 99 1000 649 620 783 887 50 
 496 814 717 908 744 919 533 
 594 608 836 503 897 506 563 
 486 825 583 861 14 498 174 
 657 395 544 540 486 10 239 
 119 82 712 630 178 598 636 
 131 831 293 966 209 296 656 
 540 180 804 332 800 512 370 
 734 963 805 959 195 128 387 
 663 138 56 997 733 574 585 
 191 451 189 158 935 153 954 
 45 885 549 418 146 489 726 
 856 558 729 200 994 687 488 
 487 824 143 421 180 351 772 
 881 768 2 690 134 564 731 
 538 655 356 629 937 764 943 
 921 705 114 
 536 426 112 636 321 369 346 
 756 748 663 783 168 818 358 
 132 132 215 662 10 451 300 
 769 841 373 778 366 235 47 
 591 598 784 478 722 111 309 
 289 590 755 979 25 424 152 
 193 810 145 326 225 966 291 
 635 27 958 979 783 851 840 
 442 694 331 831 979 48 65 
 285 461 769 262 800 862 682 
 276 688 419 212 12 588 33 
 824 554 272 130 553 482 831 
 65 419 392 856 61 228 648 
 34 901 807 337 214 615 272 
 811 641 368 379 802 647 19 
 387 146 334 426 51 737 752 
 326 62 82 606 790 960 239 
 892 569 368 804 937 452 44 
 43 619 970 811 595 180 878 
 248 8 247 506 164 225 777 
 109 912 36 247 926 365 633 
 411 227 387 281 934 824 300 
 212 412 568 94 269 898 69 
 130 751 73 1000 553 684 576 
 846 887 449 699 401 478 363 
 877 130 979 600 502 751 319 
 285 404 137 221 555 923 489 
 998 984 893 840 454 911 872 
 412 28 343 162 929 917 212 
 13 462 685 208 970 362 906 
 783 726 578 537 132 240 276 
 885 7 598 296 427 500 418 
 203 95 970 952 331 44 768 
 581 635 165 936 990 524 710 
 8 598 39 466 173 989 228 
 763 886 584 161 363 9 85 
 372 222 312 267 231 147 321 
 587 350 366 233 312 226 559 
 846 728 891 57 782 808 423 
 762 331 90 61 349 187 557 
 704 976 961 928 173 622 261 
 974 219 724 388 568 828 469 
 816 349 727 349 589 682 171 
 468 961 322 540 218 776 188 
 742 349 858 23 506 595 366 
 263 227 803 603 284 151 258 
 859 886 733 222 781 659 315 
 28 918 436 813 554 88 907 
 869 739 830 269 238 222 68 
 287 86 645 385 817 134 342 
 937 685 699 196 381 55 338 
 131 738 953 621 414 241 398 
 336 624 123 538 42 316 539 
 443 892 286 865 931 188 333 
 514 216 566 519 48 641 759 
 771 635 249 985 172 173 617 
 733 874 70 567 796 856 372 
 633 916 958 215 879 51 101 
 480 212 476 884 208 370 268 
 709 296 288 611 534 100 933 
 324 416 526 314 659 25 876 
 73 857 130 553 886 265 456 
 668 642 432 91 722 898 838 
 841 956 89 55 992 457 578 
 64 53 681 236 610 175 279 
 915 632 34 860 634 488 725 
 731 667 323 691 504 386 60 
 385 815 965 315 764 742 3 
 279 616 186 135 541 681 386 
 340 635 858 94 501 570 390 
 789 332 727 89 385 622 313 
 486 292 360 
 496 975 862 132 706 534 813 
 106 668 231 788 559 226 321 
 647 326 31 808 515 665 315 
 828 929 69 456 839 876 840 
 75 57 631 172 443 788 312 
 97 195 511 914 516 254 418 
 142 194 687 662 695 562 502 
 74 200 437 698 637 502 878 
 322 222 676 386 441 101 618 
 254 837 456 565 995 958 677 
 821 178 838 627 81 591 21 
 943 259 312 289 567 219 594 
 704 424 532 616 349 727 905 
 834 700 97 381 702 526 708 
 829 474 555 730 38 629 363 
 778 781 816 170 420 99 968 
 239 367 757 424 539 45 309 
 801 866 401 562 433 523 846 
 7 900 590 743 263 925 306 
 686 100 531 309 189 298 372 
 840 134 934 442 504 491 877 
 119 565 909 847 474 735 301 
 296 479 109 931 922 360 486 
 626 604 414 452 112 808 141 
 228 47 103 738 654 213 285 
 78 76 355 292 151 668 207 
 194 339 966 346 98 172 45 
 721 971 186 741 356 3 515 
 688 825 921 307 744 774 13 
 908 460 32 168 275 251 310 
 58 200 586 452 896 924 798 
 624 146 224 136 831 805 609 
 651 638 493 782 862 496 768 
 5 786 890 492 80 258 751 
 862 795 630 340 415 922 582 
 635 991 581 847 392 190 323 
 879 502 566 687 656 503 218 
 741 814 277 637 267 120 155 
 883 895 41 851 608 757 420 
 366 946 717 305 605 319 94 
 801 74 934 901 459 453 431 
 835 196 991 738 129 305 641 
 848 21 356 658 947 42 184 
 59 982 640 597 707 420 425 
 625 457 682 766 885 28 892 
 61 515 188 304 60 88 239 
 724 426 85 307 984 18 869 
 959 20 111 591 191 520 750 
 281 851 413 165 104 71 910 
 31 929 713 990 189 375 532 
 120 500 451 319 729 88 524 
 852 126 372 644 17 853 975 
 782 313 21 749 592 223 452 
 963 525 648 100 216 303 590 
 572 108 823 324 544 113 940 
 469 185 548 749 331 850 554 
 735 192 79 482 501 806 782 
 663 259 879 642 657 824 171 
 75 168 982 453 328 921 563 
 957 272 988 821 99 171 444 
 576 352 531 395 736 781 978 
 152 485 72 130 642 312 42 
 271 225 393 105 693 401 478 
 798 56 638 292 374 495 38 
 430 17 880 929 974 844 738 
 785 846 247 405 785 84 294 
 890 127 857 872 970 689 81 
 305 72 250 144 56 741 545 
 89 768 438 533 405 198 688 
 594 133 751 607 506 337 919 
 169 389 644 977 918 454 605 
 930 20 515 
 122960 126506 124348 133107 128834 126886 123310 
 124115 126650 122298 122899 124856 127453 117067 
 122615 121338 124242 121819 125103 124486 121650 
 121953 121487 128912 121189 121690 127598 129700 
 121833 124194