 500 30 0 
 818 962 1006 605 859 973 938 
 690 764 635 766 770 855 604 
 614 879 888 854 787 800 907 
 901 955 685 513 753 825 633 
 846 597 611 918 635 611 647 
 560 676 875 649 735 964 708 
 682 693 909 490 824 568 626 
 931 804 892 792 809 887 999 
 919 475 669 570 857 693 875 
 629 724 657 669 584 697 781 
 466 883 457 534 931 1005 914 
 515 740 797 695 816 684 743 
 722 614 781 665 649 567 1084 
 833 584 812 850 809 663 702 
 788 841 754 754 723 900 748 
 599 786 943 661 797 683 843 
 743 612 583 874 693 522 676 
 910 649 905 704 513 898 770 
 703 654 810 936 786 941 652 
 854 594 742 824 757 745 818 
 721 478 711 832 533 761 724 
 624 778 722 723 1042 963 894 
 741 573 707 874 1034 690 533 
 777 827 696 742 512 539 536 
 969 903 666 860 852 845 923 
 636 625 690 578 846 871 622 
 839 866 570 673 984 1009 693 
 829 826 851 951 762 649 688 
 1003 661 966 691 863 827 751 
 509 701 586 622 846 746 894 
 913 722 555 540 579 575 783 
 876 737 616 887 966 599 883 
 778 844 836 544 716 958 736 
 740 829 830 873 811 806 790 
 823 897 626 706 501 378 834 
 593 959 782 774 952 915 881 
 818 853 835 727 1018 667 644 
 717 548 508 750 1012 834 463 
 869 944 843 756 487 544 694 
 646 851 510 594 600 818 546 
 962 900 712 826 1005 875 523 
 561 859 713 545 775 823 913 
 972 670 601 743 606 533 525 
 868 916 928 862 706 943 830 
 833 642 833 749 556 873 811 
 474 745 853 546 545 476 617 
 566 867 983 858 519 699 673 
 764 568 644 655 456 500 1030 
 675 579 926 796 707 779 992 
 615 542 532 954 1000 580 943 
 721 651 849 618 869 980 741 
 720 685 832 656 779 737 544 
 811 783 893 563 817 943 649 
 709 696 634 783 904 826 513 
 722 740 823 950 393 500 823 
 802 954 722 699 974 698 1004 
 645 919 909 915 752 754 948 
 850 875 600 933 684 831 675 
 685 553 671 593 543 948 614 
 673 868 888 672 879 854 742 
 616 589 610 1078 826 881 828 
 938 514 863 789 824 912 633 
 767 542 566 832 801 895 919 
 957 530 604 594 754 703 942 
 904 545 678 925 691 590 618 
 880 744 581 822 935 487 835 
 1101 720 892 990 624 820 881 
 677 935 909 702 542 762 408 
 668 743 724 672 527 922 566 
 866 650 567 941 920 562 709 
 864 764 915 560 766 1080 727 
 725 946 978 
 649 609 428 927 574 223 254 
 469 662 81 304 29 976 566 
 83 852 332 427 297 553 183 
 396 596 85 980 184 478 946 
 855 748 788 45 817 283 137 
 747 121 58 532 365 849 6 
 442 339 316 17 609 578 160 
 649 985 125 784 712 938 644 
 927 689 949 623 123 902 581 
 297 967 548 234 685 799 660 
 8 145 337 344 956 469 728 
 145 362 666 527 155 855 858 
 472 981 314 275 258 186 905 
 547 324 450 437 435 21 5 
 220 571 614 596 18 833 446 
 279 783 129 604 310 559 387 
 657 361 620 456 830 702 4 
 146 215 829 106 222 809 989 
 277 99 273 653 250 983 496 
 450 90 509 800 700 507 313 
 256 119 752 679 847 617 336 
 599 129 80 551 553 573 242 
 191 128 387 905 980 216 789 
 661 586 703 828 591 247 149 
 328 198 592 451 988 268 684 
 301 695 374 11 711 868 646 
 532 616 412 912 217 417 784 
 438 691 612 704 364 909 29 
 451 475 82 553 332 694 381 
 720 721 702 132 373 179 853 
 460 424 460 477 483 583 420 
 263 584 753 954 771 818 702 
 531 730 243 695 587 268 147 
 649 350 347 635 273 901 684 
 136 606 274 841 452 345 778 
 439 972 526 358 888 107 543 
 535 712 33 261 780 200 259 
 182 758 765 25 653 61 181 
 690 236 898 263 768 74 564 
 359 563 60 615 644 598 877 
 520 778 179 637 857 550 735 
 659 573 77 278 946 330 235 
 29 980 682 157 529 482 463 
 502 291 439 706 529 320 128 
 754 59 690 195 44 862 144 
 394 936 660 893 854 101 370 
 732 651 201 736 271 568 267 
 402 321 555 413 785 538 726 
 658 711 596 620 899 132 71 
 866 137 699 689 845 10 131 
 667 935 860 718 932 705 883 
 412 822 248 178 213 810 279 
 874 513 68 552 222 592 911 
 282 442 864 366 632 311 321 
 383 72 473 442 16 47 418 
 930 607 260 646 422 555 907 
 846 518 388 686 40 869 706 
 659 501 100 896 600 464 342 
 927 831 687 89 210 593 707 
 786 397 764 184 981 829 908 
 683 942 838 867 775 947 94 
 784 486 126 540 848 671 796 
 832 575 268 903 370 157 687 
 603 498 369 18 674 530 415 
 868 784 85 985 875 469 766 
 198 541 766 313 557 708 267 
 922 583 980 639 647 648 845 
 130 574 668 505 325 222 177 
 397 402 95 760 256 881 976 
 571 557 515 4 405 792 943 
 612 965 962 133 931 616 516 
 526 380 465 
 877 999 916 10 244 194 239 
 159 61 283 875 615 203 755 
 214 417 753 910 408 49 17 
 541 672 943 424 811 448 827 
 904 520 720 723 732 431 36 
 424 240 471 820 44 144 484 
 311 924 637 284 694 325 944 
 737 634 816 470 864 285 173 
 191 710 313 456 607 85 467 
 254 232 666 69 278 974 431 
 814 464 472 118 178 455 791 
 516 657 766 296 393 833 219 
 17 849 891 541 582 253 397 
 103 161 86 301 706 891 262 
 952 765 692 439 485 795 92 
 920 213 104 735 668 759 723 
 435 64 654 898 362 64 577 
 913 605 416 605 424 406 91 
 317 631 675 798 581 435 484 
 801 977 389 740 107 416 359 
 383 355 232 622 136 950 544 
 85 207 315 544 127 956 960 
 569 971 22 531 724 93 242 
 864 115 201 277 757 545 342 
 72 982 819 299 646 897 259 
 629 703 338 144 604 169 972 
 640 769 787 660 416 887 762 
 78 609 132 935 604 747 567 
 535 410 630 726 737 98 949 
 366 348 479 601 425 288 996 
 662 639 97 179 824 861 707 
 381 307 678 681 965 941 764 
 323 250 165 396 562 568 16 
 53 765 558 831 359 314 221 
 202 363 571 781 266 734 214 
 407 473 708 475 234 666 135 
 139 431 336 213 124 747 320 
 146 967 208 598 579 950 18 
 753 901 206 178 581 305 617 
 796 923 25 816 601 307 55 
 842 884 413 249 640 580 290 
 446 52 127 661 400 197 705 
 689 71 467 151 34 514 762 
 270 675 556 249 234 98 7 
 967 568 461 620 483 314 963 
 302 152 686 178 409 970 205 
 132 30 3 836 249 739 252 
 716 955 772 557 122 67 700 
 907 766 983 2 876 820 416 
 100 523 220 997 700 555 954 
 489 21 966 581 709 107 979 
 544 581 765 858 186 828 380 
 471 757 455 225 791 921 801 
 456 517 270 836 935 779 691 
 226 908 498 994 127 409 816 
 104 631 457 21 477 638 79 
 131 120 996 403 688 368 645 
 435 21 938 809 411 940 229 
 496 309 524 991 91 55 468 
 581 107 214 985 245 635 798 
 95 380 20 815 1 631 532 
 727 465 314 629 538 406 913 
 455 33 32 946 517 310 717 
 775 296 91 25 124 94 285 
 391 957 184 980 11 237 439 
 855 459 78 772 833 432 355 
 745 254 209 959 522 548 753 
 68 203 73 238 179 809 561 
 33 502 864 676 644 975 312 
 905 343 894 486 285 577 909 
 547 865 223 420 439 511 149 
 203 988 306 
 136 179 970 944 727 891 861 
 369 197 460 841 956 39 355 
 241 838 813 370 402 706 723 
 285 722 255 309 373 880 980 
 637 862 394 20 979 496 881 
 706 441 385 181 779 291 445 
 328 134 96 938 763 940 141 
 846 74 390 882 757 425 563 
 770 708 275 543 998 631 711 
 459 228 403 345 191 162 682 
 761 879 629 538 509 728 256 
 580 400 889 421 445 736 889 
 796 822 744 709 455 92 249 
 591 785 295 9 821 362 987 
 953 366 292 592 856 653 130 
 986 218 699 413 456 166 566 
 287 916 265 196 595 831 334 
 437 818 890 74 419 239 653 
 553 827 933 200 643 785 222 
 707 451 909 18 741 629 287 
 385 990 109 603 441 949 424 
 44 166 385 44 851 853 105 
 902 141 55 289 638 93 566 
 931 997 366 32 169 562 46 
 590 620 103 636 979 695 775 
 64 197 400 387 148 550 403 
 57 950 159 366 996 539 81 
 108 826 827 187 3 247 310 
 258 141 236 594 212 606 344 
 938 155 330 970 69 866 756 
 675 427 705 54 982 256 640 
 547 269 374 925 262 171 829 
 334 105 971 330 357 100 714 
 136 326 388 703 56 98 975 
 999 98 673 441 688 313 121 
 592 763 720 505 616 512 919 
 348 222 457 259 310 628 159 
 40 240 777 804 687 443 517 
 413 600 910 495 197 758 304 
 48 241 678 669 292 304 349 
 568 243 399 116 564 476 805 
 404 563 364 915 337 507 217 
 810 785 147 18 353 689 921 
 2 629 947 129 336 495 905 
 677 440 772 745 415 503 480 
 958 247 833 527 610 773 42 
 993 789 214 254 763 92 558 
 10 749 114 146 695 391 760 
 747 698 794 52 393 644 600 
 402 237 866 955 341 220 348 
 199 580 764 485 23 780 641 
 272 496 402 405 85 7 181 
 521 558 307 45 134 229 57 
 222 593 297 716 641 66 508 
 906 441 67 165 428 913 897 
 526 517 62 684 670 800 329 
 255 468 111 400 438 592 1000 
 545 34 425 622 190 902 574 
 847 375 934 469 755 874 525 
 909 88 499 603 93 869 203 
 536 632 36 618 444 319 231 
 261 514 348 55 134 335 183 
 934 245 702 203 914 874 18 
 494 878 768 16 60 776 352 
 386 48 117 443 236 895 988 
 301 148 428 645 994 283 163 
 623 738 926 335 628 116 299 
 929 405 539 260 495 229 691 
 726 809 591 618 822 193 646 
 534 816 514 544 842 615 526 
 745 41 971 156 50 646 534 
 111 142 273 
 685 48 536 826 214 479 406 
 723 686 972 195 263 560 192 
 791 436 300 26 783 762 933 
 274 109 584 25 535 477 275 
 495 914 101 933 74 639 18 
 319 735 462 658 615 456 78 
 213 616 318 412 930 317 793 
 286 818 939 727 202 887 784 
 813 453 779 863 681 541 240 
 753 603 334 364 962 983 557 
 112 937 748 510 300 829 890 
 621 156 856 461 934 257 845 
 228 774 416 241 392 454 394 
 11 268 731 713 667 97 550 
 277 523 959 579 241 624 499 
 364 73 719 371 756 144 711 
 858 163 971 82 436 389 607 
 603 808 793 187 447 41 385 
 478 516 603 718 798 666 733 
 977 701 195 795 362 484 620 
 697 153 980 976 223 949 97 
 841 495 847 326 654 495 46 
 590 187 86 41 983 188 857 
 591 927 343 451 134 260 308 
 718 469 909 533 108 850 865 
 493 20 283 267 138 781 581 
 10 226 876 342 531 911 797 
 171 949 11 283 936 928 170 
 560 603 565 897 499 671 59 
 818 917 753 647 612 633 709 
 376 885 815 494 750 359 295 
 824 433 123 174 182 816 288 
 994 841 560 50 580 567 145 
 107 363 271 607 355 275 470 
 53 358 671 92 354 49 652 
 355 512 301 552 189 216 687 
 751 578 368 69 788 411 384 
 321 872 914 175 827 452 358 
 488 223 405 240 156 268 429 
 543 318 496 419 867 681 44 
 904 148 602 59 905 872 36 
 841 459 534 152 837 98 933 
 713 151 832 803 904 792 301 
 240 980 84 123 495 727 144 
 87 903 985 555 526 733 269 
 55 317 903 597 604 950 881 
 719 120 996 544 925 384 325 
 31 317 557 99 45 892 527 
 425 859 227 43 157 734 31 
 780 50 761 698 850 506 216 
 11 333 661 444 830 744 141 
 137 627 110 141 249 919 838 
 701 167 373 829 231 171 35 
 367 742 568 844 869 564 63 
 96 678 64 522 350 982 681 
 1000 101 415 877 971 517 585 
 712 914 704 850 85 751 87 
 894 589 448 326 581 259 14 
 328 720 76 792 937 433 351 
 701 797 941 320 572 571 195 
 692 3 937 577 156 105 158 
 635 834 108 42 138 540 25 
 542 814 659 80 962 971 818 
 115 722 69 872 498 721 116 
 44 272 81 973 75 827 575 
 830 50 846 498 823 68 23 
 893 953 275 487 152 248 270 
 709 947 704 711 753 918 664 
 665 897 65 385 308 461 967 
 997 120 203 73 296 891 786 
 739 175 979 607 177 939 210 
 505 127 428 
 724 245 291 741 362 441 787 
 660 76 744 422 605 720 587 
 828 875 765 826 109 671 166 
 53 858 44 367 212 309 440 
 681 768 697 794 958 200 417 
 883 835 236 858 551 56 826 
 568 73 880 345 993 807 713 
 792 84 90 747 325 399 604 
 33 287 586 775 481 747 823 
 306 746 24 398 674 346 977 
 851 962 93 556 87 131 773 
 215 358 353 508 598 205 971 
 731 604 97 160 688 984 952 
 706 624 699 497 356 402 794 
 650 99 872 520 821 645 515 
 289 746 260 374 766 779 433 
 303 443 633 168 436 138 258 
 144 276 390 231 39 280 967 
 742 392 613 528 237 884 307 
 42 553 408 955 310 658 756 
 115 45 143 559 16 392 872 
 515 104 726 911 277 117 689 
 590 488 840 607 543 222 67 
 642 638 502 469 966 559 420 
 884 309 118 587 812 189 299 
 67 177 212 306 354 894 721 
 587 941 67 538 150 43 384 
 764 148 13 597 950 910 633 
 165 805 150 511 846 838 1000 
 465 41 349 430 189 81 72 
 966 239 190 258 844 576 591 
 760 607 138 681 133 372 295 
 801 975 524 164 587 318 135 
 265 689 688 358 310 298 693 
 914 748 168 539 997 392 600 
 25 739 752 455 276 72 947 
 185 891 457 651 889 866 602 
 265 687 354 818 932 565 515 
 824 785 768 246 156 626 415 
 117 726 623 348 191 592 860 
 965 245 2 623 810 69 440 
 560 836 714 374 775 338 472 
 767 351 234 680 984 300 90 
 744 831 133 332 711 290 106 
 187 779 218 188 800 691 269 
 295 691 948 396 96 226 4 
 416 46 563 88 581 722 529 
 406 996 702 824 9 105 103 
 41 392 9 834 252 598 466 
 80 176 111 392 65 348 359 
 587 921 483 626 25 869 913 
 403 53 301 49 390 668 582 
 522 884 411 30 501 169 315 
 471 671 935 144 7 150 328 
 236 14 61 687 614 829 800 
 172 305 318 95 864 78 775 
 770 423 458 510 656 526 213 
 236 440 913 55 657 492 934 
 627 803 313 407 545 430 263 
 794 268 666 744 865 776 903 
 962 240 977 586 972 769 700 
 796 619 346 166 631 426 201 
 422 544 683 988 252 354 864 
 44 246 113 72 171 375 177 
 882 97 605 114 899 82 102 
 372 240 325 843 194 794 69 
 496 256 636 8 488 492 973 
 809 155 446 309 101 844 71 
 602 784 788 162 928 197 538 
 413 443 727 837 295 996 923 
 982 198 485 441 920 975 12 
 246 741 69 
 241 124 431 453 224 612 259 
 287 884 921 326 86 130 124 
 500 777 817 62 61 177 970 
 561 862 282 452 526 657 12 
 340 692 548 354 54 445 977 
 113 23 241 523 723 870 887 
 603 699 806 775 534 855 701 
 992 383 899 729 106 571 660 
 375 635 417 719 243 594 621 
 637 975 837 417 216 124 891 
 83 314 505 537 964 650 582 
 445 94 805 463 740 211 237 
 145 891 845 757 159 400 713 
 504 881 831 322 413 177 915 
 407 451 621 794 732 740 883 
 511 785 411 921 366 213 764 
 463 546 680 256 163 887 835 
 205 394 238 16 439 487 451 
 193 921 365 312 330 866 844 
 655 677 120 326 234 169 813 
 127 403 338 76 678 435 727 
 682 797 227 38 916 594 580 
 831 116 899 903 587 915 396 
 211 371 565 960 810 472 856 
 609 450 789 50 272 124 798 
 829 843 750 480 68 137 985 
 597 474 30 947 926 791 263 
 338 39 49 581 812 673 780 
 978 529 851 250 892 150 741 
 673 804 960 569 319 846 84 
 866 326 342 633 538 975 590 
 106 565 544 258 540 431 29 
 920 404 181 103 976 486 126 
 656 864 878 688 290 940 47 
 971 354 799 348 78 192 644 
 42 995 723 155 609 275 814 
 172 462 825 229 869 755 567 
 486 340 521 26 864 595 731 
 24 172 270 690 739 182 502 
 471 804 66 347 252 288 998 
 292 97 849 171 366 224 861 
 538 573 719 535 169 525 641 
 927 643 383 356 938 881 156 
 56 490 26 444 468 227 867 
 60 240 83 823 24 921 807 
 469 734 113 596 285 862 403 
 516 592 59 255 549 737 211 
 881 817 639 566 553 184 624 
 335 67 797 413 229 381 922 
 432 529 58 700 230 782 817 
 966 76 26 996 975 946 774 
 706 260 402 751 523 843 960 
 2 918 732 919 273 621 991 
 647 608 452 766 800 743 196 
 345 28 317 961 787 192 808 
 173 872 89 879 506 843 566 
 131 282 465 786 577 895 623 
 294 113 426 252 568 788 164 
 918 342 984 645 286 337 219 
 800 522 425 872 459 430 468 
 580 32 658 670 168 709 626 
 815 708 787 225 183 864 400 
 586 538 898 397 563 524 797 
 663 634 683 672 63 212 775 
 107 96 138 890 463 131 483 
 359 132 836 768 173 114 906 
 857 688 756 714 962 275 672 
 664 837 712 951 362 926 723 
 469 573 849 986 319 948 980 
 221 647 284 972 796 217 552 
 360 813 355 429 648 891 943 
 85 380 861 
 920 413 915 19 829 869 34 
 473 936 858 768 778 6 821 
 204 219 324 906 662 812 606 
 992 605 47 63 699 374 382 
 800 19 567 966 216 26 926 
 70 343 97 21 5 475 847 
 955 542 655 918 553 469 527 
 45 968 519 635 613 733 11 
 175 229 226 730 623 804 820 
 624 514 754 342 927 558 276 
 520 55 325 636 271 488 138 
 381 35 452 590 454 188 469 
 97 886 473 201 465 698 741 
 175 932 511 858 921 69 546 
 515 631 760 121 123 415 798 
 487 463 495 87 978 692 702 
 691 517 263 189 238 836 585 
 9 15 723 871 237 631 764 
 739 378 442 989 980 734 623 
 198 454 5 511 835 153 418 
 519 189 522 116 309 785 252 
 721 228 734 20 115 976 15 
 912 413 153 740 477 803 31 
 368 618 228 578 91 632 569 
 150 509 614 859 440 583 94 
 950 228 746 625 775 226 476 
 835 95 572 294 343 868 81 
 630 352 132 310 373 421 849 
 745 864 810 979 709 512 461 
 392 780 744 167 820 840 289 
 199 113 544 903 510 349 868 
 609 989 821 919 411 446 125 
 286 556 796 309 396 974 99 
 699 555 9 496 35 922 575 
 71 166 74 933 670 397 719 
 710 92 404 462 479 553 927 
 163 378 29 206 575 476 264 
 528 795 589 181 552 824 338 
 860 850 939 996 92 324 697 
 439 685 573 437 610 591 382 
 564 57 156 50 997 76 174 
 319 865 21 529 170 127 964 
 462 188 725 235 116 574 589 
 944 550 918 317 662 933 791 
 148 866 44 225 149 662 30 
 334 758 136 448 840 381 784 
 334 643 31 835 846 613 72 
 602 166 152 858 674 263 236 
 542 162 286 644 683 991 990 
 7 337 319 519 595 540 438 
 684 664 186 524 912 794 835 
 27 734 733 219 282 331 342 
 648 995 845 389 892 364 495 
 772 866 584 995 926 480 379 
 150 392 593 647 210 353 183 
 170 535 217 555 147 862 738 
 357 513 811 273 553 730 104 
 83 887 163 961 487 673 493 
 124 472 75 970 28 799 620 
 283 386 58 582 513 426 478 
 431 588 622 718 982 167 149 
 121 389 488 882 149 656 856 
 660 613 73 655 936 795 920 
 781 673 558 13 808 299 754 
 127 817 154 123 624 757 974 
 351 662 588 74 270 658 660 
 49 242 630 371 752 646 184 
 254 489 336 353 971 252 927 
 621 313 302 547 936 747 167 
 670 749 383 373 142 805 753 
 658 80 553 726 973 379 545 
 338 276 130 
 120 24 404 200 549 869 278 
 368 747 595 778 363 667 367 
 96 385 342 977 539 723 124 
 38 388 887 187 647 520 705 
 513 23 616 281 376 256 500 
 313 293 435 911 90 846 80 
 609 28 815 907 615 202 931 
 67 690 854 402 522 865 234 
 431 702 816 650 646 626 110 
 827 209 483 623 196 367 795 
 191 510 136 136 401 420 180 
 770 881 874 964 502 304 815 
 727 149 569 179 773 956 254 
 79 433 746 132 703 257 331 
 886 729 933 783 573 786 217 
 522 794 548 634 521 865 289 
 810 914 358 318 563 336 860 
 985 462 488 953 913 665 919 
 779 55 922 672 897 384 686 
 95 857 287 911 942 462 244 
 889 131 949 615 595 181 859 
 899 375 362 281 891 664 235 
 602 662 670 546 723 306 986 
 465 295 529 930 130 725 893 
 268 957 35 236 194 733 630 
 228 65 42 544 686 233 444 
 417 115 237 76 81 967 920 
 267 283 551 227 686 449 819 
 505 152 503 388 950 374 945 
 76 403 169 820 480 723 710 
 181 167 51 965 571 847 260 
 516 70 60 119 816 196 631 
 340 560 991 808 323 666 168 
 140 151 554 122 676 910 375 
 774 467 994 723 34 190 740 
 478 624 25 965 537 744 997 
 116 635 541 131 710 399 585 
 871 137 503 808 885 446 176 
 452 772 714 990 165 493 988 
 401 630 426 124 398 872 23 
 40 214 544 498 525 564 280 
 609 711 297 622 511 769 968 
 622 639 404 401 928 228 352 
 822 9 838 275 847 994 909 
 259 381 723 730 933 97 638 
 339 572 842 19 66 337 368 
 758 826 581 532 763 161 511 
 476 197 268 430 80 505 526 
 109 949 182 566 346 716 232 
 475 173 594 761 655 784 646 
 246 783 107 44 683 735 540 
 532 422 421 713 665 476 708 
 166 139 430 788 973 916 745 
 612 352 323 336 632 351 362 
 74 176 530 319 99 710 693 
 540 43 53 919 7 513 826 
 641 17 245 955 543 776 744 
 834 728 971 964 160 853 824 
 851 714 907 840 72 989 176 
 837 824 544 455 321 55 421 
 60 165 290 63 615 668 711 
 11 153 470 518 382 999 355 
 919 147 961 245 704 513 273 
 20 981 309 772 881 550 261 
 978 170 662 840 613 79 353 
 30 411 697 348 3 660 565 
 705 826 331 627 185 867 396 
 546 240 29 105 447 751 410 
 596 530 820 973 532 191 538 
 900 833 61 24 597 262 576 
 890 418 264 342 369 836 186 
 900 835 745 
 646 550 915 6 444 681 903 
 690 539 497 755 72 543 969 
 153 322 512 286 429 613 318 
 489 569 802 6 17 758 758 
 22 765 205 261 344 554 600 
 163 785 833 916 911 790 197 
 659 694 194 407 475 882 282 
 98 112 367 957 710 650 593 
 765 204 463 446 446 438 662 
 792 353 485 744 430 383 799 
 303 887 382 214 948 414 590 
 962 737 20 848 9 731 961 
 706 292 125 56 189 154 957 
 501 291 80 767 1000 681 903 
 979 710 345 28 304 99 652 
 765 917 786 521 337 667 464 
 448 701 356 636 85 773 18 
 583 70 816 127 195 75 242 
 416 982 640 377 281 651 300 
 751 726 84 6 234 279 105 
 469 556 489 70 700 19 172 
 912 303 312 616 623 968 777 
 974 313 776 653 465 889 79 
 34 41 108 33 449 803 504 
 694 940 553 642 368 428 458 
 54 987 213 242 517 718 318 
 936 518 516 90 610 613 289 
 432 801 235 684 475 532 683 
 785 457 332 848 268 371 981 
 647 612 313 95 992 533 466 
 280 387 452 215 258 205 185 
 909 563 600 966 948 41 355 
 985 467 369 718 483 359 380 
 732 582 648 376 806 281 586 
 648 284 403 363 107 738 8 
 513 893 444 750 322 240 449 
 847 816 832 481 813 179 585 
 463 511 292 737 364 101 826 
 205 857 373 407 397 689 963 
 120 430 458 882 974 883 891 
 62 352 162 850 965 509 88 
 436 72 178 92 980 709 175 
 692 544 826 362 810 206 649 
 257 117 97 887 191 135 947 
 259 678 65 26 806 423 265 
 466 966 746 447 870 970 200 
 450 6 70 713 565 199 828 
 647 184 6 486 631 848 683 
 686 899 919 45 473 488 474 
 688 743 360 60 705 28 799 
 349 558 556 918 562 253 576 
 162 707 83 787 241 431 385 
 251 809 360 286 944 961 662 
 103 854 517 708 543 402 690 
 244 415 942 493 427 867 181 
 403 981 946 133 560 663 539 
 919 569 71 679 1000 392 987 
 340 317 35 355 451 417 964 
 96 918 918 38 393 187 260 
 667 417 526 573 896 907 747 
 100 733 313 575 513 758 199 
 737 477 228 26 867 998 713 
 639 856 98 813 229 660 35 
 267 194 591 687 714 711 856 
 692 804 419 833 293 57 960 
 718 927 873 95 613 651 252 
 804 716 553 218 34 365 825 
 65 732 51 497 105 216 169 
 917 41 269 767 874 168 478 
 52 681 923 245 162 131 841 
 153 571 873 880 147 863 320 
 174 939 700 
 679 271 189 657 657 449 675 
 443 32 145 314 300 759 731 
 388 532 222 43 1000 153 92 
 759 411 389 254 617 605 413 
 242 678 99 91 194 536 216 
 944 169 899 667 907 103 1 
 30 319 828 637 404 376 566 
 378 624 836 154 194 254 50 
 828 982 66 524 336 689 978 
 747 596 211 692 430 299 917 
 935 802 890 441 171 817 864 
 199 359 362 280 976 478 180 
 966 811 249 514 547 48 843 
 717 384 104 79 316 100 968 
 762 300 78 906 568 808 73 
 10 679 376 955 897 269 545 
 388 131 722 743 478 745 309 
 717 353 902 816 408 548 450 
 91 727 538 32 298 27 146 
 431 69 350 325 107 67 405 
 797 842 725 189 370 462 708 
 214 252 228 762 570 344 953 
 593 533 290 727 582 346 271 
 643 203 745 447 463 56 362 
 701 149 806 207 623 82 737 
 301 395 598 123 873 383 965 
 280 731 606 624 45 228 380 
 800 1000 286 41 591 646 111 
 998 903 790 685 248 799 169 
 912 735 602 190 563 317 725 
 616 593 39 291 182 62 613 
 891 309 380 426 469 672 867 
 586 919 291 213 886 57 650 
 207 705 346 156 775 815 17 
 855 701 986 43 98 604 997 
 247 205 405 597 747 17 543 
 874 701 39 153 25 520 529 
 195 271 397 194 488 493 21 
 31 340 774 879 378 885 97 
 71 515 731 799 736 661 574 
 708 271 65 628 174 96 724 
 416 238 309 321 329 617 794 
 559 600 725 681 89 582 668 
 141 288 489 411 881 768 693 
 831 599 45 131 252 256 844 
 603 148 727 161 439 25 443 
 587 711 996 56 529 590 970 
 661 587 303 89 155 529 402 
 766 258 332 732 316 611 430 
 74 59 885 546 795 462 761 
 500 448 107 404 279 565 17 
 392 767 948 251 617 813 358 
 934 744 620 488 300 377 869 
 751 782 413 840 452 579 519 
 557 198 779 838 701 410 195 
 992 844 938 126 177 354 673 
 744 990 86 498 474 60 266 
 52 763 359 380 246 829 116 
 642 449 19 909 827 554 908 
 231 909 268 153 486 994 240 
 77 956 714 740 385 235 455 
 605 749 496 515 908 669 947 
 289 304 361 696 317 297 740 
 519 805 40 655 380 612 176 
 837 254 707 774 693 672 687 
 335 494 897 232 845 639 307 
 830 81 682 598 587 607 891 
 66 529 668 556 134 130 657 
 974 660 714 797 487 681 453 
 363 638 205 688 616 384 231 
 992 515 96 454 20 339 152 
 623 763 961 
 466 305 285 210 741 90 316 
 227 816 311 230 234 103 166 
 969 497 113 68 85 489 518 
 118 808 39 376 528 309 658 
 424 814 33 768 974 894 243 
 315 254 737 529 239 509 46 
 58 336 838 198 487 254 692 
 477 592 832 352 685 16 898 
 344 57 800 989 763 52 645 
 250 375 248 168 583 743 982 
 505 469 149 208 507 696 299 
 280 502 539 953 278 799 502 
 262 844 215 698 399 970 478 
 798 352 464 878 761 166 183 
 15 126 312 510 709 821 208 
 310 468 344 550 700 543 385 
 847 26 947 796 312 292 270 
 408 781 363 671 220 367 267 
 973 11 449 684 310 495 753 
 563 869 559 695 31 11 57 
 575 299 866 414 862 366 155 
 288 254 44 773 820 266 730 
 658 902 137 924 201 305 634 
 135 230 220 315 629 977 307 
 457 220 89 355 351 933 990 
 611 327 421 193 995 601 133 
 116 854 239 274 65 470 980 
 684 331 539 968 855 367 572 
 701 51 56 745 878 124 997 
 198 236 9 932 784 640 708 
 403 677 712 374 650 21 154 
 824 393 755 370 114 163 201 
 3 564 656 566 999 885 323 
 449 950 159 680 58 584 487 
 276 637 275 149 81 302 707 
 136 528 427 5 614 261 332 
 234 566 225 675 595 383 450 
 892 825 44 562 587 201 678 
 498 615 434 112 261 698 239 
 368 869 118 162 338 629 767 
 623 580 235 754 724 409 844 
 633 441 135 676 516 179 456 
 53 150 768 664 155 757 514 
 643 232 87 148 84 52 277 
 38 916 99 401 912 57 460 
 550 144 563 541 179 307 45 
 448 847 286 63 803 28 90 
 806 2 652 472 160 493 52 
 922 489 801 674 285 359 880 
 440 616 782 728 686 790 267 
 171 937 35 200 524 805 824 
 364 852 932 911 887 272 140 
 949 760 843 665 554 176 626 
 255 545 171 340 198 16 657 
 942 411 343 241 16 195 768 
 696 472 751 627 172 506 933 
 815 932 77 572 736 91 883 
 126 874 368 761 331 145 407 
 185 273 695 525 191 181 242 
 525 690 297 491 958 582 19 
 518 321 331 929 458 596 408 
 278 384 352 709 458 252 762 
 475 261 869 443 77 395 380 
 87 906 661 847 713 769 714 
 490 113 948 226 242 891 88 
 478 801 167 674 256 296 223 
 377 583 895 685 995 615 422 
 904 480 114 570 290 401 25 
 670 410 863 512 895 690 619 
 428 229 817 640 429 874 406 
 627 324 165 9 510 708 84 
 97 887 936 
 730 965 820 879 62 171 634 
 890 751 778 306 345 369 920 
 450 121 369 51 813 759 551 
 472 898 432 304 493 461 704 
 401 199 600 743 411 354 551 
 962 265 708 446 615 283 761 
 234 767 952 132 250 81 773 
 562 157 34 775 390 536 582 
 18 12 613 500 272 519 997 
 301 536 48 393 996 892 45 
 556 538 609 86 745 384 684 
 125 403 60 705 405 24 719 
 259 655 701 980 298 453 80 
 153 191 823 287 547 561 879 
 564 435 494 261 565 970 368 
 33 965 165 213 332 477 17 
 885 349 799 798 89 164 664 
 275 824 488 468 309 960 514 
 862 463 239 158 310 632 159 
 300 721 967 283 667 823 671 
 28 352 151 354 489 785 290 
 687 427 444 882 627 196 806 
 721 209 451 621 922 474 168 
 517 72 995 815 811 383 24 
 135 835 902 356 920 721 450 
 286 150 585 641 858 199 496 
 923 173 774 415 441 221 606 
 651 386 212 710 605 393 596 
 462 609 560 383 789 937 659 
 733 217 376 349 164 651 942 
 955 143 711 183 699 255 303 
 338 794 538 210 737 983 821 
 912 389 242 26 405 375 140 
 259 406 391 974 674 623 884 
 169 390 1000 832 137 734 571 
 305 305 730 982 919 212 478 
 584 185 856 653 974 854 387 
 311 555 260 123 611 761 162 
 759 179 610 54 342 802 429 
 246 819 646 921 63 950 126 
 3 751 857 418 655 467 31 
 804 88 535 860 762 360 281 
 692 608 622 772 725 72 26 
 21 484 450 322 728 129 793 
 514 592 489 482 174 745 151 
 398 119 454 178 578 134 984 
 652 587 572 925 840 395 677 
 756 9 769 256 162 322 892 
 752 143 226 910 175 429 123 
 816 599 597 783 513 816 954 
 81 255 145 306 92 817 319 
 544 279 322 607 203 83 582 
 987 948 929 665 781 370 534 
 324 31 277 468 887 463 788 
 704 221 587 176 406 858 912 
 925 932 846 266 195 760 790 
 474 984 378 879 515 324 329 
 745 627 538 975 261 50 241 
 252 359 244 814 363 105 879 
 263 463 853 379 512 491 424 
 380 29 756 335 568 524 127 
 923 440 97 889 157 729 630 
 963 231 969 360 386 479 576 
 26 472 805 443 224 676 983 
 946 523 818 129 236 207 314 
 773 864 30 522 268 667 779 
 91 291 216 878 179 412 666 
 74 591 865 10 488 239 88 
 874 538 887 199 469 503 457 
 431 717 984 132 896 562 959 
 18 129 939 51 596 892 134 
 67 334 266 
 23 992 771 947 91 585 903 
 84 833 317 46 127 725 475 
 519 859 772 785 552 936 247 
 390 640 313 839 688 647 72 
 525 532 870 922 63 890 709 
 63 281 252 201 511 753 74 
 218 205 713 551 309 837 658 
 737 262 405 29 347 604 686 
 489 475 434 222 580 858 489 
 332 810 942 534 595 502 978 
 364 683 211 25 650 778 353 
 860 931 846 472 369 136 255 
 638 479 389 6 81 59 958 
 480 715 484 159 272 896 31 
 790 600 361 730 657 38 550 
 784 935 703 557 314 216 260 
 381 72 388 646 561 913 276 
 858 877 720 402 653 34 563 
 881 183 25 130 669 111 154 
 565 304 73 954 602 545 810 
 853 376 262 512 89 478 883 
 786 670 98 505 723 751 747 
 831 829 561 334 847 791 206 
 690 706 438 401 554 865 181 
 679 196 368 908 298 294 194 
 930 444 84 364 786 829 497 
 116 367 573 988 653 767 313 
 822 817 952 286 556 85 566 
 542 89 323 344 285 153 635 
 13 562 101 871 898 758 321 
 456 272 591 127 108 223 361 
 762 460 277 457 834 278 420 
 649 978 640 223 474 811 231 
 371 941 990 995 885 847 380 
 179 695 24 22 431 74 426 
 787 50 779 666 557 419 301 
 385 194 751 698 55 371 313 
 113 12 447 869 966 581 629 
 208 260 504 732 503 195 233 
 186 673 770 32 598 469 883 
 345 494 651 601 177 815 252 
 490 264 88 929 684 196 206 
 549 889 751 694 681 82 806 
 76 722 325 217 982 213 910 
 792 927 390 511 92 396 852 
 607 601 856 525 788 413 113 
 960 592 522 615 310 28 66 
 904 935 39 15 348 750 677 
 880 745 196 24 11 926 405 
 463 677 720 365 497 882 30 
 881 711 941 364 525 701 638 
 755 456 631 679 219 369 563 
 317 37 225 666 198 979 181 
 846 983 836 834 899 171 321 
 183 421 162 600 592 741 592 
 396 89 154 185 721 325 2 
 348 696 569 758 350 415 587 
 534 452 821 842 857 926 144 
 724 338 254 527 410 740 579 
 79 428 180 718 998 763 769 
 721 161 747 876 371 94 693 
 775 444 768 238 183 761 110 
 961 513 974 891 156 126 142 
 531 797 326 421 834 491 694 
 439 524 309 873 728 276 283 
 511 419 342 550 440 383 243 
 376 575 316 87 506 246 489 
 900 10 502 356 460 977 491 
 430 713 310 73 484 334 365 
 233 445 513 60 58 396 999 
 595 551 869 925 929 28 616 
 391 559 696 
 55 779 589 761 790 843 462 
 59 807 117 445 934 419 883 
 683 667 264 641 400 492 118 
 329 165 190 600 529 859 455 
 226 831 774 15 638 457 766 
 329 878 375 643 294 441 766 
 255 254 814 331 897 125 266 
 211 420 687 169 461 940 339 
 654 244 852 897 555 150 295 
 795 431 878 141 988 355 689 
 794 740 675 627 293 831 612 
 239 53 609 522 560 739 569 
 974 995 551 32 105 352 628 
 984 316 492 308 372 83 1 
 113 580 565 48 832 845 773 
 220 910 898 829 566 311 557 
 719 575 235 427 492 393 208 
 971 712 149 405 173 292 170 
 947 826 929 874 276 607 157 
 653 792 569 991 385 956 439 
 18 745 481 618 75 929 285 
 678 59 826 764 605 924 945 
 661 584 339 128 925 677 993 
 794 555 398 81 103 120 383 
 201 212 772 334 569 767 713 
 488 190 309 297 328 779 91 
 726 358 875 375 141 857 385 
 781 601 956 756 608 305 338 
 131 166 841 433 572 570 505 
 359 948 400 344 767 422 723 
 638 210 364 927 708 166 159 
 85 84 296 662 177 520 137 
 616 485 444 9 170 779 699 
 374 887 189 25 810 690 509 
 53 336 749 964 245 284 63 
 467 975 869 287 811 996 29 
 243 997 266 434 199 840 157 
 748 366 45 709 301 154 741 
 934 879 403 894 170 745 905 
 839 246 102 499 17 903 587 
 531 769 106 311 39 160 911 
 577 584 873 819 787 495 237 
 376 824 69 520 629 349 232 
 754 900 58 548 709 104 576 
 296 49 51 416 547 729 985 
 456 730 682 566 196 235 105 
 376 486 334 258 11 757 552 
 73 777 134 695 225 334 317 
 21 485 708 210 454 202 788 
 892 680 544 855 671 836 516 
 528 205 144 840 498 261 802 
 717 112 661 444 957 768 201 
 850 844 974 537 125 632 514 
 868 277 516 434 831 32 784 
 277 219 485 550 204 490 687 
 164 657 655 587 853 517 305 
 504 823 491 413 824 546 133 
 710 346 93 242 6 605 432 
 652 489 861 872 539 30 574 
 71 652 148 697 184 518 38 
 985 843 714 431 483 332 401 
 692 817 203 843 36 630 132 
 803 440 887 629 219 329 110 
 713 192 86 837 999 574 483 
 461 89 313 673 596 30 73 
 296 824 702 915 84 102 856 
 711 458 376 102 910 345 410 
 348 863 97 411 67 285 733 
 852 727 250 79 491 321 2 
 648 92 390 376 60 116 397 
 713 999 789 713 226 898 136 
 66 306 723 
 462 68 887 208 157 940 130 
 905 730 510 378 192 915 104 
 272 874 682 836 216 931 712 
 736 739 667 528 845 60 482 
 454 177 464 932 475 133 244 
 357 354 358 302 667 192 541 
 836 358 157 749 917 929 717 
 215 904 325 117 751 200 217 
 806 796 460 620 795 602 120 
 462 418 360 534 681 4 433 
 642 908 724 947 776 785 490 
 48 614 443 549 8 329 98 
 290 99 33 833 183 743 859 
 622 309 294 738 623 561 429 
 700 61 26 292 718 874 192 
 720 840 425 713 882 382 410 
 906 862 259 386 647 379 741 
 60 291 797 497 81 374 524 
 581 89 786 186 104 583 564 
 615 129 710 763 789 242 510 
 9 379 499 180 284 825 878 
 764 756 584 254 568 298 471 
 101 798 53 349 178 890 276 
 418 752 312 682 99 509 312 
 141 18 79 408 789 753 438 
 698 788 418 249 786 946 649 
 602 854 981 444 672 779 562 
 72 17 651 751 74 996 825 
 669 992 911 544 406 669 862 
 534 146 471 238 36 825 25 
 781 283 927 367 241 542 187 
 797 930 545 646 317 385 820 
 76 741 69 136 964 324 266 
 22 406 409 984 978 633 778 
 668 322 875 429 297 222 173 
 777 661 311 68 545 939 824 
 895 493 67 510 113 936 387 
 6 230 450 156 26 830 67 
 413 874 491 244 760 813 258 
 118 270 621 539 471 148 739 
 848 104 642 320 431 327 343 
 655 104 581 942 171 821 199 
 966 659 205 413 836 264 879 
 221 578 891 830 749 516 702 
 105 362 718 993 823 827 632 
 481 293 28 756 248 56 300 
 909 575 545 261 879 155 363 
 615 983 698 717 844 145 229 
 288 841 731 899 407 609 349 
 833 130 697 612 427 673 891 
 347 712 817 580 41 905 896 
 36 505 801 440 240 68 938 
 309 497 286 162 398 387 794 
 154 670 925 119 378 672 867 
 704 94 524 461 724 761 843 
 845 506 595 828 547 250 12 
 180 24 579 254 184 189 320 
 84 2 10 930 84 269 805 
 533 342 961 424 370 553 948 
 369 918 234 591 688 119 748 
 444 298 322 334 864 408 725 
 127 788 639 297 514 475 502 
 243 353 340 530 126 27 117 
 625 490 158 275 495 763 563 
 659 100 41 516 840 346 355 
 365 610 696 58 477 563 888 
 831 564 338 56 716 298 939 
 467 235 635 492 357 57 236 
 984 504 352 308 417 10 616 
 954 800 530 779 835 844 126 
 10 504 332 295 730 937 341 
 567 518 997 
 810 696 156 652 814 444 711 
 554 315 916 280 84 72 977 
 995 168 796 11 58 62 829 
 341 892 384 911 933 372 235 
 382 796 625 507 385 154 217 
 232 884 111 204 162 892 193 
 633 405 136 265 51 164 989 
 964 386 727 134 682 433 197 
 805 729 91 344 123 974 965 
 860 321 256 705 349 573 517 
 167 778 332 426 532 605 730 
 771 464 232 994 350 449 103 
 397 591 473 607 204 627 256 
 282 70 430 41 63 193 275 
 245 804 289 223 418 403 401 
 412 593 382 740 559 98 866 
 346 680 968 52 100 748 964 
 646 990 124 730 191 335 731 
 6 870 801 963 420 293 280 
 956 346 710 93 577 695 22 
 432 627 160 539 344 482 926 
 567 26 696 273 930 498 731 
 410 41 28 542 427 704 329 
 390 312 104 635 77 762 881 
 87 57 215 942 605 378 275 
 468 897 605 268 232 263 147 
 112 210 520 745 920 390 871 
 462 217 37 490 414 799 349 
 976 185 584 309 519 307 792 
 383 131 609 178 307 678 913 
 274 223 739 982 147 752 1000 
 549 147 927 654 795 704 780 
 378 675 721 268 769 209 613 
 898 214 103 564 943 955 59 
 254 457 744 588 647 76 222 
 784 848 563 875 8 245 932 
 243 942 792 823 315 596 488 
 693 549 316 64 224 914 702 
 465 583 91 861 999 62 142 
 297 661 919 17 234 104 858 
 999 305 395 509 805 774 104 
 28 308 385 930 816 924 770 
 498 143 357 679 391 855 629 
 89 325 242 376 557 81 7 
 499 483 682 831 454 408 744 
 426 349 796 305 237 285 339 
 983 421 807 540 123 951 430 
 163 504 671 496 679 487 557 
 334 138 406 654 884 548 1000 
 648 239 606 466 507 953 679 
 243 264 934 1 9 651 948 
 761 795 920 245 297 994 767 
 388 38 390 79 665 360 162 
 67 460 148 816 222 275 899 
 2 400 467 264 181 439 560 
 932 934 476 405 202 481 834 
 603 778 550 543 377 974 586 
 319 167 326 910 277 51 171 
 74 906 240 910 56 185 882 
 558 424 528 226 11 415 526 
 537 334 798 685 990 317 123 
 918 840 160 738 839 98 692 
 402 678 858 370 295 562 968 
 975 291 230 726 738 228 508 
 916 439 371 723 848 262 474 
 904 352 714 394 478 687 275 
 159 334 169 131 957 20 79 
 200 183 495 745 55 708 31 
 831 379 728 867 534 127 219 
 345 74 25 884 205 320 250 
 843 398 208 560 41 547 548 
 634 624 649 
 60 286 786 57 781 821 731 
 907 870 993 173 69 976 844 
 639 570 560 295 285 507 982 
 525 678 909 458 494 687 896 
 556 442 483 267 912 651 567 
 736 276 265 351 76 353 957 
 691 554 59 372 111 628 489 
 217 812 937 346 457 138 909 
 102 189 819 75 503 114 341 
 403 820 720 103 68 348 932 
 57 576 330 118 57 202 285 
 282 306 880 581 31 19 369 
 876 681 192 349 106 926 498 
 222 623 763 271 482 342 620 
 618 261 574 382 65 41 920 
 725 928 405 384 924 929 511 
 396 679 264 185 261 682 71 
 308 512 921 975 447 603 748 
 377 750 40 112 679 35 451 
 494 390 461 851 657 72 531 
 3 202 947 599 798 276 860 
 906 108 966 809 459 198 252 
 840 607 51 981 490 280 313 
 123 272 86 930 628 777 957 
 620 498 441 924 478 573 362 
 513 259 331 230 868 945 53 
 396 835 814 706 566 535 567 
 463 476 576 169 749 26 85 
 187 1 234 706 329 233 794 
 135 370 508 132 53 20 758 
 679 80 60 318 856 290 384 
 232 40 37 136 137 692 662 
 152 487 688 378 319 844 801 
 778 620 246 612 462 925 495 
 481 539 928 173 623 60 126 
 849 943 809 466 417 496 362 
 501 572 997 226 878 304 880 
 892 340 406 709 70 508 88 
 414 176 81 879 203 187 135 
 55 662 769 37 55 439 968 
 461 778 579 38 326 351 45 
 244 804 497 339 922 28 486 
 295 70 545 247 442 756 693 
 484 512 340 865 356 203 679 
 147 896 392 471 842 5 52 
 801 427 307 685 587 153 833 
 984 46 542 436 318 162 820 
 612 510 428 609 221 192 864 
 414 893 375 470 959 114 116 
 310 616 186 553 363 148 127 
 333 489 293 481 81 582 266 
 161 339 786 563 238 314 390 
 598 714 757 54 919 418 113 
 798 969 471 881 141 167 344 
 371 876 449 748 364 237 360 
 776 307 291 40 44 414 510 
 8 581 736 51 882 980 749 
 29 283 81 538 62 361 47 
 527 212 648 135 442 540 51 
 121 723 14 98 454 921 910 
 856 558 631 726 762 267 998 
 100 375 978 673 735 553 740 
 882 336 240 937 856 827 817 
 152 277 226 825 54 545 830 
 20 420 361 685 467 727 269 
 722 201 85 204 359 676 524 
 600 243 780 347 257 507 397 
 558 698 953 972 386 573 784 
 99 604 768 819 244 513 948 
 305 8 53 945 841 845 765 
 108 237 841 451 331 984 617 
 93 654 366 
 383 804 382 848 16 765 906 
 341 889 842 54 175 732 974 
 114 202 839 898 235 789 446 
 666 572 278 382 607 162 983 
 25 267 714 451 137 430 35 
 431 389 619 196 928 203 929 
 635 752 211 674 170 784 776 
 102 978 165 133 317 645 538 
 732 159 189 89 573 628 189 
 809 48 434 211 445 371 673 
 546 859 666 808 401 696 18 
 190 845 435 787 592 815 624 
 105 181 182 817 777 59 699 
 812 596 800 478 391 197 368 
 564 460 314 361 404 652 429 
 904 110 813 791 33 211 515 
 601 544 810 184 866 123 224 
 355 863 44 549 953 270 112 
 630 966 425 336 174 938 875 
 978 868 804 260 496 179 200 
 244 43 987 360 329 223 363 
 451 456 406 459 904 253 865 
 90 440 611 523 37 439 419 
 692 690 169 549 525 912 788 
 687 648 359 849 160 69 774 
 514 306 605 601 930 827 231 
 150 423 435 131 636 561 940 
 698 274 528 627 105 488 567 
 136 402 393 50 158 905 363 
 344 395 823 820 32 327 288 
 916 414 396 965 979 82 586 
 161 833 964 879 164 727 90 
 185 569 208 373 508 407 815 
 15 578 666 703 861 645 184 
 253 180 101 123 430 589 490 
 608 504 328 568 364 521 353 
 662 921 729 29 149 788 985 
 419 377 278 793 851 1 580 
 82 936 142 200 312 429 797 
 971 61 504 437 865 165 280 
 935 163 342 560 56 298 731 
 457 32 320 988 201 760 919 
 592 934 477 614 774 465 191 
 88 118 530 40 554 458 263 
 941 71 51 804 462 766 894 
 545 901 399 291 694 569 976 
 881 735 975 865 355 616 741 
 985 545 400 935 231 974 909 
 141 304 300 98 474 731 362 
 274 77 470 345 92 646 887 
 386 804 648 113 823 701 952 
 589 340 993 985 228 891 124 
 590 413 993 732 332 740 765 
 601 117 284 946 972 933 282 
 593 576 273 666 336 59 613 
 414 7 835 154 729 985 601 
 786 432 341 543 676 587 239 
 144 837 166 523 956 252 571 
 994 224 636 67 260 503 840 
 273 644 475 800 36 121 769 
 654 328 538 488 247 699 455 
 224 553 641 120 802 801 671 
 278 939 105 599 651 799 716 
 936 539 200 474 643 159 44 
 162 229 349 959 290 360 201 
 909 623 152 753 22 118 94 
 691 264 286 358 464 453 435 
 777 637 209 156 322 349 354 
 143 648 608 733 409 25 906 
 453 512 201 284 634 92 997 
 18 227 873 634 121 139 118 
 420 543 228 
 611 447 87 639 628 904 339 
 783 351 561 137 720 175 935 
 737 194 839 627 443 334 590 
 690 835 413 628 654 226 707 
 504 528 475 583 535 588 482 
 87 28 450 725 125 979 590 
 232 691 779 863 585 416 95 
 584 288 496 203 8 516 517 
 494 409 701 528 876 211 254 
 501 721 646 486 226 405 745 
 683 381 138 342 797 776 998 
 658 387 246 944 717 1 514 
 709 510 100 604 192 92 891 
 834 355 708 598 256 448 397 
 339 704 29 589 420 143 851 
 593 82 845 294 255 415 171 
 818 540 415 522 106 540 196 
 328 744 294 252 369 515 883 
 723 478 372 626 464 913 862 
 868 641 364 680 520 517 748 
 357 375 901 505 62 500 241 
 170 84 459 140 170 480 311 
 887 85 622 313 415 929 917 
 212 398 452 551 953 313 354 
 721 466 646 307 26 753 340 
 150 251 214 608 312 18 179 
 532 506 799 304 13 678 859 
 661 648 191 883 739 556 667 
 968 297 670 250 676 944 591 
 91 365 213 725 139 569 466 
 988 477 973 699 699 536 941 
 136 494 51 402 840 431 745 
 607 424 235 877 138 142 670 
 84 323 169 958 340 126 60 
 848 864 272 670 501 777 467 
 731 769 820 218 304 74 854 
 347 617 803 128 496 651 379 
 609 307 744 73 944 973 686 
 164 343 749 686 460 542 688 
 180 146 692 710 76 368 742 
 478 240 144 710 479 473 533 
 466 29 507 44 137 413 910 
 137 814 314 45 272 58 131 
 729 346 747 450 284 804 750 
 133 317 614 582 178 774 441 
 450 804 743 653 552 761 944 
 933 708 847 232 76 965 570 
 129 227 190 623 152 322 648 
 797 901 2 919 320 55 892 
 212 845 676 884 884 252 243 
 691 234 313 619 631 777 921 
 855 442 103 501 288 389 187 
 961 928 395 309 969 120 614 
 679 847 209 82 327 775 346 
 738 330 670 878 742 184 382 
 819 602 313 172 939 749 451 
 780 274 462 936 177 356 142 
 82 350 963 694 950 674 947 
 863 753 640 119 915 549 435 
 32 559 506 737 1000 957 725 
 54 194 771 897 541 8 797 
 607 151 745 867 215 860 89 
 410 396 754 526 108 137 416 
 731 439 46 537 711 998 591 
 449 324 153 163 481 887 781 
 920 66 41 859 39 292 193 
 137 547 491 88 44 657 494 
 218 256 22 152 855 749 299 
 194 406 874 193 430 812 62 
 756 820 63 850 58 939 398 
 296 816 622 116 786 512 308 
 952 522 348 
 686 310 477 778 198 331 166 
 997 76 618 500 191 896 658 
 435 608 127 20 11 509 814 
 198 331 33 927 409 907 901 
 446 377 188 63 650 410 201 
 595 980 861 354 572 777 478 
 987 57 672 525 905 799 146 
 678 328 530 884 33 605 692 
 910 824 327 97 345 157 196 
 600 323 679 124 330 761 856 
 392 200 113 55 177 318 580 
 406 216 385 78 900 361 738 
 950 896 638 839 963 362 668 
 846 53 553 648 273 631 524 
 672 128 878 889 241 729 818 
 47 404 936 590 532 295 630 
 41 638 469 875 883 410 829 
 964 167 574 515 250 923 231 
 761 600 192 905 67 27 969 
 938 509 55 854 862 573 157 
 205 1000 879 78 149 397 437 
 510 91 136 691 297 593 797 
 484 239 73 486 630 79 77 
 335 262 428 980 147 379 978 
 331 762 11 127 466 841 424 
 945 897 696 152 571 590 569 
 152 511 696 918 990 635 537 
 319 464 180 510 878 240 19 
 462 827 220 345 355 262 383 
 276 555 256 194 191 310 608 
 928 578 701 838 483 559 694 
 609 106 320 114 130 119 352 
 707 845 714 152 39 922 280 
 910 181 424 545 469 193 844 
 868 751 258 452 643 179 814 
 238 141 831 419 559 775 532 
 908 485 867 787 573 100 428 
 771 103 617 918 704 826 96 
 152 858 637 373 7 307 143 
 404 905 846 627 2 694 696 
 229 776 367 408 400 354 323 
 350 162 596 621 876 654 655 
 144 966 152 910 126 491 518 
 780 50 746 747 889 588 179 
 443 761 286 34 102 51 48 
 372 68 873 984 719 524 996 
 567 131 533 557 75 682 321 
 819 344 473 236 168 87 163 
 616 883 826 834 334 547 548 
 397 540 192 715 976 538 113 
 994 479 162 285 728 256 115 
 402 250 274 108 23 257 802 
 336 42 316 936 909 377 251 
 131 749 329 921 617 433 560 
 63 900 433 779 376 957 965 
 534 672 98 848 511 315 912 
 49 41 503 303 592 841 585 
 879 315 915 993 677 670 242 
 492 966 893 834 749 648 521 
 509 803 459 579 527 392 99 
 252 835 799 506 832 409 291 
 159 926 638 88 17 136 362 
 746 746 155 287 231 692 950 
 174 229 316 570 114 290 800 
 574 137 680 290 455 726 878 
 177 833 216 557 916 25 440 
 967 655 206 829 399 897 99 
 471 751 322 861 829 686 360 
 957 32 271 468 669 484 592 
 830 122 241 71 790 421 333 
 500 709 417 424 942 535 204 
 748 103 353 
 702 363 551 522 803 63 337 
 363 360 407 824 463 112 542 
 143 937 451 67 851 879 115 
 185 817 266 702 932 383 610 
 106 801 811 396 468 2 237 
 771 407 691 126 735 69 783 
 838 992 303 770 918 489 788 
 61 266 797 659 211 236 674 
 321 943 72 880 504 985 203 
 664 510 596 602 220 529 313 
 29 475 139 338 688 9 562 
 173 461 655 12 14 11 800 
 717 172 980 383 248 135 601 
 481 751 86 223 926 242 754 
 246 767 177 546 517 478 234 
 717 23 672 434 546 115 268 
 308 119 431 656 409 843 2 
 200 301 820 516 597 582 439 
 78 7 154 484 952 514 816 
 325 327 930 323 434 979 887 
 685 998 185 678 698 199 214 
 573 80 16 822 756 599 479 
 471 852 956 397 705 625 37 
 728 386 847 596 371 458 677 
 444 936 499 764 237 427 543 
 438 512 319 463 807 457 340 
 687 44 870 527 3 614 59 
 863 839 93 756 601 321 52 
 431 419 640 393 943 608 945 
 160 698 209 485 620 684 102 
 163 749 28 942 574 417 843 
 780 527 226 459 758 946 547 
 781 844 184 698 312 293 399 
 340 539 930 786 907 898 575 
 410 192 689 948 946 841 665 
 271 259 817 388 991 573 242 
 714 89 752 483 122 907 277 
 561 295 298 991 375 184 388 
 145 46 126 773 911 714 300 
 354 19 194 1000 790 14 549 
 915 8 618 189 74 345 17 
 293 858 102 785 393 285 826 
 706 18 511 800 788 359 591 
 604 611 338 670 983 544 967 
 49 284 606 277 903 686 953 
 106 705 101 463 657 141 212 
 539 155 944 516 558 77 846 
 454 596 607 420 115 863 576 
 488 668 254 226 821 784 68 
 257 904 209 512 475 1 949 
 608 151 963 421 484 85 858 
 328 827 720 199 269 561 526 
 501 443 587 532 744 176 304 
 545 243 643 463 569 542 2 
 416 518 810 34 236 174 620 
 778 444 95 298 7 827 243 
 345 334 858 292 874 971 895 
 437 40 675 956 710 699 996 
 817 189 514 584 361 437 362 
 747 325 256 713 35 659 611 
 760 312 364 766 132 671 8 
 128 36 171 466 349 280 502 
 659 15 261 763 719 917 587 
 947 922 638 650 337 953 516 
 680 878 944 496 661 323 743 
 537 480 939 179 932 937 996 
 941 915 670 625 901 429 690 
 649 956 681 64 949 628 42 
 355 531 857 897 803 629 68 
 126 103 138 531 396 150 496 
 418 575 683 253 223 678 259 
 483 657 969 
 968 909 342 465 396 147 47 
 777 540 378 108 241 129 776 
 375 85 184 402 793 7 437 
 566 654 209 137 463 250 240 
 168 612 944 553 1 584 494 
 149 28 503 466 180 797 709 
 275 442 83 206 856 700 615 
 317 393 929 476 77 695 889 
 547 2 220 95 820 789 961 
 382 148 265 988 204 17 376 
 982 329 102 908 886 62 623 
 280 920 509 636 330 923 316 
 477 359 996 953 922 492 293 
 28 479 653 558 96 689 792 
 431 696 724 63 875 49 424 
 608 269 179 783 685 318 22 
 639 210 702 375 720 673 126 
 175 884 111 431 256 481 13 
 157 79 897 326 392 279 580 
 259 537 836 882 761 247 306 
 434 581 452 497 473 508 619 
 977 555 381 301 845 587 355 
 88 281 931 844 367 459 962 
 347 775 739 89 61 239 2 
 51 869 677 243 984 65 832 
 396 904 329 521 51 640 850 
 617 225 798 431 217 968 76 
 290 139 36 766 278 908 682 
 595 36 902 994 502 687 606 
 918 217 560 155 928 694 24 
 57 654 701 545 49 252 813 
 172 33 77 699 432 610 657 
 876 703 222 845 978 81 557 
 774 416 52 188 387 918 731 
 924 510 522 34 835 200 308 
 98 222 143 544 656 553 424 
 890 214 724 844 852 151 806 
 557 959 99 653 813 738 287 
 229 763 245 641 596 532 988 
 46 263 394 101 611 103 320 
 664 750 217 185 345 283 144 
 860 406 469 83 968 329 322 
 214 486 333 565 873 515 664 
 986 739 131 453 68 476 141 
 254 518 77 952 228 868 801 
 896 526 687 343 944 939 826 
 206 127 952 455 216 219 520 
 544 994 14 710 167 265 187 
 891 893 643 95 553 491 408 
 415 51 442 272 685 43 874 
 209 82 841 869 55 138 228 
 833 210 107 770 968 958 915 
 223 216 37 252 808 328 660 
 113 316 833 240 61 104 992 
 935 808 502 998 278 696 890 
 334 78 769 933 729 165 989 
 86 59 165 770 116 99 496 
 390 323 502 454 803 705 17 
 828 218 808 287 517 344 889 
 840 197 724 389 974 450 844 
 380 814 929 218 81 668 745 
 955 139 187 961 641 548 558 
 219 205 719 145 845 190 44 
 879 315 735 188 122 727 540 
 491 93 76 779 951 697 461 
 819 597 584 624 973 118 782 
 705 253 52 425 872 414 127 
 796 843 24 613 639 353 12 
 293 428 43 801 106 777 659 
 350 104 849 370 326 696 458 
 691 154 180 52 808 985 553 
 118 136 888 
 839 176 717 746 770 223 919 
 334 333 813 971 604 604 133 
 169 229 134 215 144 484 828 
 719 633 952 757 405 766 271 
 765 365 921 210 1 661 780 
 587 995 304 564 919 581 733 
 909 251 735 350 300 143 874 
 369 150 781 968 281 867 417 
 657 578 186 590 551 751 476 
 20 900 27 224 986 152 105 
 105 645 76 277 441 559 477 
 102 244 414 994 58 405 913 
 941 680 841 187 689 315 861 
 325 999 875 8 853 592 756 
 120 433 633 635 854 450 698 
 4 265 320 798 917 763 257 
 240 192 805 552 97 931 731 
 263 803 687 159 142 117 354 
 222 71 509 421 421 550 215 
 221 618 860 631 571 955 766 
 280 34 807 943 658 851 589 
 114 942 834 744 238 953 470 
 95 911 137 891 390 624 851 
 608 727 779 361 672 238 300 
 436 105 967 409 501 317 128 
 874 906 516 182 759 435 46 
 353 830 466 609 566 713 748 
 671 976 362 659 228 982 694 
 295 651 50 18 672 366 175 
 201 723 343 208 808 176 602 
 120 551 992 934 989 816 439 
 447 652 373 21 965 243 187 
 812 130 313 689 857 302 886 
 622 738 283 25 301 668 776 
 325 98 730 157 51 602 949 
 955 422 868 342 497 472 457 
 788 62 184 900 726 634 425 
 58 879 90 377 312 412 951 
 150 919 743 294 720 921 674 
 166 806 232 98 812 842 250 
 953 206 868 742 33 33 823 
 590 889 386 973 610 649 263 
 348 648 934 635 525 166 509 
 132 664 579 646 549 562 968 
 456 297 777 50 814 654 21 
 212 965 270 679 7 165 508 
 422 897 608 619 958 14 222 
 767 311 897 52 535 926 505 
 896 857 606 316 190 219 949 
 484 615 858 230 363 710 182 
 537 960 651 520 420 143 187 
 977 792 458 966 177 476 482 
 846 841 74 419 743 42 180 
 58 924 402 108 128 580 466 
 205 131 622 192 445 153 585 
 341 495 84 970 702 770 316 
 388 867 708 727 50 866 100 
 937 276 993 330 884 506 989 
 38 381 235 829 539 732 972 
 813 946 346 513 828 518 200 
 765 948 772 820 858 5 502 
 186 584 513 99 267 957 301 
 56 992 936 676 253 5 718 
 699 936 286 256 572 313 195 
 747 467 314 643 69 651 941 
 257 512 926 771 385 520 934 
 128 977 788 886 168 327 207 
 640 527 351 467 461 515 961 
 122 14 154 412 509 453 747 
 613 832 298 686 581 92 134 
 306 61 850 602 971 227 376 
 142 424 506 
 461 144 901 434 228 738 973 
 365 211 770 269 605 256 608 
 400 213 928 161 679 30 111 
 766 549 694 559 4 211 1000 
 865 626 696 423 836 5 910 
 24 584 483 725 81 314 952 
 721 205 821 460 202 597 684 
 65 87 974 690 894 282 973 
 550 949 697 714 471 532 202 
 183 83 518 123 319 192 119 
 229 903 446 529 375 470 339 
 633 193 52 116 81 343 907 
 788 524 705 864 183 260 5 
 536 483 987 340 866 19 67 
 836 577 242 702 891 670 82 
 949 286 87 250 225 828 449 
 233 370 143 383 133 67 900 
 472 506 546 742 297 795 520 
 622 528 770 53 377 412 304 
 993 463 357 843 746 847 31 
 602 497 445 798 425 107 678 
 80 293 560 57 485 23 966 
 13 655 305 594 674 433 530 
 427 569 337 481 615 115 990 
 346 707 642 640 212 579 257 
 385 310 485 405 271 445 981 
 784 959 695 464 418 160 52 
 74 302 357 106 694 733 384 
 949 361 589 31 360 397 287 
 608 270 302 595 707 191 551 
 276 356 532 242 35 765 865 
 769 820 422 844 223 891 52 
 530 605 220 18 956 262 813 
 921 644 242 429 992 506 899 
 201 469 828 65 274 23 337 
 654 176 217 405 160 884 639 
 330 242 8 941 290 465 648 
 989 590 911 597 844 110 378 
 677 441 487 538 164 653 670 
 108 880 624 486 161 688 66 
 571 702 466 908 996 730 567 
 498 794 665 591 946 708 371 
 91 193 894 28 671 193 317 
 249 755 916 851 847 70 103 
 371 180 930 112 843 242 454 
 918 100 455 125 866 907 310 
 193 361 541 875 632 102 820 
 432 314 617 708 538 824 658 
 965 395 84 228 758 990 679 
 594 389 181 535 411 505 122 
 125 932 716 359 792 833 625 
 286 899 916 633 615 775 905 
 677 773 633 23 59 719 425 
 127 721 808 55 962 834 934 
 590 796 915 66 653 98 693 
 20 58 788 800 404 989 491 
 68 920 950 609 543 25 94 
 363 101 572 862 56 402 785 
 58 174 721 237 298 537 803 
 560 910 434 302 54 855 9 
 746 198 342 123 781 940 766 
 641 2 767 696 6 747 721 
 658 95 715 170 639 632 818 
 75 68 226 479 507 976 758 
 463 4 81 640 448 35 46 
 84 116 586 416 505 750 869 
 879 256 413 487 342 683 484 
 450 23 14 581 752 108 279 
 865 516 578 628 249 967 894 
 184 961 220 836 389 873 555 
 820 65 859 142 427 929 364 
 973 938 622 
 299 745 921 673 387 123 354 
 7 880 826 325 813 186 822 
 951 203 949 920 329 32 541 
 326 929 545 170 792 3 745 
 391 835 502 534 57 808 855 
 473 834 524 237 548 588 382 
 473 826 28 234 939 919 844 
 776 253 980 62 163 192 993 
 897 195 152 239 206 746 49 
 173 495 630 527 487 444 916 
 222 861 821 990 621 385 446 
 882 507 614 918 59 983 176 
 70 883 321 816 794 127 834 
 85 441 697 932 881 956 300 
 753 761 728 970 269 802 19 
 165 18 955 569 534 871 694 
 516 977 544 774 652 318 524 
 784 452 70 121 769 184 929 
 927 364 784 841 463 320 350 
 678 369 818 391 817 328 440 
 211 975 439 393 52 371 536 
 437 585 618 808 23 231 365 
 196 917 516 769 609 916 699 
 446 231 700 431 585 243 951 
 520 258 559 24 878 773 954 
 69 16 17 510 500 563 954 
 374 255 404 62 892 199 900 
 794 587 194 726 474 49 109 
 777 19 875 599 526 737 598 
 331 297 47 585 675 967 857 
 363 348 276 275 222 790 473 
 840 456 729 256 131 661 446 
 423 454 255 266 422 555 512 
 988 369 901 749 728 116 933 
 67 523 770 238 639 38 331 
 623 615 302 320 84 481 361 
 728 460 967 512 728 545 63 
 869 317 625 900 236 545 334 
 430 793 439 120 866 749 359 
 437 993 368 24 750 314 821 
 360 42 439 928 148 246 64 
 128 112 611 106 53 102 142 
 812 288 695 253 935 845 58 
 79 476 617 280 600 498 883 
 107 263 806 972 617 432 450 
 470 269 200 849 318 120 149 
 359 234 641 105 755 448 690 
 42 441 180 222 602 121 983 
 843 111 338 799 20 786 381 
 971 652 72 281 771 297 659 
 177 770 134 358 447 267 719 
 762 263 613 778 20 540 301 
 98 498 827 295 970 449 809 
 380 428 960 821 163 863 250 
 45 823 666 670 169 228 844 
 535 410 986 342 683 137 37 
 511 675 167 458 846 823 808 
 897 885 30 390 330 914 744 
 174 714 188 653 269 130 727 
 602 209 796 8 983 863 733 
 672 681 136 337 745 128 139 
 641 10 255 616 421 114 975 
 906 561 982 115 218 153 938 
 602 363 636 753 606 945 706 
 460 334 840 293 92 430 590 
 953 713 202 455 747 894 189 
 997 394 562 732 60 497 128 
 136 759 136 961 119 845 29 
 774 387 288 13 103 925 251 
 195 443 313 785 452 645 817 
 925 257 955 103 493 938 134 
 755 974 770 
 536 816 870 606 177 631 115 
 205 208 664 111 135 914 492 
 888 173 483 571 809 228 615 
 902 75 785 336 493 145 995 
 109 598 109 756 311 322 350 
 941 579 960 759 340 693 477 
 622 78 171 474 424 708 430 
 691 711 336 70 481 474 460 
 172 407 720 407 535 517 116 
 270 779 998 568 572 997 634 
 167 513 559 115 220 980 764 
 175 179 24 954 714 339 352 
 459 745 641 386 522 910 555 
 604 605 167 449 642 422 45 
 316 523 33 277 915 86 358 
 185 338 799 348 68 817 18 
 649 231 37 747 68 358 209 
 411 359 386 946 308 509 605 
 517 406 479 447 954 177 430 
 755 229 858 24 80 672 625 
 187 328 185 864 563 83 644 
 355 795 313 690 823 884 466 
 685 205 49 821 840 844 575 
 971 337 816 933 793 139 140 
 487 975 413 368 849 764 476 
 179 966 429 266 63 535 73 
 707 654 754 638 899 968 560 
 210 49 442 556 633 586 238 
 660 57 630 453 129 831 786 
 301 511 351 530 90 284 981 
 500 422 328 271 69 912 776 
 871 141 702 754 330 426 434 
 728 537 780 909 501 610 565 
 294 488 159 207 56 347 233 
 67 935 395 468 749 41 214 
 402 160 349 750 916 995 333 
 111 909 128 490 313 341 337 
 883 718 685 385 365 323 255 
 195 857 911 723 686 257 405 
 401 371 657 377 203 548 925 
 164 382 76 382 951 844 966 
 563 225 178 94 809 113 682 
 482 883 315 200 695 288 290 
 301 635 112 337 613 991 60 
 770 737 144 808 658 588 729 
 497 667 430 858 813 136 506 
 230 928 557 935 824 40 134 
 625 219 293 949 309 44 995 
 904 183 32 707 416 540 741 
 677 865 175 329 382 490 131 
 373 73 332 332 879 838 995 
 646 794 469 374 179 471 640 
 350 102 383 916 272 512 879 
 110 946 549 314 422 104 102 
 750 637 420 348 190 989 95 
 449 442 500 209 719 657 544 
 778 829 258 225 335 357 309 
 90 835 783 948 909 763 867 
 185 905 615 809 126 453 65 
 113 406 882 623 433 351 466 
 753 689 556 386 618 792 45 
 768 510 229 589 940 368 965 
 383 568 640 999 783 736 862 
 593 322 616 873 624 229 816 
 574 874 998 416 322 565 749 
 91 782 371 863 117 93 731 
 641 171 639 577 895 447 890 
 616 727 729 229 461 1 501 
 61 788 979 294 828 686 342 
 318 380 449 906 426 687 350 
 242 479 139 585 454 160 336 
 387 157 962 
 130 327 975 445 325 278 324 
 379 452 602 391 870 647 797 
 303 804 231 152 811 977 595 
 138 971 120 705 911 975 793 
 139 484 104 889 351 371 136 
 885 677 155 179 812 174 541 
 82 999 288 222 67 330 484 
 880 898 231 68 87 805 431 
 989 228 258 399 113 507 170 
 132 545 924 698 559 37 525 
 21 486 427 474 780 649 696 
 458 848 943 586 9 709 188 
 513 404 598 931 961 760 472 
 586 545 881 585 419 848 563 
 29 188 309 835 499 987 251 
 675 628 531 502 552 127 357 
 56 83 436 287 866 545 863 
 197 196 364 433 634 411 45 
 309 605 165 32 144 4 621 
 317 293 185 223 352 115 567 
 794 872 343 35 952 48 153 
 18 216 55 912 166 806 295 
 836 568 911 223 800 372 238 
 10 939 143 557 524 115 82 
 757 576 144 115 812 803 970 
 872 938 781 810 3 105 957 
 856 668 511 745 26 921 397 
 728 312 758 117 809 656 557 
 622 256 172 268 343 659 965 
 817 325 744 509 822 980 796 
 240 916 767 363 233 592 800 
 844 691 672 678 352 62 397 
 689 910 717 870 543 399 401 
 464 540 10 8 519 947 952 
 963 731 120 76 922 867 889 
 634 912 186 535 349 470 772 
 553 974 297 583 915 728 891 
 914 200 92 770 214 980 508 
 282 278 592 394 290 736 237 
 934 681 713 79 450 960 290 
 118 190 45 149 438 490 530 
 366 57 79 361 569 697 252 
 510 422 832 130 746 431 19 
 126 787 638 979 690 293 287 
 937 274 7 641 788 462 813 
 243 277 581 537 456 220 948 
 192 850 595 657 118 584 870 
 91 169 216 749 989 710 291 
 370 758 110 859 984 586 646 
 29 89 662 985 165 630 478 
 53 158 45 719 792 591 372 
 27 817 324 944 703 503 922 
 988 607 810 448 738 492 131 
 750 659 955 500 606 406 990 
 719 309 817 198 616 136 11 
 711 985 294 966 937 97 858 
 205 751 812 509 865 850 640 
 917 716 644 469 184 625 428 
 458 886 657 276 520 737 79 
 540 23 878 206 876 474 441 
 768 979 476 458 877 883 39 
 913 965 217 248 402 6 669 
 420 897 4 142 136 740 372 
 522 771 795 575 88 805 768 
 719 639 844 22 90 66 971 
 828 257 682 545 350 559 681 
 641 895 154 656 623 601 836 
 480 182 864 614 128 505 265 
 457 747 520 710 12 287 559 
 703 468 822 93 727 711 668 
 33 476 911 5 164 52 7 
 859 599 752 
 383 146 739 81 55 197 866 
 677 797 669 457 808 855 508 
 962 194 127 493 619 741 681 
 762 88 155 670 498 353 121 
 254 705 284 477 295 861 984 
 577 672 465 414 533 356 92 
 472 222 551 231 278 880 210 
 577 589 117 678 747 478 530 
 706 794 544 406 885 784 957 
 186 747 665 821 591 743 605 
 820 546 116 971 844 936 780 
 712 147 122 853 354 306 158 
 518 648 779 419 581 541 568 
 875 198 88 547 726 299 613 
 417 490 622 921 637 172 215 
 647 190 829 758 910 784 790 
 576 655 571 297 858 352 518 
 381 310 634 986 551 328 777 
 630 456 503 545 205 539 268 
 651 65 843 780 410 318 375 
 542 721 590 965 891 865 448 
 791 656 451 800 487 829 825 
 157 588 19 181 661 946 295 
 854 649 755 409 974 415 735 
 859 636 603 869 722 906 77 
 935 998 383 729 22 714 170 
 681 715 66 115 938 960 247 
 561 441 970 604 483 404 352 
 149 159 880 696 957 484 150 
 502 500 928 636 500 786 393 
 5 967 903 132 256 855 102 
 55 681 773 132 815 186 818 
 45 624 463 835 361 720 68 
 86 496 899 791 524 147 652 
 541 668 830 400 365 195 863 
 434 110 605 471 982 2 721 
 331 6 759 216 689 790 10 
 836 755 33 466 777 358 375 
 925 77 703 109 941 422 930 
 155 393 400 378 267 99 403 
 167 551 780 94 339 367 370 
 173 531 277 28 580 885 177 
 139 545 414 659 913 130 353 
 732 407 724 38 267 704 335 
 768 296 566 202 869 130 624 
 306 724 66 640 602 16 932 
 766 417 606 96 103 446 152 
 348 915 476 279 120 849 509 
 99 287 643 648 890 816 665 
 626 713 480 710 598 822 901 
 76 693 281 619 664 756 78 
 439 950 743 820 757 51 337 
 43 809 60 689 207 391 817 
 811 743 60 961 579 988 305 
 173 570 881 842 756 615 919 
 987 498 132 302 21 223 678 
 587 51 472 458 508 736 16 
 919 684 4 100 424 95 123 
 137 406 740 164 414 414 382 
 561 481 976 977 3 771 443 
 348 523 275 697 307 416 363 
 479 306 236 36 297 537 334 
 394 678 554 341 55 425 171 
 865 97 219 180 593 627 896 
 423 652 716 176 362 96 873 
 530 294 52 867 632 749 814 
 553 197 230 908 564 823 32 
 147 388 700 704 537 149 359 
 434 643 217 703 681 701 132 
 411 23 525 202 575 315 710 
 929 509 846 677 182 668 380 
 270 505 538 
 514 676 992 41 915 323 995 
 106 611 117 924 701 864 238 
 13 587 387 761 254 978 291 
 462 453 526 284 898 885 503 
 361 749 146 559 823 697 834 
 927 373 919 555 326 12 58 
 764 706 306 368 916 506 47 
 692 973 393 132 629 911 227 
 982 484 268 4 935 224 375 
 445 855 449 299 350 564 806 
 316 474 14 440 168 437 265 
 979 132 791 665 839 646 381 
 440 82 502 747 7 843 819 
 148 853 127 111 422 42 269 
 346 46 666 480 192 598 298 
 103 681 664 684 741 443 193 
 979 889 210 550 733 246 155 
 584 188 320 908 191 555 139 
 307 536 656 196 353 422 78 
 292 660 642 151 359 263 594 
 963 417 898 825 796 467 481 
 180 525 328 598 57 430 659 
 549 293 633 260 875 660 809 
 670 110 168 120 306 931 837 
 861 922 985 178 727 244 345 
 624 996 596 154 63 944 553 
 54 381 14 3 871 430 672 
 41 759 795 918 300 449 178 
 568 907 243 81 92 901 32 
 810 982 785 592 884 531 237 
 806 967 644 696 12 830 219 
 968 649 482 942 282 166 67 
 934 630 692 326 654 798 333 
 324 349 578 4 160 730 613 
 942 262 426 213 661 100 203 
 853 688 802 165 267 772 841 
 405 104 801 661 953 66 733 
 690 531 164 665 648 366 632 
 613 109 426 394 267 7 7 
 53 54 950 347 369 866 59 
 348 547 312 107 708 410 632 
 889 71 955 580 863 806 44 
 270 723 793 448 450 978 910 
 504 401 725 444 684 970 445 
 566 139 753 183 496 392 149 
 392 955 889 890 887 993 342 
 195 878 543 190 373 814 813 
 42 524 597 783 941 438 617 
 208 970 505 489 499 612 893 
 887 482 19 346 248 171 244 
 536 919 725 141 112 277 494 
 211 765 314 914 364 186 543 
 795 188 507 243 611 408 939 
 729 243 19 24 476 945 580 
 80 202 138 36 329 841 885 
 432 748 813 100 963 968 669 
 656 232 205 64 924 507 463 
 755 270 429 127 23 348 841 
 216 76 133 626 942 528 258 
 304 527 637 88 998 702 446 
 487 621 764 992 976 702 693 
 688 65 18 427 432 639 866 
 574 969 56 181 966 944 598 
 413 869 240 690 872 112 579 
 94 487 919 648 777 377 666 
 451 41 925 178 383 338 553 
 551 612 712 718 431 145 294 
 88 337 464 196 526 677 28 
 746 653 101 603 664 484 223 
 867 241 976 753 574 395 758 
 299 861 783 34 715 526 320 
 921 731 101 
 678 464 891 76 392 556 366 
 858 195 806 773 468 700 508 
 854 223 839 177 298 481 654 
 455 345 810 896 394 62 230 
 367 276 618 831 816 1000 146 
 348 184 959 743 139 259 44 
 137 296 876 712 627 884 755 
 60 141 188 738 211 252 894 
 862 123 769 907 598 55 884 
 373 468 862 190 672 414 360 
 569 792 852 630 769 30 703 
 647 543 457 862 722 849 998 
 640 80 763 752 88 492 740 
 799 523 161 968 672 851 842 
 609 567 993 319 948 407 573 
 845 436 277 997 106 482 528 
 719 811 487 881 422 822 111 
 234 134 558 910 272 32 666 
 423 184 100 213 481 915 370 
 259 631 625 246 520 939 167 
 182 440 667 656 573 526 383 
 92 222 365 336 931 552 161 
 944 824 780 43 681 109 111 
 798 614 651 367 76 252 758 
 615 271 342 258 451 10 507 
 144 899 315 665 550 247 270 
 893 178 278 459 538 773 799 
 467 821 87 396 205 154 374 
 346 67 552 630 113 499 973 
 399 603 270 986 738 86 947 
 884 233 9 801 351 521 241 
 862 883 32 657 979 36 502 
 227 131 667 974 969 159 694 
 737 626 924 887 335 742 383 
 271 228 983 973 697 243 629 
 853 158 710 824 866 204 873 
 995 322 934 714 565 216 521 
 233 278 985 948 623 268 280 
 941 864 812 675 875 543 127 
 498 951 278 993 490 946 11 
 563 678 685 697 523 640 234 
 291 753 491 350 529 81 808 
 235 736 534 322 719 683 293 
 338 494 660 741 873 760 856 
 367 713 922 126 218 130 309 
 190 27 478 769 81 895 700 
 48 60 256 61 586 340 912 
 119 300 312 273 269 631 225 
 273 539 266 931 782 154 175 
 40 237 303 557 241 130 316 
 555 835 783 676 704 691 293 
 879 682 834 347 297 565 399 
 377 299 743 167 859 951 109 
 205 878 147 744 641 757 293 
 173 722 992 800 183 355 361 
 498 509 806 982 262 83 132 
 165 960 122 416 836 356 630 
 854 787 581 195 47 600 894 
 711 865 136 50 629 705 846 
 981 431 112 333 567 80 222 
 421 915 997 656 456 67 610 
 195 418 609 508 398 106 990 
 922 649 962 67 105 320 888 
 241 196 317 530 304 416 553 
 788 66 601 273 545 405 207 
 504 227 594 630 928 731 322 
 168 119 15 753 954 331 822 
 201 73 126 516 383 875 280 
 422 388 909 408 37 963 984 
 496 595 773 218 514 406 534 
 582 398 687 229 587 313 170 
 463 453 5 
 64220 61805 61315 63011 60902 65902 62433 
 63825 63087 61265 58755 62505 62784 61866 
 62036 60561 59243 61461 62054 61951 62851 
 60158 64543 61709 63025 62444 63783 63344 
 62879 63227 
