 500 30 0 
 621 1004 797 525 521 580 839 
 902 608 928 471 551 653 711 
 942 653 962 645 551 764 879 
 782 935 837 587 997 1084 733 
 564 745 580 778 776 904 1030 
 820 820 849 859 912 708 687 
 875 1005 666 467 506 592 567 
 390 1008 860 942 628 558 646 
 832 779 493 786 621 593 645 
 797 649 554 620 630 780 611 
 710 710 641 929 936 1017 809 
 821 688 740 902 886 835 921 
 606 862 942 976 1000 924 896 
 701 900 662 1009 785 967 626 
 541 665 733 575 779 955 657 
 700 993 789 797 813 793 967 
 647 989 749 539 754 960 538 
 641 939 599 719 881 739 928 
 750 926 666 653 919 551 992 
 627 1020 998 1048 702 1010 819 
 852 518 438 572 879 930 990 
 1000 583 748 564 735 970 410 
 530 1057 945 887 564 681 511 
 746 741 679 664 928 660 688 
 691 776 751 513 501 598 718 
 601 624 614 417 831 961 697 
 797 662 812 715 955 733 660 
 893 608 697 765 619 631 577 
 567 753 527 654 836 783 672 
 1058 675 766 851 759 907 561 
 825 674 804 878 932 867 869 
 789 696 888 986 592 812 418 
 830 531 959 678 851 623 925 
 664 948 783 805 867 669 858 
 492 914 867 532 828 573 773 
 940 918 484 550 863 771 593 
 940 985 868 1064 959 1047 771 
 766 553 661 687 791 591 534 
 696 878 723 753 993 462 443 
 814 1001 769 916 546 846 802 
 691 576 766 520 777 887 487 
 824 965 532 922 770 1025 763 
 1015 899 567 777 716 571 602 
 934 703 786 688 767 669 618 
 787 566 970 533 671 835 826 
 949 553 943 783 867 953 1002 
 936 451 743 1024 627 1024 875 
 627 977 958 630 596 689 753 
 738 718 723 475 830 581 904 
 824 553 480 1053 705 653 829 
 686 484 668 752 801 981 568 
 811 588 966 781 759 550 795 
 928 648 710 745 932 548 808 
 680 765 799 678 596 960 969 
 845 977 533 755 1033 808 994 
 844 759 1040 759 461 685 504 
 570 729 868 632 973 456 712 
 993 817 506 684 896 496 953 
 619 695 950 577 776 811 709 
 659 670 811 877 814 1017 837 
 689 908 853 959 567 556 962 
 695 727 690 637 727 806 898 
 886 916 847 895 715 719 554 
 759 704 869 789 615 902 966 
 910 996 960 1023 571 598 588 
 744 795 988 963 734 658 691 
 723 514 875 404 841 701 676 
 695 941 728 962 593 630 566 
 997 720 483 664 543 571 825 
 870 647 940 1014 672 871 459 
 877 668 836 848 621 577 740 
 487 684 947 
 475 63 103 93 434 276 117 
 443 893 278 616 939 228 792 
 637 646 945 281 685 134 735 
 453 477 568 768 17 48 832 
 589 521 996 337 76 170 935 
 954 939 894 616 831 415 514 
 86 53 99 410 441 971 897 
 159 746 953 714 110 939 833 
 573 777 726 424 984 817 839 
 291 970 114 976 393 645 900 
 80 861 972 802 147 664 224 
 805 359 992 843 839 508 699 
 600 255 889 953 696 111 87 
 452 302 351 142 393 173 383 
 697 428 175 422 259 877 92 
 790 510 476 956 172 671 877 
 485 776 731 108 515 489 175 
 263 899 789 282 726 6 475 
 436 259 846 866 915 745 609 
 605 170 511 536 597 768 705 
 334 20 152 690 601 523 590 
 892 35 499 213 459 781 211 
 576 796 712 326 47 329 683 
 82 94 314 483 841 92 290 
 670 207 392 239 318 344 379 
 15 38 638 374 971 350 453 
 378 132 710 712 649 424 260 
 824 264 403 918 23 345 309 
 486 376 802 336 704 773 199 
 942 93 989 656 636 253 244 
 715 8 950 840 615 700 199 
 796 757 880 643 439 175 177 
 390 82 893 115 65 172 340 
 592 613 382 957 725 761 53 
 551 89 468 467 660 645 938 
 932 60 170 758 600 107 109 
 843 894 59 635 779 515 610 
 861 284 813 473 897 517 523 
 778 638 652 416 663 110 749 
 299 674 265 410 552 648 909 
 509 732 252 335 534 762 301 
 888 533 817 479 649 503 594 
 538 684 537 619 885 776 13 
 509 785 954 231 132 797 691 
 150 772 812 646 643 894 856 
 990 539 333 709 410 709 580 
 133 328 162 900 831 442 399 
 190 687 138 548 84 44 543 
 122 832 716 725 862 753 480 
 702 424 497 766 714 442 519 
 890 264 433 101 84 186 765 
 898 680 321 905 533 936 542 
 185 142 529 83 934 356 536 
 445 475 902 611 755 652 882 
 943 891 980 943 949 641 371 
 843 491 255 897 4 372 530 
 390 735 31 706 469 466 360 
 448 787 370 705 605 836 715 
 662 310 736 491 691 881 343 
 550 486 23 26 903 860 543 
 437 491 300 638 798 893 485 
 864 238 161 385 564 338 705 
 318 699 16 169 817 767 386 
 236 265 788 181 834 132 552 
 742 312 876 33 881 110 512 
 107 609 734 994 454 950 346 
 483 489 314 594 585 200 778 
 328 595 351 388 428 266 156 
 293 78 784 965 168 271 806 
 455 485 934 855 690 679 387 
 597 661 284 461 799 869 283 
 205 895 325 
 799 271 173 644 597 547 174 
 273 239 575 298 55 254 379 
 96 744 890 818 210 267 633 
 147 448 109 376 427 973 713 
 349 800 219 496 984 862 63 
 55 941 938 349 170 731 944 
 330 276 794 404 539 812 726 
 402 952 78 166 247 112 470 
 51 20 140 853 992 653 707 
 346 926 518 273 887 421 952 
 798 321 706 814 31 373 651 
 283 343 778 315 111 419 955 
 582 318 808 321 819 263 469 
 249 461 900 88 19 904 206 
 770 38 339 502 178 940 250 
 371 50 522 993 119 827 44 
 664 921 745 89 953 392 94 
 748 882 964 856 222 611 76 
 274 635 886 143 91 459 841 
 507 720 989 677 815 834 651 
 828 417 960 448 701 591 99 
 266 495 438 179 815 431 20 
 228 914 65 654 520 754 64 
 864 731 534 374 752 609 866 
 522 433 792 888 469 616 53 
 39 579 433 608 629 425 591 
 919 564 274 574 778 597 594 
 272 267 448 551 689 988 166 
 994 420 605 253 706 761 596 
 881 299 557 604 378 672 8 
 665 146 798 620 281 474 748 
 554 194 601 963 741 763 997 
 913 723 883 157 526 399 652 
 500 371 120 950 942 541 711 
 451 767 974 731 694 680 742 
 228 114 305 571 441 891 917 
 549 267 207 424 408 622 707 
 898 632 978 269 472 887 149 
 285 206 958 790 850 415 4 
 962 614 921 993 288 913 25 
 689 499 855 593 569 458 144 
 963 747 824 10 140 818 76 
 393 473 4 505 602 403 915 
 603 171 810 434 454 610 683 
 55 839 56 577 733 311 27 
 805 238 626 998 589 330 788 
 841 460 891 86 608 319 236 
 395 557 852 317 894 660 184 
 624 439 594 71 272 553 565 
 347 791 709 154 552 916 717 
 376 717 246 519 512 99 963 
 31 841 802 479 812 909 536 
 909 342 214 441 391 700 278 
 854 293 807 40 765 639 78 
 170 964 499 840 463 45 805 
 348 367 47 986 336 437 922 
 387 299 147 729 274 27 72 
 229 773 37 869 390 141 377 
 35 705 973 353 580 759 956 
 277 91 475 473 848 477 265 
 753 128 852 655 2 648 719 
 61 764 894 195 476 964 339 
 304 632 72 669 444 477 482 
 487 616 19 325 243 740 352 
 705 917 410 466 590 400 189 
 489 354 740 409 62 339 894 
 815 246 611 741 319 356 254 
 566 811 674 773 983 309 878 
 720 587 1 533 109 699 536 
 256 899 847 665 816 397 702 
 192 546 263 75 116 651 586 
 700 609 2 
 856 577 794 97 910 897 116 
 905 324 325 347 848 518 424 
 181 604 151 797 912 76 538 
 751 844 226 409 422 161 11 
 682 919 439 298 420 616 463 
 288 109 302 596 189 393 407 
 433 106 450 575 242 302 194 
 51 906 916 106 582 639 175 
 648 319 895 85 377 191 800 
 868 492 531 235 464 347 822 
 503 480 487 187 724 555 115 
 950 806 270 341 504 38 426 
 651 748 343 751 996 85 837 
 915 609 787 414 928 759 337 
 709 889 518 864 387 355 7 
 417 636 491 944 365 762 787 
 582 989 45 972 183 512 989 
 747 469 440 996 747 769 603 
 799 518 445 682 294 499 440 
 620 993 982 656 552 393 882 
 753 188 494 423 143 273 846 
 364 629 995 640 243 227 273 
 652 39 169 480 204 806 847 
 687 350 742 920 603 168 889 
 746 913 938 672 118 341 650 
 409 623 524 706 920 605 331 
 322 215 199 639 805 989 346 
 113 676 319 563 567 349 506 
 150 804 185 732 589 754 24 
 317 535 989 373 569 926 79 
 537 866 183 675 857 463 151 
 762 798 774 522 447 992 643 
 803 11 642 959 82 71 348 
 223 641 270 819 713 421 390 
 72 318 29 906 131 8 659 
 497 797 147 157 499 88 547 
 843 513 656 793 310 570 694 
 940 821 501 760 969 127 51 
 138 499 183 47 651 666 442 
 444 159 523 482 285 496 786 
 128 410 315 434 676 824 507 
 536 668 269 385 35 694 974 
 486 636 877 321 142 293 149 
 17 45 979 823 997 174 635 
 323 848 496 494 49 686 230 
 772 77 979 810 842 765 227 
 938 571 180 689 86 783 29 
 8 407 686 103 676 455 987 
 827 806 376 776 774 9 909 
 974 206 223 699 409 558 826 
 397 429 98 37 530 83 522 
 862 688 25 254 441 620 245 
 749 878 41 8 718 278 76 
 354 883 376 577 289 193 550 
 463 401 784 302 828 218 930 
 921 145 853 341 494 379 644 
 368 116 350 284 16 569 994 
 723 832 222 3 985 922 110 
 370 633 744 594 453 12 409 
 823 926 418 133 274 182 367 
 254 672 280 438 188 696 581 
 785 519 477 307 636 42 381 
 461 29 316 155 120 252 61 
 756 939 18 779 659 12 595 
 883 422 922 90 30 197 238 
 641 904 477 409 14 794 345 
 396 916 58 363 705 590 712 
 238 229 524 24 299 74 403 
 157 797 974 678 428 325 293 
 231 428 956 135 539 246 228 
 41 209 369 701 12 249 434 
 17 568 212 
 446 407 55 183 975 888 889 
 359 263 74 355 955 856 648 
 566 204 592 390 345 14 245 
 581 334 51 692 162 636 988 
 25 55 530 950 774 191 991 
 790 172 426 601 357 42 348 
 804 306 24 150 430 938 194 
 418 276 840 309 334 559 964 
 132 824 476 309 759 587 486 
 302 176 205 692 33 637 145 
 466 543 356 491 161 971 163 
 599 453 33 754 816 66 850 
 383 993 566 116 47 869 308 
 748 869 432 678 275 588 850 
 543 425 236 750 228 803 991 
 462 65 14 809 324 315 601 
 89 609 881 772 713 926 616 
 651 719 732 867 432 425 803 
 223 316 867 309 960 836 368 
 576 670 539 490 701 885 627 
 802 661 111 730 630 372 617 
 622 157 204 856 385 883 162 
 154 851 573 87 660 155 324 
 14 855 35 578 664 761 53 
 781 737 21 361 54 808 282 
 716 801 234 204 848 106 299 
 76 182 195 929 200 620 760 
 65 403 422 959 22 403 78 
 640 149 117 931 17 882 600 
 362 854 904 683 599 178 802 
 64 418 560 84 413 346 304 
 353 535 875 506 691 445 30 
 228 332 813 148 476 408 929 
 499 36 926 783 597 953 946 
 284 395 97 309 654 732 55 
 599 651 157 241 305 413 951 
 940 85 730 868 508 569 485 
 791 773 912 574 990 904 56 
 994 161 782 177 698 96 511 
 234 157 478 200 819 221 639 
 797 673 658 474 188 766 313 
 30 165 837 154 142 59 373 
 772 685 300 629 152 744 776 
 698 656 901 898 305 22 471 
 209 120 436 23 150 898 55 
 194 524 726 363 589 721 558 
 517 929 702 832 658 534 200 
 399 907 160 204 783 300 756 
 356 643 961 121 836 46 488 
 519 236 435 652 457 987 286 
 696 825 919 174 765 239 607 
 801 481 770 732 830 472 51 
 411 872 351 580 740 543 949 
 963 136 774 913 77 373 61 
 529 965 225 237 7 66 423 
 445 892 290 284 191 369 65 
 177 473 794 415 814 340 481 
 268 59 158 692 588 542 720 
 966 627 875 335 494 247 654 
 771 873 544 354 378 384 353 
 15 850 865 67 573 128 543 
 77 900 195 705 694 311 423 
 460 486 252 859 175 535 204 
 602 386 727 67 250 286 235 
 286 69 458 595 455 723 859 
 168 114 684 192 525 461 150 
 921 704 114 291 717 967 76 
 943 326 219 50 453 541 886 
 558 663 813 627 485 863 129 
 473 796 993 652 735 983 508 
 477 303 897 12 670 123 611 
 33 960 705 
 356 285 705 229 556 104 793 
 98 529 476 439 112 670 656 
 374 876 303 476 127 578 516 
 825 93 547 377 830 379 983 
 98 170 717 730 278 437 89 
 934 555 252 772 796 219 16 
 28 897 713 894 737 978 78 
 389 114 552 738 338 305 521 
 443 283 350 829 95 541 244 
 667 866 581 597 838 29 377 
 303 308 404 316 323 864 478 
 812 721 852 531 652 790 417 
 432 839 569 849 409 683 1000 
 411 506 770 292 732 910 71 
 695 29 956 45 777 786 237 
 271 718 100 518 887 864 626 
 373 48 979 444 997 601 140 
 211 194 815 160 458 764 34 
 182 269 579 659 797 964 999 
 307 315 741 636 482 946 740 
 303 457 427 556 692 297 616 
 651 595 752 539 951 254 95 
 543 674 452 988 426 678 810 
 800 663 377 510 528 69 279 
 363 948 162 58 299 874 477 
 258 112 824 286 724 537 899 
 14 469 422 338 973 739 74 
 913 335 23 914 814 702 516 
 297 630 151 631 17 838 396 
 140 353 737 804 708 794 148 
 220 864 592 970 844 757 528 
 832 922 309 126 568 951 192 
 971 726 666 767 857 549 472 
 85 502 487 561 747 306 734 
 697 938 505 493 764 16 750 
 446 574 702 782 194 973 551 
 24 266 343 129 437 960 491 
 329 372 4 441 824 259 399 
 449 616 916 338 12 108 853 
 484 372 562 389 822 708 786 
 927 279 895 539 409 870 314 
 210 769 339 224 74 716 35 
 730 858 870 711 963 993 169 
 36 796 738 750 913 684 631 
 644 147 549 543 315 575 263 
 624 303 28 462 99 798 623 
 27 617 752 699 506 553 921 
 263 424 799 967 101 130 940 
 876 507 686 95 803 716 667 
 407 834 740 607 133 260 405 
 884 587 660 972 241 552 728 
 835 202 639 371 525 31 2 
 672 892 126 185 55 626 8 
 498 378 681 355 168 677 827 
 29 604 447 752 635 828 795 
 715 557 446 117 836 514 202 
 948 676 330 474 564 18 855 
 539 416 799 931 433 802 443 
 176 675 179 830 817 548 793 
 302 340 565 19 116 773 74 
 613 877 633 387 988 753 815 
 367 681 870 422 656 854 489 
 78 161 729 185 488 905 907 
 140 373 220 376 606 119 133 
 380 302 642 494 298 687 248 
 235 132 734 791 41 913 160 
 963 322 177 561 722 693 737 
 180 844 960 807 86 207 85 
 734 537 52 230 71 105 723 
 432 475 777 847 376 90 299 
 513 64 442 849 573 911 657 
 278 783 12 
 857 411 828 233 895 627 480 
 584 857 446 554 142 819 758 
 529 361 440 907 877 35 416 
 223 46 516 70 752 917 625 
 478 73 829 78 810 951 823 
 12 721 660 999 667 427 6 
 234 286 192 429 380 729 105 
 694 587 796 197 986 638 684 
 356 630 83 558 593 849 235 
 595 770 423 174 713 679 480 
 453 959 580 672 500 670 294 
 148 548 729 375 233 953 67 
 129 469 184 66 245 866 263 
 631 793 70 866 474 603 700 
 721 272 232 320 874 364 370 
 684 719 359 837 421 648 759 
 840 477 215 920 677 487 157 
 669 671 861 72 356 942 209 
 857 837 627 973 871 289 916 
 43 245 458 311 603 828 79 
 606 616 945 428 14 321 644 
 715 447 721 213 708 492 262 
 927 141 440 601 833 82 84 
 218 993 724 339 217 592 329 
 137 468 723 151 151 572 814 
 624 168 54 473 707 281 90 
 352 377 19 805 507 450 63 
 519 226 283 438 428 719 824 
 645 275 425 809 738 176 331 
 951 170 225 49 907 191 443 
 733 210 930 611 989 842 20 
 243 990 107 124 866 884 22 
 839 914 944 271 355 352 296 
 170 226 102 77 751 358 216 
 784 348 961 41 186 431 378 
 3 653 248 183 880 45 64 
 773 251 534 861 360 773 61 
 264 755 985 710 660 399 943 
 649 415 788 353 339 229 48 
 719 390 401 522 618 519 484 
 884 803 611 97 932 681 249 
 30 66 348 262 666 511 645 
 515 271 978 946 767 398 66 
 843 612 573 475 365 865 514 
 488 745 109 644 260 116 654 
 342 664 564 821 578 172 840 
 698 167 55 669 439 970 676 
 375 342 518 642 62 913 612 
 418 420 165 288 782 607 893 
 801 62 11 871 294 570 245 
 81 457 118 696 555 581 657 
 864 625 471 124 511 854 182 
 499 554 434 553 813 107 104 
 533 211 525 151 771 34 162 
 222 43 784 700 815 363 264 
 380 510 14 430 134 562 156 
 642 490 281 925 765 264 249 
 350 980 435 226 719 655 58 
 349 578 840 94 698 268 588 
 608 380 504 195 981 510 1000 
 23 392 154 923 774 926 325 
 573 32 72 308 161 232 963 
 877 143 298 631 61 222 368 
 817 252 776 261 49 555 528 
 182 763 993 132 923 110 416 
 410 217 990 259 148 572 489 
 444 892 31 36 359 694 933 
 603 511 679 195 659 636 201 
 459 735 994 59 648 381 432 
 594 922 766 245 467 889 167 
 779 428 658 731 136 421 67 
 13 544 386 
 654 503 805 437 48 962 98 
 301 374 852 2 465 779 203 
 795 467 420 171 953 148 400 
 195 916 851 633 647 977 605 
 252 342 498 828 95 489 389 
 424 415 393 149 429 270 445 
 458 90 679 685 545 885 354 
 370 427 254 581 130 663 450 
 449 21 439 973 112 720 851 
 452 495 428 896 775 936 398 
 30 762 484 500 963 485 370 
 69 179 345 730 277 509 329 
 649 43 44 82 362 35 178 
 635 936 394 428 586 166 814 
 301 676 475 673 12 370 958 
 169 157 948 870 840 921 239 
 398 740 844 126 810 790 810 
 729 932 43 657 72 933 397 
 620 382 725 79 765 214 48 
 2 632 382 638 2 632 982 
 345 576 26 246 741 6 35 
 603 730 316 282 736 792 565 
 525 580 534 312 316 352 858 
 824 24 988 664 186 690 590 
 612 490 323 602 189 869 247 
 944 519 27 24 233 455 44 
 972 271 181 520 541 359 323 
 508 364 599 327 280 230 808 
 18 577 946 74 966 751 815 
 265 482 861 600 732 493 84 
 868 696 563 487 423 862 875 
 764 883 121 340 368 948 357 
 963 383 414 992 958 542 959 
 42 933 841 340 940 222 947 
 596 370 565 232 574 647 245 
 636 444 397 954 554 533 322 
 850 365 443 913 670 702 721 
 301 92 769 554 294 746 216 
 241 497 402 372 548 745 409 
 88 728 720 686 340 107 356 
 874 546 195 857 35 449 258 
 450 424 741 942 472 413 195 
 282 526 244 37 975 393 935 
 867 192 571 768 507 560 290 
 756 694 979 579 859 99 919 
 368 537 663 65 746 274 403 
 519 751 671 611 729 954 339 
 560 182 221 420 245 367 150 
 226 978 182 941 17 578 125 
 497 742 205 95 470 683 61 
 31 399 571 760 234 595 236 
 754 973 993 15 280 845 851 
 145 804 339 916 207 388 356 
 232 716 193 641 904 122 792 
 68 754 257 251 589 371 507 
 285 55 900 3 751 590 813 
 793 789 597 364 391 696 705 
 123 904 329 952 469 93 755 
 119 951 743 421 293 790 964 
 626 667 516 578 921 528 842 
 484 675 190 244 799 384 718 
 280 588 320 492 925 347 258 
 722 394 4 30 414 613 117 
 820 803 120 730 825 992 747 
 120 941 379 573 720 221 107 
 712 235 760 63 935 626 92 
 826 760 178 103 836 33 66 
 805 111 764 829 188 118 498 
 405 112 253 337 773 88 448 
 917 365 565 245 231 836 550 
 209 801 847 53 492 733 804 
 655 572 848 
 581 181 361 562 69 821 29 
 954 828 464 402 916 482 274 
 689 978 837 436 934 179 178 
 249 772 630 750 418 842 772 
 242 642 90 280 7 48 278 
 64 799 952 817 426 223 177 
 422 709 566 276 468 68 935 
 113 836 290 910 826 320 613 
 356 796 259 629 42 960 664 
 514 791 542 236 687 586 748 
 34 664 806 98 27 300 345 
 342 266 706 219 661 808 357 
 518 648 532 224 306 42 552 
 720 598 907 748 708 301 654 
 875 669 302 242 720 789 714 
 91 726 97 283 582 442 694 
 169 695 505 69 260 947 201 
 838 233 260 633 749 373 944 
 911 463 362 856 101 611 660 
 937 722 737 770 341 994 172 
 845 815 773 734 418 312 848 
 704 767 428 766 878 688 411 
 837 316 671 473 64 891 252 
 941 312 473 906 970 305 884 
 790 511 101 653 869 254 147 
 580 588 999 717 903 439 194 
 85 210 679 703 301 845 564 
 526 304 848 173 485 172 39 
 130 644 381 582 974 354 280 
 491 733 518 796 886 761 421 
 792 130 821 750 588 904 902 
 663 425 656 732 301 839 630 
 780 614 379 757 259 431 437 
 927 514 405 562 72 884 156 
 903 358 936 633 248 977 687 
 535 355 314 277 67 104 588 
 928 705 757 509 417 706 819 
 595 757 204 914 455 290 984 
 477 299 610 354 997 138 802 
 635 526 628 191 622 884 230 
 877 12 499 915 206 735 793 
 501 653 457 949 417 928 771 
 828 214 335 196 47 739 271 
 768 485 579 269 52 794 627 
 788 18 781 653 996 145 498 
 731 696 634 796 597 206 346 
 720 215 149 106 610 227 440 
 697 560 18 996 148 657 314 
 403 987 787 341 774 899 766 
 95 852 595 788 958 597 735 
 494 767 558 174 581 269 98 
 52 573 728 781 390 338 886 
 824 721 983 645 258 865 434 
 268 981 842 977 812 652 345 
 787 410 950 80 798 954 36 
 451 476 754 529 918 141 924 
 294 35 659 689 27 573 975 
 389 812 125 695 495 82 359 
 660 965 757 859 940 729 97 
 109 429 309 264 548 149 440 
 33 418 385 766 299 873 603 
 361 253 496 634 570 265 527 
 561 469 819 593 944 528 981 
 458 426 145 920 197 291 730 
 250 615 71 454 506 896 26 
 184 109 231 748 735 686 914 
 1 188 199 80 753 232 10 
 624 372 613 598 941 219 787 
 442 352 399 87 690 52 211 
 979 917 399 128 544 955 917 
 396 932 350 956 65 987 192 
 880 23 414 
 774 700 833 150 567 429 256 
 840 455 519 418 998 41 347 
 568 632 72 375 938 495 757 
 596 419 966 342 614 165 687 
 42 270 82 545 71 471 863 
 970 536 58 505 614 591 41 
 124 517 910 238 408 550 317 
 673 282 126 891 412 883 446 
 829 351 515 447 399 914 979 
 439 166 982 877 417 609 282 
 197 14 19 663 708 445 57 
 10 952 531 835 76 165 267 
 957 828 418 804 515 495 747 
 709 974 725 186 577 161 987 
 941 43 578 575 829 536 281 
 600 707 558 538 273 995 432 
 882 769 174 959 708 860 849 
 368 480 543 607 352 328 934 
 743 727 698 638 229 911 692 
 193 857 804 459 932 305 608 
 258 115 55 238 19 871 843 
 986 582 773 335 58 573 694 
 949 999 11 326 417 554 24 
 485 797 527 886 711 304 498 
 936 908 566 92 647 478 917 
 523 412 367 53 108 549 150 
 230 850 248 781 46 716 265 
 932 9 80 459 483 350 137 
 784 721 155 961 472 712 201 
 944 755 789 861 224 767 712 
 796 61 656 360 683 615 499 
 803 49 613 785 104 46 386 
 91 54 240 967 234 600 962 
 595 596 159 803 612 389 789 
 431 869 91 994 479 789 479 
 554 809 587 693 161 224 708 
 187 747 89 448 385 718 163 
 447 236 275 700 159 442 769 
 843 986 509 777 666 346 768 
 702 159 980 515 436 518 821 
 198 958 481 527 311 245 426 
 66 340 699 230 755 15 459 
 914 772 916 695 139 233 299 
 526 174 134 718 796 468 298 
 179 959 987 732 758 698 380 
 575 917 836 145 399 563 390 
 666 41 481 647 412 148 297 
 256 456 193 864 438 989 307 
 166 330 453 151 646 931 120 
 330 422 518 58 333 454 11 
 61 969 201 583 575 202 4 
 888 961 357 169 940 141 218 
 299 625 941 832 710 835 579 
 618 478 638 84 749 773 490 
 603 487 129 807 255 119 699 
 469 708 806 871 13 363 833 
 652 172 952 99 84 286 127 
 965 184 700 886 61 691 691 
 80 183 3 852 447 470 998 
 50 303 88 650 944 466 469 
 595 639 447 62 11 776 762 
 910 923 637 138 625 99 255 
 61 46 523 711 268 486 144 
 783 669 458 645 116 580 174 
 879 769 825 711 374 164 776 
 966 740 207 91 393 744 679 
 64 790 200 764 209 119 135 
 413 607 572 996 552 694 67 
 806 164 191 800 353 407 713 
 332 330 543 172 215 713 625 
 338 574 91 499 790 562 69 
 122 10 798 
 376 218 554 711 199 441 898 
 657 442 370 968 749 40 723 
 401 108 574 278 724 682 873 
 359 784 147 805 898 399 639 
 900 625 328 813 85 408 829 
 536 234 290 233 564 896 231 
 310 630 52 980 274 487 602 
 121 16 527 469 600 589 321 
 109 763 537 307 187 810 138 
 170 486 279 647 271 116 946 
 66 99 808 259 579 412 269 
 147 899 965 902 377 895 38 
 51 13 793 513 915 534 581 
 215 196 540 297 550 796 910 
 722 500 237 121 877 552 666 
 284 164 421 180 823 957 477 
 418 437 474 327 781 893 83 
 649 359 132 171 372 335 384 
 308 377 149 165 563 399 989 
 696 28 186 950 157 724 346 
 272 8 240 401 247 173 361 
 402 353 473 28 330 265 333 
 210 608 546 309 788 819 139 
 461 645 504 373 718 525 240 
 828 739 641 699 713 407 188 
 928 940 10 427 559 305 848 
 539 668 146 159 99 420 846 
 988 233 252 277 997 238 711 
 227 636 257 932 693 752 332 
 888 135 355 656 153 273 924 
 577 526 245 354 481 751 969 
 957 502 56 324 956 555 28 
 835 526 575 740 161 369 991 
 220 320 628 708 609 546 125 
 77 918 942 674 675 319 83 
 424 294 643 390 548 578 732 
 371 685 9 475 701 815 687 
 438 390 934 377 506 477 654 
 715 454 795 388 531 805 99 
 572 616 81 341 193 66 616 
 753 615 520 416 755 48 268 
 665 523 184 872 247 202 514 
 708 700 852 366 23 607 728 
 985 513 839 817 179 561 318 
 537 430 532 918 858 83 784 
 972 477 853 116 878 334 506 
 616 198 189 533 627 923 126 
 85 568 612 571 155 632 92 
 158 142 934 589 569 374 541 
 76 962 434 786 392 447 74 
 216 370 925 900 743 450 248 
 976 956 40 593 450 551 605 
 619 610 608 5 108 125 887 
 349 404 362 588 524 7 700 
 973 187 579 322 881 140 8 
 807 807 989 418 66 632 353 
 79 118 436 314 704 391 576 
 368 570 577 603 415 315 201 
 51 205 91 696 826 71 392 
 370 71 166 447 219 86 157 
 203 660 703 679 791 296 183 
 594 499 10 17 574 441 498 
 763 660 644 795 952 38 837 
 486 320 275 710 468 321 863 
 98 142 660 659 19 781 864 
 42 161 977 247 127 747 146 
 363 599 767 671 310 82 41 
 289 891 921 486 991 160 926 
 429 192 352 926 42 370 107 
 24 282 622 460 210 310 704 
 654 951 495 343 85 91 590 
 664 453 810 
 993 923 422 724 268 610 82 
 514 53 589 996 724 974 247 
 729 442 552 542 179 159 580 
 269 849 468 401 849 376 674 
 101 830 664 261 828 407 439 
 296 105 832 86 581 87 107 
 733 906 582 668 399 626 390 
 301 660 609 701 553 83 436 
 889 82 4 716 716 72 375 
 513 642 856 719 462 604 392 
 435 568 642 363 386 558 778 
 546 948 952 963 828 353 487 
 392 683 634 673 757 87 385 
 792 539 847 817 703 139 243 
 453 252 829 578 354 740 438 
 604 732 513 90 575 473 620 
 511 987 119 699 293 876 743 
 657 807 618 814 992 594 626 
 487 327 96 18 178 979 764 
 999 635 719 427 551 354 811 
 807 6 334 422 578 273 705 
 660 36 595 681 925 749 291 
 236 75 898 666 377 777 592 
 29 78 859 617 511 29 490 
 473 787 22 237 903 405 922 
 46 13 118 501 457 638 857 
 217 141 297 192 474 80 618 
 774 974 501 779 523 752 156 
 517 753 89 629 441 833 613 
 549 276 52 591 236 806 355 
 12 460 105 461 151 793 234 
 44 466 489 146 310 799 538 
 881 916 610 806 815 221 95 
 304 801 376 890 484 277 851 
 722 96 415 983 621 707 599 
 991 779 497 953 965 562 524 
 794 651 332 826 962 561 778 
 489 783 356 590 579 99 504 
 259 986 715 187 966 857 975 
 938 361 288 271 352 892 461 
 148 779 690 387 866 956 620 
 124 623 209 192 861 917 453 
 383 38 182 474 241 742 316 
 764 233 809 86 21 144 425 
 194 696 547 253 821 942 500 
 252 819 706 440 784 303 245 
 205 322 865 592 778 465 971 
 710 772 418 802 301 164 903 
 260 272 994 159 126 262 63 
 497 579 79 678 272 796 396 
 832 285 282 756 49 248 268 
 870 342 932 456 802 131 653 
 43 838 431 378 778 290 118 
 202 53 770 258 249 798 982 
 864 807 164 75 564 933 608 
 999 372 686 916 167 677 103 
 703 745 247 295 369 664 969 
 604 759 451 533 243 109 261 
 978 852 462 610 276 961 982 
 806 971 158 937 861 629 734 
 827 682 340 537 847 696 928 
 471 796 386 675 75 858 228 
 975 480 424 326 799 12 628 
 91 80 583 759 973 350 985 
 998 934 229 927 472 631 694 
 620 96 521 398 215 562 397 
 781 344 110 492 987 322 46 
 341 563 560 886 722 21 959 
 160 745 28 799 821 675 692 
 544 244 783 593 94 730 412 
 456 605 829 872 710 92 80 
 356 762 617 
 709 931 140 919 206 430 258 
 122 610 538 62 38 280 244 
 881 307 221 921 622 65 333 
 568 86 627 211 772 919 357 
 177 259 676 261 375 576 899 
 339 323 80 528 615 916 854 
 540 807 782 200 845 214 941 
 150 165 459 330 285 618 775 
 246 376 128 236 578 113 912 
 821 154 235 935 962 813 471 
 287 120 878 216 582 34 343 
 271 512 938 162 357 333 102 
 216 564 26 58 229 444 552 
 721 602 231 607 379 152 188 
 145 757 325 36 566 900 216 
 693 731 239 516 585 153 663 
 798 678 39 104 23 804 935 
 156 73 593 905 396 337 325 
 241 686 392 500 153 285 577 
 374 279 355 339 143 404 302 
 228 976 458 550 753 106 386 
 242 159 38 80 262 680 919 
 696 205 479 273 406 542 587 
 18 614 232 363 253 983 164 
 877 438 673 463 406 369 992 
 965 313 881 48 116 32 537 
 79 6 644 836 168 916 260 
 894 645 418 439 142 682 111 
 778 378 889 985 384 769 177 
 554 588 934 438 789 992 258 
 655 919 195 902 194 533 244 
 315 287 657 985 401 311 532 
 270 290 2 330 758 316 315 
 912 635 880 53 999 382 935 
 122 806 292 581 407 201 735 
 972 569 427 216 337 358 684 
 565 645 939 842 159 427 257 
 353 543 108 694 555 558 996 
 933 350 466 106 21 616 335 
 979 698 643 276 451 998 552 
 984 672 877 76 680 943 410 
 518 874 843 621 4 214 425 
 410 728 305 429 712 750 57 
 818 454 491 233 827 718 748 
 586 980 846 212 661 408 371 
 275 386 481 788 702 335 537 
 767 235 386 340 654 225 717 
 273 783 937 748 836 159 678 
 784 821 156 846 433 599 436 
 686 813 880 633 312 507 147 
 481 515 454 134 399 822 51 
 628 803 580 857 642 338 238 
 898 403 750 939 245 211 195 
 928 193 514 431 232 466 744 
 182 346 244 227 8 821 832 
 737 948 901 969 697 577 306 
 173 968 761 108 475 84 723 
 473 793 490 284 810 83 104 
 142 849 563 673 572 363 796 
 412 842 925 756 771 879 967 
 740 124 111 355 873 698 3 
 829 752 457 920 223 291 244 
 903 132 86 678 225 744 504 
 426 385 705 738 556 31 641 
 434 675 920 342 36 421 654 
 191 549 65 745 575 71 426 
 131 111 363 304 28 661 26 
 414 290 871 378 476 397 77 
 953 683 270 762 298 210 526 
 240 602 499 334 254 321 620 
 162 579 850 134 724 264 249 
 55 594 295 
 335 960 287 388 495 150 954 
 776 622 753 136 288 236 383 
 418 703 485 670 695 192 158 
 163 231 434 808 589 717 321 
 182 664 874 984 446 59 281 
 201 89 793 126 456 306 359 
 621 963 57 290 116 361 573 
 182 624 397 19 583 656 90 
 505 200 540 363 312 620 99 
 42 933 695 751 420 79 764 
 250 598 798 29 524 970 24 
 276 331 976 826 685 890 469 
 856 15 637 628 573 614 969 
 751 17 658 999 139 142 949 
 290 670 609 743 693 346 33 
 922 366 7 857 5 112 130 
 508 992 444 752 469 148 405 
 416 948 576 662 979 360 835 
 100 308 488 604 906 248 511 
 195 784 364 483 902 475 745 
 428 387 163 536 724 857 583 
 565 419 221 689 486 175 765 
 689 360 558 222 426 942 763 
 613 951 960 770 367 883 748 
 460 234 131 64 369 656 292 
 731 113 896 715 438 720 490 
 249 694 797 261 467 646 353 
 443 731 487 760 559 192 359 
 129 292 613 114 580 581 189 
 355 696 596 266 377 923 427 
 432 642 774 996 804 720 502 
 81 595 565 339 907 565 288 
 877 963 974 669 483 785 864 
 510 532 776 154 684 186 6 
 118 731 938 173 669 656 740 
 867 875 908 746 409 250 53 
 634 573 440 513 820 512 360 
 626 187 983 249 272 75 586 
 177 625 230 471 143 641 318 
 20 11 474 698 478 478 657 
 593 60 24 558 280 650 670 
 458 900 294 456 710 46 269 
 187 631 41 180 59 732 980 
 358 902 315 224 792 922 294 
 880 989 892 497 644 786 621 
 504 468 201 61 243 429 566 
 84 841 557 348 52 877 334 
 893 408 763 508 123 683 321 
 422 177 281 757 47 881 358 
 11 338 508 928 755 151 771 
 917 116 863 520 876 683 137 
 707 21 961 930 693 552 991 
 343 703 806 819 754 568 9 
 552 342 881 452 446 955 545 
 642 687 663 223 808 916 195 
 978 650 875 961 618 230 122 
 878 253 162 128 699 353 854 
 560 131 757 282 37 133 805 
 710 108 311 385 643 883 870 
 205 564 309 719 935 564 267 
 589 370 382 498 529 413 791 
 630 482 114 140 658 770 935 
 315 549 476 719 931 427 294 
 453 922 905 483 382 282 86 
 341 548 962 986 805 338 910 
 47 74 643 871 162 283 577 
 544 352 725 766 973 704 347 
 4 412 661 633 37 120 287 
 742 737 553 166 500 683 766 
 63 313 147 742 90 11 585 
 481 666 686 582 369 169 590 
 243 304 22 
 715 294 480 424 358 664 989 
 79 503 807 699 527 476 300 
 78 44 810 972 69 76 908 
 815 582 223 660 58 488 71 
 564 829 931 303 698 308 728 
 461 343 190 696 767 151 839 
 606 504 390 62 579 983 375 
 542 348 739 939 76 14 728 
 163 181 501 536 151 389 127 
 555 410 783 708 108 995 944 
 754 49 220 474 890 792 360 
 801 132 841 80 600 299 248 
 282 745 728 519 77 446 808 
 710 695 722 812 762 114 238 
 540 525 98 653 323 131 936 
 63 432 448 652 982 946 627 
 685 442 138 59 256 133 93 
 139 737 133 768 559 308 725 
 554 883 530 978 303 232 437 
 446 978 966 978 279 840 121 
 833 772 413 251 638 149 576 
 756 181 952 357 876 167 539 
 773 412 479 301 728 624 835 
 626 110 877 170 386 104 411 
 714 577 754 49 239 740 501 
 674 75 120 893 283 521 619 
 111 761 615 279 713 189 998 
 450 431 128 891 55 337 700 
 763 938 37 136 737 965 613 
 601 119 853 361 528 821 236 
 795 640 740 645 133 268 714 
 986 738 171 963 341 334 282 
 788 456 87 765 751 965 225 
 486 557 468 514 737 951 480 
 954 957 691 464 784 259 679 
 15 540 380 86 843 265 996 
 310 845 295 488 997 805 497 
 264 206 803 227 13 376 661 
 425 473 593 228 960 313 653 
 789 397 92 945 344 871 288 
 813 818 206 129 277 235 976 
 816 214 95 735 749 345 885 
 20 317 617 905 737 257 204 
 265 402 924 363 978 130 986 
 522 185 772 393 126 664 968 
 162 177 646 993 852 128 637 
 392 596 614 346 691 901 856 
 343 643 825 248 1000 417 862 
 470 120 510 383 930 489 4 
 376 250 685 528 279 931 455 
 76 618 809 528 165 540 607 
 955 210 783 430 440 63 273 
 29 241 324 407 772 318 562 
 314 761 144 511 587 791 967 
 53 255 458 901 63 419 787 
 111 942 679 683 183 190 954 
 289 907 949 361 924 426 253 
 814 295 460 109 938 448 903 
 812 891 887 617 977 228 54 
 160 210 231 813 587 411 467 
 810 135 130 150 147 776 516 
 601 612 702 50 85 214 987 
 401 9 957 221 380 360 288 
 824 530 461 319 809 119 543 
 791 403 987 186 29 850 868 
 10 403 96 477 936 612 74 
 372 427 465 122 788 333 866 
 491 495 43 740 31 904 505 
 694 592 804 817 617 791 119 
 474 146 768 965 760 841 467 
 271 368 518 792 826 791 369 
 642 814 151 
 54 200 620 730 675 459 93 
 346 385 419 161 726 108 536 
 982 100 347 498 253 758 773 
 39 139 23 690 200 829 339 
 236 570 289 224 706 309 332 
 421 211 422 583 487 210 141 
 200 686 534 974 785 657 119 
 815 51 878 664 215 585 623 
 630 577 981 205 300 19 819 
 742 844 409 855 862 158 480 
 822 95 824 467 807 320 321 
 455 232 95 254 896 488 966 
 664 712 73 478 380 371 761 
 38 248 116 973 418 798 796 
 524 236 546 743 596 163 651 
 48 55 230 420 118 291 727 
 152 853 108 616 151 804 866 
 30 283 199 995 927 688 773 
 118 628 271 863 556 7 561 
 342 647 44 724 233 591 527 
 399 184 193 689 981 428 335 
 90 652 779 957 773 522 76 
 456 702 453 455 815 572 199 
 242 351 79 610 723 984 680 
 377 472 481 763 819 360 667 
 245 750 71 472 701 455 940 
 138 100 124 187 731 404 829 
 409 728 578 894 428 116 99 
 558 886 110 608 788 917 130 
 233 926 899 937 251 74 630 
 704 201 233 447 160 227 878 
 419 586 49 258 436 176 262 
 740 85 244 925 187 311 330 
 260 668 654 133 443 890 147 
 26 691 105 352 94 550 880 
 173 808 498 954 989 134 933 
 403 583 817 672 426 582 239 
 387 739 335 908 124 337 870 
 424 407 102 159 687 837 299 
 653 587 452 750 845 130 849 
 54 120 671 256 616 987 33 
 144 943 382 253 831 909 774 
 908 816 420 218 356 815 642 
 848 168 856 720 118 543 355 
 346 208 669 272 956 132 836 
 730 473 799 704 910 659 421 
 549 39 545 763 353 776 843 
 989 857 633 279 374 980 46 
 737 498 666 915 164 253 466 
 191 275 282 150 43 934 955 
 743 25 942 804 808 773 255 
 990 68 572 144 172 574 39 
 235 215 436 990 21 714 307 
 764 620 829 593 86 164 994 
 781 859 952 944 790 907 768 
 731 54 71 799 928 373 364 
 626 625 196 415 656 334 808 
 167 84 85 931 277 355 263 
 617 261 149 626 776 818 934 
 38 285 562 954 641 726 110 
 394 528 315 904 969 908 595 
 890 677 80 632 651 278 100 
 185 272 392 971 140 452 528 
 405 64 535 672 292 627 896 
 850 606 609 882 943 367 511 
 72 389 212 290 336 586 983 
 707 104 723 414 295 76 283 
 386 951 146 668 256 989 836 
 718 546 249 331 882 99 902 
 283 574 268 537 339 942 665 
 378 65 127 427 866 552 147 
 619 899 992 
 196 724 181 33 313 509 702 
 55 544 961 615 725 313 527 
 687 489 799 608 232 3 221 
 564 907 901 269 579 900 609 
 583 404 517 766 59 751 916 
 320 207 892 540 738 311 712 
 148 988 480 467 154 884 658 
 10 701 486 425 604 501 108 
 362 391 402 252 670 465 783 
 420 184 22 277 110 702 836 
 487 635 634 991 73 161 253 
 126 912 828 576 186 80 574 
 58 650 431 694 520 832 460 
 817 48 825 743 652 644 102 
 112 869 223 405 871 12 817 
 79 574 108 346 416 912 889 
 432 633 464 105 696 965 618 
 411 774 421 890 233 733 980 
 558 668 662 649 300 115 497 
 64 435 339 620 504 635 285 
 78 882 523 147 562 862 982 
 585 988 750 861 451 844 999 
 75 786 814 58 267 653 150 
 799 986 265 92 980 268 833 
 723 113 503 812 769 4 457 
 122 758 938 26 572 884 604 
 73 517 139 653 592 821 145 
 357 791 999 780 543 42 559 
 112 722 873 382 799 770 387 
 865 347 428 377 845 732 708 
 251 755 946 831 582 523 289 
 23 817 114 960 874 698 74 
 72 121 139 598 37 257 867 
 922 670 892 294 212 580 669 
 756 558 652 805 43 646 37 
 832 60 356 616 302 389 960 
 794 475 435 759 75 790 678 
 108 116 722 514 62 850 678 
 961 981 773 476 482 707 143 
 180 584 117 789 710 594 647 
 359 698 909 89 255 191 564 
 372 988 661 555 874 435 188 
 726 687 610 113 924 196 69 
 467 323 22 516 802 18 936 
 746 970 385 470 214 738 545 
 748 488 991 827 209 467 559 
 697 40 156 359 990 592 839 
 732 679 401 916 426 926 133 
 3 653 522 159 221 819 281 
 407 334 198 656 849 243 11 
 776 312 624 931 529 646 511 
 876 979 616 183 855 753 803 
 834 304 588 722 828 40 304 
 202 829 330 9 251 325 943 
 939 127 346 17 916 464 259 
 170 507 20 34 547 245 39 
 444 587 939 204 183 990 716 
 907 368 817 764 145 793 742 
 642 307 485 316 282 912 156 
 484 95 121 861 291 814 153 
 870 810 451 885 644 584 524 
 994 396 2 368 785 989 88 
 637 588 643 999 204 781 261 
 750 837 426 409 281 809 19 
 604 558 667 95 932 812 142 
 617 729 749 294 159 439 799 
 710 660 445 278 620 794 979 
 678 62 930 93 460 323 183 
 609 146 433 333 890 20 242 
 253 507 326 510 213 99 842 
 63 41 122 467 326 884 247 
 826 905 85 
 471 755 465 450 877 678 885 
 357 101 823 456 753 38 277 
 51 394 651 66 394 624 840 
 872 911 346 324 334 914 945 
 291 492 251 908 97 676 541 
 13 662 189 2 182 68 383 
 14 637 825 712 29 648 260 
 144 979 9 34 630 880 136 
 998 288 280 611 234 53 611 
 302 440 988 833 803 718 560 
 347 248 461 370 658 395 481 
 261 449 965 839 607 97 506 
 375 692 576 532 166 458 416 
 626 882 69 737 437 620 936 
 462 676 7 912 392 276 843 
 729 285 337 160 876 774 427 
 658 135 996 761 321 723 568 
 550 926 372 892 710 733 651 
 876 767 829 171 500 1000 176 
 148 105 810 611 35 671 56 
 469 63 502 472 63 345 499 
 863 479 867 223 798 677 189 
 458 23 506 695 5 181 99 
 274 827 886 98 189 949 754 
 934 801 239 353 472 643 159 
 598 773 20 847 876 450 355 
 870 244 891 5 211 237 609 
 418 668 856 535 463 274 352 
 795 274 653 372 357 474 295 
 770 921 154 1 195 508 577 
 927 377 984 667 869 912 880 
 853 662 999 370 747 137 94 
 8 658 18 229 517 428 977 
 752 191 902 20 524 256 987 
 318 480 596 367 204 612 291 
 836 612 490 260 396 668 167 
 110 235 643 560 302 873 114 
 20 198 458 408 878 356 566 
 249 111 374 319 356 29 438 
 679 94 110 802 213 218 722 
 488 235 269 339 299 681 523 
 742 665 367 36 207 464 188 
 699 790 308 418 156 3 858 
 574 931 546 737 200 357 607 
 101 399 304 712 555 833 313 
 93 635 669 536 256 25 25 
 830 780 162 763 866 424 111 
 273 102 112 748 494 821 791 
 805 482 632 279 996 777 285 
 460 61 663 135 211 733 336 
 244 310 543 138 496 173 61 
 110 420 3 902 115 790 862 
 4 609 600 652 954 318 440 
 349 984 819 306 485 142 756 
 344 223 434 833 468 704 985 
 159 379 560 615 710 906 953 
 584 633 574 117 578 999 573 
 609 872 132 717 947 247 246 
 7 741 774 384 499 631 496 
 169 995 366 193 250 935 94 
 738 290 364 680 668 146 452 
 20 807 991 539 502 320 746 
 510 248 427 98 60 466 774 
 452 274 148 137 296 175 280 
 310 435 804 135 29 131 562 
 794 741 142 768 389 17 2 
 867 530 360 155 748 332 851 
 893 168 798 956 31 219 230 
 27 788 321 325 320 673 970 
 324 80 600 835 957 224 46 
 516 783 226 463 349 719 594 
 52 239 790 
 303 778 460 695 50 362 302 
 77 528 935 545 975 280 92 
 296 203 99 777 712 427 542 
 146 102 273 369 590 113 452 
 765 231 670 960 256 606 936 
 247 551 84 69 329 920 649 
 918 292 781 221 830 597 55 
 599 520 818 264 433 510 605 
 607 152 246 240 385 724 379 
 384 868 324 483 364 260 774 
 478 602 705 553 313 702 22 
 755 198 538 835 250 852 643 
 493 67 678 33 554 932 101 
 421 807 890 579 584 757 889 
 94 87 351 175 369 24 845 
 591 330 683 509 327 438 33 
 14 465 796 703 173 841 348 
 22 212 35 293 689 917 97 
 369 286 226 815 721 280 770 
 896 464 931 450 28 601 917 
 818 200 935 300 394 532 400 
 692 16 250 448 781 339 348 
 471 334 749 42 955 731 267 
 398 580 167 300 16 129 635 
 626 608 253 834 827 575 256 
 834 159 755 47 363 879 191 
 20 492 618 7 243 770 566 
 660 962 368 864 949 918 332 
 565 247 77 424 396 161 911 
 763 794 51 315 35 19 224 
 850 364 384 423 750 780 414 
 5 249 238 8 984 893 619 
 386 868 944 719 725 470 203 
 793 473 770 998 161 205 396 
 437 118 72 112 649 935 997 
 715 439 781 552 582 160 106 
 556 517 366 653 655 804 665 
 96 780 268 748 520 791 600 
 131 770 462 547 297 669 636 
 77 83 908 485 162 534 375 
 545 992 609 798 920 628 875 
 78 489 956 818 359 803 322 
 600 283 440 301 726 231 964 
 375 981 854 721 95 289 938 
 224 332 364 114 359 582 260 
 634 726 620 332 14 855 76 
 939 996 169 15 759 812 267 
 609 463 776 488 849 690 747 
 23 924 131 115 127 426 137 
 62 420 477 809 526 133 501 
 994 789 178 934 292 87 94 
 900 408 505 736 43 517 229 
 808 176 272 162 924 879 272 
 278 944 579 709 259 304 56 
 911 210 605 608 533 475 568 
 847 868 71 98 160 308 507 
 839 371 329 310 614 197 686 
 661 801 518 105 698 965 792 
 279 721 809 780 254 86 446 
 517 965 351 595 689 996 982 
 541 451 634 707 184 450 66 
 259 825 151 309 10 415 489 
 54 705 85 72 232 440 192 
 363 792 74 265 666 489 907 
 282 579 427 746 320 526 676 
 967 372 151 930 979 737 214 
 861 722 517 456 39 753 272 
 988 528 615 630 69 971 758 
 276 202 650 678 573 726 483 
 813 937 840 367 592 458 131 
 151 968 182 731 477 517 779 
 868 475 124 
 30 347 310 424 522 481 504 
 545 465 666 640 335 636 586 
 210 829 970 18 294 630 418 
 597 921 545 369 678 638 91 
 329 493 811 224 704 821 603 
 322 188 431 366 973 423 4 
 763 600 791 933 689 196 762 
 315 383 641 916 310 234 925 
 504 965 8 884 216 810 990 
 55 477 787 7 668 404 304 
 30 865 815 328 738 399 351 
 561 959 976 34 692 980 857 
 72 509 40 150 173 443 362 
 544 479 691 685 439 300 20 
 305 104 635 35 232 244 71 
 685 397 102 778 814 629 594 
 40 740 770 22 463 290 91 
 850 727 589 822 231 309 489 
 136 865 503 697 930 476 799 
 345 204 887 769 755 222 587 
 298 587 35 762 646 987 628 
 88 352 534 405 787 894 286 
 689 777 892 339 311 877 718 
 161 890 841 506 201 441 235 
 19 923 803 712 751 792 240 
 624 483 362 536 751 691 832 
 956 775 171 883 382 294 796 
 930 905 611 111 693 608 767 
 819 427 472 550 471 668 613 
 539 967 894 645 845 559 961 
 822 682 888 937 753 63 428 
 598 963 333 579 501 415 99 
 460 972 389 31 723 864 553 
 225 916 479 540 877 235 373 
 74 518 650 279 768 763 39 
 776 835 419 307 815 841 424 
 723 309 601 661 380 311 185 
 615 192 600 435 477 147 171 
 583 278 996 259 919 30 140 
 516 228 849 696 134 971 508 
 287 852 608 838 699 929 182 
 49 487 261 60 16 588 578 
 439 880 330 33 855 966 681 
 907 531 660 718 505 475 539 
 332 810 193 584 688 200 967 
 590 594 185 679 303 773 702 
 189 938 493 222 77 371 403 
 984 651 677 874 682 831 744 
 143 477 892 411 410 156 565 
 728 366 208 967 370 259 222 
 340 823 534 987 701 829 485 
 277 892 478 909 880 845 123 
 615 202 162 514 15 368 513 
 247 778 541 342 684 786 703 
 839 144 459 967 444 904 139 
 867 763 809 755 270 461 89 
 464 210 723 760 937 939 973 
 25 702 515 480 344 276 653 
 117 252 947 906 697 89 420 
 365 536 132 26 263 265 45 
 720 281 320 683 988 166 221 
 716 254 380 136 463 948 654 
 121 671 433 427 210 823 689 
 443 763 590 52 447 120 986 
 941 726 436 147 18 639 805 
 102 706 338 621 398 208 29 
 91 67 802 688 573 474 695 
 655 668 687 388 338 141 773 
 957 494 268 305 236 281 623 
 698 211 528 747 545 217 953 
 849 656 126 711 5 972 614 
 457 156 210 
 736 841 340 187 564 318 353 
 743 958 569 779 218 797 47 
 584 257 546 843 475 268 120 
 936 713 849 560 265 543 139 
 578 434 70 543 915 579 802 
 27 737 511 493 348 32 288 
 950 518 585 616 192 130 495 
 568 580 190 626 385 439 544 
 679 316 169 425 957 258 626 
 881 512 474 429 806 36 678 
 842 876 377 588 876 587 401 
 213 735 596 450 472 919 289 
 780 260 825 519 945 575 306 
 204 784 274 785 376 568 688 
 558 182 124 50 791 359 883 
 653 846 402 348 998 76 606 
 492 338 844 667 167 992 88 
 60 208 235 179 285 1 689 
 387 852 737 165 789 401 273 
 956 381 805 893 217 716 764 
 370 761 32 929 923 271 971 
 254 212 645 323 896 539 575 
 740 532 554 415 152 413 901 
 632 521 376 59 195 764 966 
 439 803 302 367 179 1 227 
 238 737 158 179 872 642 452 
 275 36 162 355 205 170 458 
 229 679 371 931 137 347 540 
 362 968 972 33 241 480 755 
 500 400 843 5 715 845 903 
 845 170 257 812 32 390 525 
 424 821 549 105 147 448 13 
 83 977 195 987 439 106 452 
 944 707 338 884 275 119 585 
 981 521 383 963 377 621 697 
 294 98 151 301 414 797 78 
 887 511 589 373 69 999 417 
 638 777 913 997 146 238 785 
 65 932 338 691 28 24 176 
 346 910 591 906 865 88 487 
 313 971 140 60 340 908 108 
 154 594 835 700 541 776 790 
 814 758 849 12 937 71 56 
 328 57 568 734 307 845 41 
 133 430 35 6 609 66 355 
 625 233 15 894 339 976 438 
 693 33 68 840 457 646 84 
 459 869 347 417 760 397 9 
 259 958 846 523 1000 292 546 
 828 389 680 210 492 245 986 
 714 890 65 8 307 648 197 
 104 891 648 639 655 493 314 
 798 188 256 875 942 892 840 
 181 133 155 415 281 845 583 
 201 277 55 605 450 973 92 
 832 719 906 708 485 967 118 
 898 143 704 883 717 284 490 
 742 359 252 252 287 299 428 
 312 437 857 863 855 651 954 
 823 395 965 514 910 601 297 
 751 824 411 310 470 20 431 
 254 232 278 298 322 311 502 
 538 937 499 383 485 808 226 
 855 965 648 299 760 728 755 
 241 867 425 828 784 128 296 
 297 113 397 562 290 470 413 
 65 143 52 355 113 123 643 
 994 904 418 207 215 587 195 
 220 473 735 205 339 806 622 
 403 566 805 414 287 349 707 
 17 681 399 22 286 404 992 
 843 194 356 
 645 640 343 34 280 384 736 
 507 755 882 585 620 94 384 
 889 982 466 968 829 537 849 
 397 979 473 523 915 803 283 
 66 13 493 350 24 862 994 
 330 77 817 229 929 178 841 
 630 816 252 344 954 420 386 
 593 92 973 206 700 897 75 
 187 532 406 466 290 465 986 
 104 372 606 931 256 454 59 
 146 934 368 913 797 817 245 
 143 272 935 608 590 563 804 
 770 935 178 720 573 712 695 
 851 744 352 376 977 817 984 
 872 510 188 133 526 280 46 
 519 663 391 191 556 100 29 
 643 42 20 678 47 366 567 
 998 403 999 992 540 125 73 
 168 691 95 43 882 458 46 
 152 746 160 466 253 452 514 
 900 679 654 872 147 426 885 
 987 764 418 232 630 236 802 
 655 383 583 349 362 324 247 
 231 440 750 180 475 606 54 
 726 411 499 906 634 625 181 
 686 312 161 159 562 33 690 
 909 928 937 1000 997 970 496 
 451 917 549 616 397 139 704 
 734 550 705 571 224 152 790 
 495 115 753 963 361 170 60 
 25 285 494 639 829 28 976 
 106 441 334 927 668 130 631 
 154 556 987 921 540 306 676 
 909 202 572 186 184 982 280 
 469 303 58 341 548 171 171 
 504 721 426 595 31 524 252 
 860 70 488 192 349 661 336 
 441 583 758 343 397 972 936 
 434 623 332 437 742 585 150 
 924 136 51 81 541 809 746 
 873 623 198 242 504 516 49 
 217 297 831 417 280 605 939 
 330 419 380 675 156 203 715 
 473 316 103 160 591 381 663 
 623 559 348 204 498 131 526 
 265 985 948 59 282 863 51 
 415 966 272 432 292 486 116 
 622 625 219 373 955 456 881 
 640 833 218 22 957 918 859 
 608 926 507 454 793 657 558 
 566 323 518 8 786 467 167 
 838 78 472 474 544 456 17 
 233 468 457 999 212 767 232 
 351 163 225 590 590 453 798 
 572 738 791 555 884 868 805 
 558 473 263 98 76 103 840 
 752 74 450 915 679 147 881 
 665 341 988 887 315 241 408 
 52 213 448 524 584 291 883 
 2 51 37 575 958 997 506 
 562 83 513 414 622 83 519 
 138 551 912 782 447 28 413 
 294 859 184 948 559 295 349 
 838 611 318 581 444 372 78 
 745 632 525 628 742 578 713 
 73 290 539 687 727 841 236 
 480 505 112 436 678 901 134 
 340 612 851 670 827 885 426 
 758 744 182 599 308 402 571 
 269 277 369 378 363 573 347 
 625 624 534 838 792 359 969 
 385 143 34 
 461 632 518 416 994 979 518 
 967 741 782 314 496 97 31 
 365 276 265 209 906 418 824 
 114 422 54 301 295 798 120 
 119 915 440 362 452 889 75 
 656 442 951 733 268 778 527 
 328 328 479 676 948 11 954 
 9 498 664 466 545 974 449 
 966 662 842 494 83 922 202 
 733 388 727 348 361 508 799 
 707 331 341 658 584 481 894 
 667 7 273 582 858 82 723 
 763 47 896 449 113 315 764 
 544 219 703 173 203 931 313 
 664 916 994 282 424 970 54 
 712 937 697 158 268 879 373 
 78 467 385 740 51 429 613 
 438 710 647 667 693 961 953 
 280 804 739 599 849 762 467 
 256 283 139 765 240 740 82 
 88 606 12 64 523 797 329 
 987 435 202 733 776 486 370 
 687 727 348 769 797 776 155 
 322 220 1 639 586 565 604 
 779 579 608 330 338 281 37 
 611 756 823 631 97 930 975 
 207 567 784 211 922 484 420 
 950 105 871 675 233 364 794 
 990 695 430 271 319 848 423 
 731 942 990 396 484 1 377 
 510 828 783 827 404 355 476 
 450 266 469 594 929 775 49 
 323 173 663 429 609 248 685 
 858 833 720 559 931 163 668 
 710 132 243 540 212 461 620 
 470 572 427 818 384 344 243 
 820 305 717 245 971 997 926 
 786 118 308 20 222 921 418 
 656 171 641 116 718 979 80 
 407 714 708 601 785 303 49 
 290 860 811 492 660 614 260 
 373 20 578 65 105 751 572 
 464 267 943 414 619 587 88 
 69 570 658 642 163 487 105 
 492 587 604 227 60 47 52 
 961 441 25 76 88 253 107 
 183 218 275 439 468 105 108 
 501 849 604 753 896 227 847 
 440 7 572 11 599 325 132 
 411 753 360 483 826 867 641 
 252 253 214 792 649 549 298 
 941 126 288 687 254 775 772 
 723 668 137 363 210 924 201 
 452 64 382 654 791 912 999 
 16 783 179 735 989 942 831 
 930 631 649 733 47 647 416 
 800 34 792 772 926 857 19 
 301 376 681 406 739 569 543 
 51 305 305 253 594 192 919 
 210 366 505 256 528 488 896 
 562 124 350 225 559 752 90 
 108 826 336 314 735 50 367 
 714 312 938 527 851 95 620 
 658 658 701 777 443 881 735 
 562 683 150 793 379 709 973 
 267 532 337 357 875 727 913 
 806 176 569 85 382 970 225 
 454 998 50 770 300 607 622 
 672 905 372 633 580 42 270 
 667 311 273 130 997 672 36 
 779 531 238 794 158 416 420 
 723 466 339 
 863 845 779 499 585 286 179 
 91 132 540 95 477 757 502 
 771 976 22 153 317 153 689 
 345 338 659 805 358 683 919 
 83 490 285 705 589 155 131 
 512 587 805 68 835 293 157 
 652 988 536 278 67 998 88 
 388 144 678 985 849 211 667 
 182 146 573 660 190 73 352 
 110 978 241 102 674 287 531 
 466 712 291 268 57 630 42 
 602 607 911 318 186 865 723 
 111 379 141 554 960 104 899 
 825 598 249 283 792 142 126 
 155 9 581 992 135 633 871 
 783 439 307 92 259 334 177 
 126 156 616 186 612 320 834 
 450 35 112 846 108 81 345 
 349 48 33 771 867 749 126 
 195 793 173 616 17 341 203 
 191 585 458 157 770 305 951 
 937 182 839 791 841 144 681 
 14 879 409 169 159 998 676 
 767 694 638 960 468 657 965 
 878 215 884 174 66 930 912 
 571 41 810 228 826 511 193 
 247 273 789 795 883 16 733 
 618 49 427 166 874 507 396 
 349 924 742 2 617 795 140 
 356 133 201 667 963 572 550 
 527 675 206 581 928 416 620 
 767 276 376 197 604 850 173 
 134 789 755 718 780 691 793 
 634 866 805 989 324 192 83 
 721 469 297 38 506 285 563 
 828 131 71 284 916 970 23 
 633 358 427 437 590 608 302 
 742 357 983 818 574 959 228 
 262 400 339 50 35 121 226 
 417 699 432 334 5 112 95 
 573 891 548 766 794 360 908 
 779 78 826 428 115 480 267 
 88 591 306 216 368 879 55 
 126 601 7 205 72 59 868 
 959 504 622 702 280 579 11 
 387 886 875 613 119 212 643 
 220 228 398 788 909 115 386 
 322 898 264 507 118 674 343 
 156 482 649 90 103 198 214 
 237 803 965 7 647 343 22 
 965 200 682 124 951 147 885 
 884 774 635 519 34 557 37 
 87 618 7 705 535 63 182 
 32 349 814 168 636 616 504 
 296 746 748 402 581 664 14 
 268 772 446 871 139 750 535 
 561 470 393 956 643 3 848 
 725 636 936 714 374 201 329 
 27 427 494 284 285 932 910 
 398 108 438 42 11 716 679 
 203 152 627 487 209 689 638 
 687 407 969 244 931 829 316 
 253 542 155 270 368 730 285 
 794 263 357 91 482 924 346 
 134 690 159 372 258 147 462 
 59 229 912 403 404 372 458 
 973 210 320 124 382 167 395 
 718 959 793 909 994 862 220 
 941 607 970 571 568 273 429 
 494 258 61 575 411 463 765 
 913 28 217 969 536 740 855 
 447 566 857 
 26 1000 904 688 127 938 897 
 859 635 581 385 123 321 431 
 429 62 189 381 549 830 54 
 40 272 920 6 315 776 127 
 249 774 685 964 606 300 34 
 382 1 389 65 193 733 923 
 103 368 818 4 480 762 721 
 148 697 894 219 696 231 182 
 331 562 955 269 927 992 498 
 279 153 515 910 365 669 504 
 406 509 19 9 557 268 714 
 697 246 27 448 721 363 842 
 780 861 424 895 936 326 906 
 188 79 693 110 876 138 629 
 891 324 570 381 607 681 965 
 232 443 909 505 685 342 497 
 186 941 154 737 331 296 592 
 115 253 774 188 269 275 102 
 577 497 418 408 66 234 985 
 748 541 947 732 999 184 972 
 527 777 425 556 669 199 175 
 237 303 232 666 874 171 90 
 627 721 82 611 994 400 375 
 639 555 201 264 268 120 133 
 934 38 6 961 421 948 871 
 332 91 975 794 124 736 534 
 916 180 33 779 308 646 980 
 778 178 47 779 191 742 151 
 65 5 976 429 877 94 626 
 509 666 110 631 161 98 998 
 106 8 902 697 727 784 871 
 592 818 437 681 102 289 647 
 389 650 202 141 650 960 316 
 612 88 231 495 606 277 40 
 74 818 260 11 8 623 753 
 690 666 880 405 370 771 150 
 273 940 366 385 349 224 616 
 52 285 764 997 595 480 528 
 91 69 112 217 680 129 600 
 615 892 530 706 880 646 171 
 44 432 512 665 149 358 562 
 883 563 600 856 426 378 986 
 522 568 955 849 927 610 867 
 58 808 357 367 889 878 417 
 88 499 227 800 186 722 649 
 454 4 588 981 46 87 786 
 825 328 871 361 508 700 875 
 611 706 461 4 75 236 973 
 727 466 885 797 995 252 617 
 425 617 361 821 349 374 261 
 303 218 970 807 156 718 13 
 258 987 599 983 13 469 54 
 133 250 313 195 770 297 330 
 76 595 242 367 677 344 629 
 165 542 635 641 87 487 874 
 238 49 916 429 516 567 385 
 551 40 448 108 92 201 346 
 749 575 582 124 719 896 742 
 214 627 831 981 777 584 163 
 465 310 149 993 440 895 66 
 742 839 39 618 235 227 675 
 705 635 480 213 269 142 842 
 444 550 443 655 470 92 230 
 497 856 85 247 869 59 244 
 671 556 887 672 952 100 308 
 138 916 894 677 52 513 38 
 443 665 159 381 194 753 922 
 822 630 401 614 274 260 316 
 174 851 304 788 938 51 713 
 598 828 107 926 224 392 146 
 479 412 319 995 980 826 306 
 750 614 639 
 487 18 767 552 278 655 178 
 836 72 653 426 4 819 404 
 556 68 280 66 788 366 921 
 639 601 947 483 640 343 849 
 880 357 367 578 969 883 673 
 58 974 73 533 871 677 611 
 388 630 723 111 634 130 222 
 356 975 99 982 43 130 407 
 743 661 469 36 704 859 686 
 297 432 530 411 407 606 743 
 739 699 725 764 564 73 49 
 989 656 959 173 518 143 95 
 207 585 115 370 906 912 942 
 972 986 695 763 652 549 935 
 534 527 70 897 477 962 329 
 321 979 788 885 406 833 557 
 957 266 899 305 453 270 100 
 306 84 956 689 913 158 625 
 821 322 831 776 402 626 414 
 88 458 426 135 121 769 905 
 239 208 635 818 470 944 197 
 427 262 429 660 744 765 446 
 55 395 108 426 349 117 325 
 368 790 584 911 347 124 684 
 401 940 181 526 576 870 567 
 928 448 367 330 827 868 635 
 636 109 438 512 496 626 877 
 658 99 667 153 956 356 561 
 520 563 408 688 686 723 416 
 268 583 573 93 965 932 447 
 317 386 190 18 364 111 197 
 146 115 326 496 432 783 733 
 43 422 633 157 657 639 817 
 983 86 813 714 956 867 823 
 244 371 265 569 980 193 140 
 258 675 895 212 811 897 422 
 917 412 680 900 489 350 40 
 948 658 264 813 471 306 723 
 267 388 958 676 245 640 399 
 980 560 846 14 50 202 893 
 954 67 170 356 548 511 798 
 110 597 491 871 22 84 141 
 125 417 121 900 146 573 376 
 203 887 933 822 401 176 386 
 333 642 769 433 736 715 213 
 239 485 728 643 436 773 693 
 71 138 413 831 977 677 378 
 656 1000 31 327 28 692 698 
 862 415 830 597 72 835 768 
 899 404 650 651 694 280 80 
 749 774 499 813 696 106 583 
 837 392 466 695 776 428 490 
 941 560 674 279 152 543 168 
 471 126 444 86 571 416 473 
 988 555 406 598 917 381 326 
 803 217 868 217 55 355 594 
 832 908 375 654 32 759 882 
 845 162 472 182 744 618 838 
 572 552 298 183 608 164 790 
 634 907 103 647 781 683 186 
 931 94 650 460 83 403 665 
 971 178 599 859 922 438 522 
 281 128 585 168 641 540 116 
 949 542 75 352 325 46 381 
 388 342 93 490 958 881 789 
 592 49 13 770 561 338 610 
 646 166 827 486 753 311 524 
 138 207 126 773 338 703 510 
 628 590 391 318 319 171 25 
 957 520 129 779 341 939 123 
 41 360 161 872 83 59 482 
 252 998 957 
 620 701 140 725 246 622 115 
 278 147 902 493 540 511 894 
 469 972 299 333 196 189 728 
 588 711 440 53 712 737 672 
 161 178 831 937 280 665 648 
 579 813 938 985 323 891 748 
 938 566 876 71 529 429 894 
 542 810 206 536 896 891 152 
 808 547 905 205 698 27 413 
 637 64 316 364 822 364 125 
 98 334 766 169 36 276 398 
 661 727 433 593 587 419 290 
 484 936 343 826 673 807 219 
 682 460 188 88 880 988 33 
 488 952 554 656 653 277 363 
 988 899 605 366 24 157 296 
 676 84 88 999 530 300 937 
 229 888 711 967 254 887 759 
 776 233 60 669 716 983 415 
 938 964 25 498 582 137 155 
 138 457 100 842 576 202 912 
 414 244 443 193 408 309 25 
 540 667 27 700 812 10 673 
 402 240 900 747 548 757 730 
 676 110 316 812 148 655 947 
 335 411 125 181 48 729 293 
 513 853 321 533 291 255 464 
 210 645 961 442 728 515 440 
 959 693 337 752 319 748 572 
 362 667 483 971 551 295 588 
 981 699 393 875 407 258 922 
 339 835 716 391 353 138 351 
 671 390 493 233 761 518 191 
 658 77 993 539 179 271 204 
 860 706 491 111 432 64 20 
 452 804 600 642 333 286 104 
 999 826 268 653 888 917 160 
 40 939 102 688 530 517 125 
 575 233 841 787 109 296 487 
 534 847 663 394 385 743 63 
 392 416 786 68 624 332 891 
 545 5 155 226 141 348 157 
 540 887 199 438 305 82 95 
 63 704 720 692 179 106 144 
 676 505 913 504 772 46 975 
 849 138 136 743 220 926 739 
 204 16 917 796 642 761 67 
 550 152 183 595 568 899 660 
 968 451 585 211 329 508 114 
 593 911 230 991 813 485 741 
 207 78 12 315 797 665 876 
 602 235 391 58 861 501 48 
 668 239 670 770 405 544 619 
 464 121 27 793 675 15 225 
 1000 153 450 52 780 263 774 
 83 46 984 67 24 439 227 
 27 18 768 549 250 179 570 
 916 474 666 113 327 660 862 
 512 70 590 143 666 421 584 
 836 373 359 948 795 951 460 
 864 445 790 995 285 758 865 
 918 349 125 335 168 407 343 
 467 120 626 980 13 842 523 
 574 919 529 583 101 244 230 
 958 220 8 943 485 649 935 
 329 834 832 967 747 278 516 
 277 880 589 586 809 450 4 
 749 616 31 158 433 413 981 
 911 952 295 644 685 678 512 
 104 681 589 403 907 130 544 
 515 220 420 193 123 74 858 
 24 530 55 
 849 706 290 884 64 645 605 
 409 104 197 78 417 927 40 
 488 742 581 153 137 850 315 
 983 445 113 999 931 250 287 
 744 4 822 565 57 786 419 
 395 727 692 678 732 306 810 
 27 805 710 426 992 251 79 
 860 891 486 991 20 956 330 
 543 370 378 32 766 955 71 
 134 828 398 731 299 93 606 
 849 304 430 634 916 807 977 
 45 39 381 681 398 135 424 
 677 312 513 831 884 87 642 
 259 60 327 995 808 434 277 
 833 3 25 202 830 764 763 
 746 705 865 896 352 982 710 
 426 160 149 942 116 834 308 
 239 694 362 523 433 522 120 
 507 765 220 631 750 197 611 
 544 60 879 361 92 468 697 
 788 124 597 708 962 633 167 
 833 975 42 332 468 718 337 
 685 762 737 885 782 235 600 
 837 618 776 395 553 549 779 
 888 16 387 465 963 152 459 
 904 473 546 763 97 139 250 
 306 324 539 95 136 358 439 
 654 798 811 296 902 452 843 
 74 628 263 182 313 333 63 
 303 423 549 409 723 984 490 
 625 478 418 247 982 209 509 
 113 531 149 358 548 257 213 
 635 771 917 247 566 258 434 
 402 674 955 975 93 319 442 
 783 643 589 225 627 927 74 
 915 607 113 588 809 639 198 
 373 238 127 218 481 19 557 
 581 481 178 95 109 85 267 
 716 689 795 975 180 273 458 
 680 215 374 61 149 158 621 
 40 231 411 387 124 413 873 
 264 771 695 27 643 882 444 
 470 337 961 284 758 156 684 
 613 697 813 294 719 790 258 
 786 398 411 446 970 362 376 
 267 636 776 991 80 279 942 
 865 674 521 897 583 708 94 
 191 989 302 736 140 694 591 
 177 837 327 459 114 357 637 
 890 553 122 710 366 387 119 
 705 522 855 145 556 962 71 
 625 721 439 277 107 640 911 
 161 50 795 759 956 698 219 
 832 827 811 374 850 733 296 
 5 955 83 483 270 574 882 
 15 863 235 962 802 669 106 
 908 785 360 975 158 930 119 
 61 85 439 202 211 399 327 
 884 582 830 372 196 284 115 
 228 439 275 584 272 32 197 
 12 391 939 413 693 144 908 
 230 775 913 819 136 558 755 
 428 706 525 721 463 934 236 
 236 636 807 27 961 228 795 
 794 197 120 760 492 365 842 
 120 175 808 926 388 356 385 
 6 914 742 350 928 567 589 
 130 672 882 880 179 253 493 
 124 146 149 661 342 77 366 
 116 898 255 420 115 202 266 
 468 369 629 50 594 986 5 
 793 847 856 
 431 10 335 226 760 422 926 
 751 860 960 745 456 670 65 
 356 129 646 138 510 646 694 
 174 934 605 779 627 757 999 
 92 588 744 542 43 527 236 
 126 486 591 112 499 381 666 
 56 430 57 248 320 407 609 
 344 915 17 412 658 374 736 
 213 156 399 731 281 870 293 
 873 410 708 958 334 201 246 
 451 330 590 313 620 885 319 
 347 138 301 578 289 465 963 
 418 945 714 609 723 926 922 
 316 694 247 44 537 667 822 
 582 729 122 578 926 884 239 
 732 467 255 345 17 36 141 
 337 404 489 974 82 960 763 
 586 629 544 292 948 754 424 
 429 967 710 464 452 785 303 
 715 402 705 608 771 198 26 
 629 850 420 693 590 905 346 
 969 611 33 976 466 635 171 
 437 713 725 808 298 569 819 
 7 175 29 874 186 927 385 
 898 367 836 120 437 303 42 
 239 729 561 125 691 285 892 
 690 792 902 446 783 524 943 
 976 73 960 730 845 88 420 
 729 454 356 420 227 935 743 
 975 872 536 536 265 834 923 
 946 478 457 200 353 853 45 
 866 320 190 281 903 362 35 
 404 154 327 208 910 616 498 
 354 941 748 5 696 646 875 
 716 5 978 560 657 24 781 
 21 60 378 136 174 232 805 
 449 733 887 596 488 964 219 
 999 993 471 505 635 303 789 
 438 443 471 515 974 897 616 
 127 905 387 755 356 788 837 
 399 666 505 594 769 779 246 
 722 782 254 197 66 856 684 
 409 759 569 667 891 736 203 
 117 352 126 196 528 299 445 
 178 604 393 215 50 423 849 
 909 560 752 920 701 846 854 
 117 434 221 390 889 662 148 
 701 244 223 467 979 536 85 
 86 988 247 975 922 566 379 
 401 994 77 777 926 750 533 
 36 796 624 380 867 789 646 
 589 274 487 902 300 337 144 
 958 565 327 908 110 211 652 
 41 700 977 129 561 53 274 
 760 181 108 938 603 249 820 
 696 366 180 461 986 235 124 
 385 655 809 563 748 506 172 
 708 781 524 147 139 526 742 
 372 840 277 984 303 802 936 
 181 741 507 755 755 263 479 
 602 916 862 971 372 206 797 
 672 141 602 168 805 66 735 
 164 53 722 628 20 822 865 
 191 174 277 380 112 986 297 
 44 757 469 150 307 884 585 
 102 791 482 165 255 585 822 
 755 495 621 205 862 695 447 
 643 864 603 778 662 637 453 
 887 51 985 20 383 221 698 
 553 425 329 788 99 563 26 
 345 223 65 766 21 585 558 
 845 666 801 
 701 660 273 254 358 718 219 
 4 977 949 499 589 764 451 
 83 336 805 324 897 755 526 
 935 192 546 172 504 701 325 
 909 583 800 771 20 951 799 
 289 943 998 945 729 11 926 
 471 354 564 1000 99 811 206 
 412 54 839 210 320 666 319 
 730 206 644 706 163 668 912 
 525 781 258 873 731 19 854 
 103 19 651 503 191 948 149 
 275 176 113 852 465 979 861 
 366 614 153 997 243 512 346 
 928 31 596 985 647 663 960 
 40 812 68 495 12 628 403 
 136 592 675 505 933 11 972 
 879 596 810 310 898 264 835 
 93 215 925 950 702 144 950 
 964 312 417 830 260 507 722 
 376 953 130 306 447 493 584 
 911 413 868 475 960 549 793 
 114 934 271 161 552 758 422 
 177 950 56 562 824 522 405 
 814 68 2 603 42 6 998 
 240 695 588 233 31 476 666 
 837 301 466 289 713 59 649 
 74 836 753 842 699 798 311 
 817 806 636 755 560 953 991 
 721 516 746 529 157 69 454 
 855 218 897 662 564 488 198 
 609 523 775 737 16 306 455 
 193 763 120 139 650 110 141 
 433 811 979 76 74 911 246 
 841 82 699 547 193 814 236 
 72 590 408 222 642 168 812 
 653 689 915 424 956 34 762 
 926 14 504 351 249 551 625 
 671 352 354 842 487 341 345 
 739 201 317 606 912 141 253 
 188 924 16 49 765 829 205 
 756 938 56 550 47 412 715 
 168 545 629 253 97 930 757 
 365 771 872 166 245 574 446 
 670 693 799 288 912 102 643 
 591 298 901 849 692 420 484 
 282 566 668 40 161 507 292 
 564 187 641 585 448 197 378 
 26 161 984 841 109 656 45 
 847 377 10 136 996 955 865 
 343 702 81 391 735 235 319 
 199 418 391 29 217 747 235 
 317 683 21 403 190 1 542 
 598 386 72 416 876 735 822 
 25 746 760 249 543 404 769 
 193 429 726 757 247 924 523 
 887 674 562 922 522 694 699 
 868 321 155 642 38 518 478 
 574 86 539 594 812 543 290 
 772 665 949 733 722 324 704 
 157 201 253 305 923 352 624 
 133 247 600 207 155 252 592 
 115 632 72 906 240 29 277 
 31 747 245 369 723 516 793 
 389 921 124 752 943 341 110 
 671 56 243 669 220 629 786 
 417 562 518 999 536 307 401 
 652 566 562 67 717 820 699 
 371 814 498 769 87 383 277 
 142 628 978 487 935 374 754 
 409 223 51 667 792 152 752 
 874 690 217 103 507 224 915 
 200 116 697 
 674 995 861 906 707 814 811 
 439 370 203 921 808 176 134 
 174 532 639 218 621 158 597 
 57 127 106 898 869 528 550 
 90 433 571 320 624 951 871 
 324 817 720 327 474 84 516 
 474 785 83 528 671 933 650 
 617 54 162 106 401 318 54 
 412 169 34 935 390 856 843 
 842 231 735 884 463 842 661 
 392 525 925 665 436 489 878 
 610 524 22 666 520 638 347 
 725 225 352 711 209 491 611 
 901 263 29 500 624 94 627 
 438 933 366 125 657 178 451 
 527 176 658 163 911 662 646 
 246 216 543 547 808 832 549 
 837 192 644 569 791 157 679 
 61 768 269 460 99 628 45 
 1 576 224 912 72 254 779 
 537 588 429 396 174 80 967 
 24 314 231 341 560 721 915 
 20 845 128 630 927 891 500 
 618 932 805 608 345 558 734 
 11 979 262 771 744 203 744 
 842 923 505 70 563 971 293 
 807 824 612 448 38 126 537 
 715 74 745 220 500 496 617 
 318 684 355 454 909 553 55 
 612 760 788 176 294 419 130 
 582 613 115 595 140 245 601 
 404 493 292 815 861 662 898 
 852 58 849 270 278 874 366 
 638 452 809 754 404 473 702 
 477 506 744 452 189 444 387 
 112 948 183 113 727 753 125 
 234 933 962 590 203 261 845 
 101 203 12 872 520 410 84 
 206 845 772 545 207 740 737 
 982 843 689 265 757 950 974 
 562 376 684 235 602 730 663 
 572 75 396 836 38 338 289 
 801 770 542 801 61 221 920 
 550 341 701 390 248 530 804 
 767 73 980 930 286 167 644 
 356 568 149 28 806 420 536 
 135 601 468 602 425 341 760 
 329 925 949 949 116 504 606 
 151 331 728 141 748 772 283 
 571 540 861 794 49 850 93 
 738 227 180 768 390 670 522 
 782 431 625 968 659 438 270 
 499 44 199 109 925 862 414 
 876 136 503 990 696 805 609 
 21 2 10 562 353 979 453 
 501 441 485 427 757 388 759 
 454 263 274 782 746 69 275 
 147 767 258 827 777 700 81 
 107 779 247 508 478 495 375 
 725 313 485 557 158 159 646 
 255 696 975 85 499 702 63 
 446 243 328 764 328 492 718 
 241 508 974 187 987 34 492 
 277 581 633 113 221 473 611 
 270 715 681 809 78 863 289 
 924 70 15 237 814 308 892 
 42 4 838 459 653 789 104 
 204 933 655 851 348 474 182 
 768 19 498 427 752 165 407 
 526 808 993 770 107 54 99 
 958 30 103 233 900 39 693 
 552 330 467 
 196838 193714 183808 184442 193526 182362 187913 
 199290 188159 178775 197855 181840 189272 191300 
 186557 191682 179195 184603 194892 184667 187349 
 190034 176715 183189 191394 186110 185426 194468 
 188483 186912