 500 10 0 
 794 617 929 1008 811 621 716 
 651 420 603 702 638 746 796 
 524 763 602 993 968 795 369 
 771 829 639 1023 939 693 754 
 640 528 559 967 654 932 620 
 950 623 735 754 907 619 862 
 461 732 410 710 995 595 399 
 765 1092 661 545 673 860 469 
 725 964 776 1060 682 629 1068 
 712 727 424 776 629 447 618 
 383 723 286 528 690 941 978 
 1026 687 1003 618 465 937 843 
 617 457 976 982 885 728 596 
 386 832 537 803 752 509 706 
 820 789 859 644 865 959 500 
 495 763 877 825 771 729 557 
 614 701 760 585 715 876 681 
 785 815 875 634 546 926 1022 
 523 628 1150 994 783 557 834 
 636 937 687 626 670 733 892 
 828 580 897 898 666 379 822 
 991 928 873 427 892 994 563 
 671 1019 684 575 457 1126 598 
 945 718 737 869 580 721 956 
 777 407 587 805 766 753 860 
 632 881 803 702 947 859 605 
 546 704 470 906 728 945 509 
 545 721 969 474 674 792 808 
 790 589 632 638 897 834 956 
 453 810 900 676 639 714 1053 
 548 898 896 595 777 553 518 
 856 886 622 1026 943 682 911 
 656 938 893 883 701 768 634 
 579 507 467 918 583 720 970 
 950 505 879 950 655 700 1058 
 596 975 745 850 797 591 603 
 885 847 598 687 809 465 825 
 476 904 454 611 1082 1010 741 
 816 617 1006 512 855 784 817 
 894 670 653 606 937 893 525 
 717 659 600 780 1069 361 597 
 806 797 607 733 849 1031 643 
 704 565 1004 965 491 750 657 
 1007 418 750 643 804 654 739 
 918 989 877 992 894 919 856 
 873 742 516 531 775 629 629 
 627 776 671 785 872 630 737 
 610 944 825 772 437 911 636 
 650 988 680 731 413 914 686 
 804 674 863 811 587 772 1096 
 752 931 940 471 837 706 616 
 483 1000 665 826 445 790 948 
 740 1021 670 990 743 818 552 
 947 910 903 1028 768 631 516 
 865 585 815 425 684 987 826 
 544 686 637 549 612 832 813 
 603 585 666 973 937 852 813 
 433 624 753 977 747 972 733 
 774 631 996 740 957 942 734 
 954 665 631 731 896 999 713 
 664 543 657 873 666 839 735 
 603 591 888 738 789 842 904 
 515 1046 421 1120 746 799 534 
 948 786 416 809 1129 930 791 
 661 913 787 886 587 525 518 
 749 665 482 537 943 394 915 
 845 857 759 752 918 649 530 
 702 670 495 851 905 795 899 
 742 628 664 898 637 574 1063 
 632 904 820 851 738 968 649 
 464 1006 859 961 704 612 455 
 641 480 764 
 575 988 468 249 212 619 757 
 338 673 746 90 524 651 146 
 847 678 327 569 921 106 36 
 194 943 789 951 974 412 40 
 617 580 413 347 104 193 770 
 964 696 72 391 34 568 840 
 424 101 916 368 375 793 382 
 227 468 7 139 4 592 986 
 959 912 474 377 472 141 574 
 690 627 678 674 137 953 52 
 166 362 159 732 341 517 688 
 947 904 626 50 257 165 953 
 347 32 842 827 626 420 524 
 278 806 615 198 163 431 659 
 738 351 982 343 288 891 533 
 574 226 436 590 738 451 890 
 100 324 955 497 484 16 860 
 585 978 481 713 222 450 498 
 411 175 765 481 131 662 432 
 473 655 900 579 646 765 459 
 895 111 25 688 796 682 158 
 894 485 738 270 388 997 137 
 265 161 350 494 799 685 213 
 310 790 223 62 874 386 294 
 681 51 952 817 218 872 553 
 837 970 180 399 497 703 888 
 688 75 699 323 477 912 95 
 515 169 438 782 443 258 122 
 282 562 522 456 487 255 386 
 446 360 807 419 240 645 26 
 372 129 834 432 346 110 366 
 799 715 994 392 985 713 193 
 49 768 151 382 842 921 557 
 91 372 81 971 683 697 442 
 927 49 878 787 311 247 989 
 11 469 206 4 916 421 792 
 359 536 616 263 86 228 622 
 427 446 151 677 918 281 408 
 916 496 557 50 374 969 757 
 857 359 474 393 82 736 90 
 190 156 106 161 461 776 516 
 279 925 201 429 82 608 355 
 289 977 349 550 267 324 611 
 576 206 23 329 755 356 602 
 918 467 746 810 691 821 586 
 822 810 57 207 353 165 118 
 870 874 22 687 953 557 514 
 105 914 703 644 242 97 484 
 443 361 822 360 547 39 326 
 199 540 345 285 430 933 938 
 936 454 903 3 848 428 265 
 202 453 265 206 35 744 410 
 856 713 406 175 675 378 45 
 108 913 878 681 873 337 750 
 628 809 935 957 943 29 730 
 7 803 607 256 235 261 262 
 353 426 557 84 326 397 181 
 240 400 104 618 140 296 808 
 780 999 642 422 950 952 336 
 392 852 847 967 876 783 139 
 100 100 306 187 917 191 385 
 766 247 678 927 304 187 730 
 740 387 319 325 512 529 510 
 799 586 483 535 733 744 459 
 502 944 372 921 477 779 434 
 537 352 139 405 967 227 684 
 298 847 172 271 683 710 23 
 205 220 432 798 986 715 496 
 813 210 457 202 951 909 227 
 553 18 538 951 287 611 596 
 327 831 217 215 480 60 218 
 104 255 680 
 560 200 168 227 321 143 582 
 186 98 496 681 195 425 825 
 75 498 932 847 616 269 677 
 323 169 135 818 118 40 991 
 454 198 336 190 962 502 76 
 755 697 326 44 214 661 544 
 863 879 69 341 252 156 307 
 155 878 796 263 904 554 127 
 46 147 2 705 504 111 183 
 610 444 46 657 103 36 879 
 190 111 423 744 139 941 755 
 698 630 96 183 654 639 731 
 345 747 642 917 493 101 78 
 49 792 300 51 476 31 514 
 469 912 946 578 19 874 488 
 233 798 157 154 262 385 285 
 639 744 725 259 699 924 202 
 92 934 451 205 424 701 509 
 572 722 930 24 370 373 533 
 719 299 601 1000 355 654 16 
 667 458 70 627 476 33 415 
 811 60 27 768 329 490 415 
 5 477 648 146 146 919 695 
 978 599 694 467 262 638 627 
 822 198 141 629 190 374 235 
 195 302 641 445 140 197 311 
 254 782 160 183 256 712 776 
 675 549 872 60 214 852 404 
 844 991 180 617 395 58 914 
 589 650 154 42 157 908 664 
 7 781 605 858 107 467 129 
 693 493 114 798 688 326 720 
 873 14 281 278 330 281 214 
 243 574 743 317 807 240 302 
 490 456 431 406 446 287 581 
 875 615 871 925 87 404 987 
 618 601 395 300 560 472 495 
 181 851 638 258 503 561 501 
 686 212 648 682 884 596 191 
 379 96 761 149 393 371 347 
 956 486 134 417 940 726 678 
 158 31 357 253 456 528 156 
 978 104 738 555 974 51 57 
 749 62 554 83 375 215 627 
 597 806 269 413 509 986 514 
 279 963 431 470 934 238 646 
 307 304 48 757 806 683 601 
 875 892 356 916 321 242 705 
 188 625 746 790 708 96 583 
 296 289 428 599 994 152 212 
 140 203 319 825 97 636 828 
 255 780 514 991 172 72 640 
 705 573 407 594 930 107 89 
 241 835 377 352 849 112 858 
 367 4 699 156 822 477 520 
 359 215 988 84 292 245 37 
 932 365 834 38 864 505 917 
 164 612 235 869 989 986 583 
 456 99 905 69 249 69 827 
 713 798 669 738 688 245 377 
 224 866 82 91 328 816 954 
 935 400 476 900 295 723 707 
 92 593 40 780 847 467 13 
 293 598 428 793 921 579 858 
 980 692 228 139 223 570 82 
 988 195 163 664 730 514 744 
 92 500 327 889 528 629 766 
 854 550 83 892 274 988 946 
 813 414 589 757 671 763 587 
 856 786 125 501 137 660 255 
 117 912 973 83 766 995 135 
 431 96 995 
 804 822 891 707 645 731 453 
 965 134 950 20 549 811 36 
 738 203 112 305 971 881 35 
 917 920 984 275 934 801 395 
 277 419 404 832 218 756 40 
 266 489 826 176 384 270 114 
 136 283 351 553 785 97 435 
 551 965 501 746 179 137 467 
 178 98 613 948 222 686 52 
 142 871 392 236 624 56 766 
 565 648 226 387 506 710 589 
 169 521 780 249 591 721 444 
 95 354 520 968 938 661 226 
 375 325 272 561 636 124 290 
 255 510 321 663 716 224 277 
 535 841 446 699 412 192 276 
 10 281 89 254 499 426 509 
 343 77 608 432 491 120 962 
 370 883 600 834 250 123 678 
 372 182 357 189 223 84 812 
 737 553 736 392 512 605 988 
 484 21 355 1 769 377 283 
 400 584 952 514 910 930 420 
 304 139 296 860 263 970 153 
 995 475 558 295 176 306 544 
 952 737 602 106 782 910 381 
 347 669 118 86 833 343 117 
 665 536 914 968 36 684 28 
 558 142 472 660 758 371 884 
 16 600 429 160 869 933 442 
 276 731 454 416 283 788 382 
 849 275 88 254 358 285 218 
 124 29 484 488 498 795 840 
 781 504 119 759 30 937 356 
 888 535 150 884 96 83 893 
 884 841 189 439 156 806 610 
 652 283 654 546 567 573 675 
 11 361 516 914 668 55 287 
 416 562 834 261 185 196 394 
 47 8 759 810 417 669 881 
 362 23 114 797 711 103 828 
 387 938 851 234 333 707 810 
 686 562 963 35 230 235 748 
 529 962 583 474 413 523 310 
 206 855 872 263 718 522 191 
 10 478 458 214 245 141 102 
 207 127 671 621 909 950 581 
 115 577 841 783 288 819 741 
 157 285 225 528 193 317 544 
 215 572 85 870 240 882 963 
 372 943 879 232 948 696 342 
 406 950 873 221 406 209 341 
 690 410 580 736 12 326 2 
 766 762 365 167 402 788 271 
 750 648 267 212 86 89 49 
 431 416 49 152 131 937 386 
 459 614 647 863 870 976 989 
 720 103 561 815 616 554 534 
 212 576 958 698 807 329 784 
 772 596 308 115 788 339 825 
 412 669 686 634 670 570 249 
 165 67 272 479 324 990 143 
 463 69 321 335 72 735 401 
 876 321 243 306 418 527 775 
 268 984 53 601 83 404 165 
 776 192 929 985 250 441 98 
 704 500 264 742 817 749 462 
 257 593 434 6 143 877 591 
 513 208 30 450 197 521 199 
 584 5 696 335 220 390 941 
 590 675 495 696 474 753 478 
 231 55 985 
 26 301 545 774 388 193 897 
 669 501 100 409 614 390 800 
 487 919 665 648 74 999 131 
 516 641 243 150 49 356 834 
 751 538 657 504 405 905 455 
 341 893 316 111 708 13 103 
 888 563 62 45 703 685 128 
 806 488 856 309 855 16 151 
 205 653 302 816 165 415 941 
 435 406 486 235 343 430 926 
 86 876 138 129 683 840 926 
 72 470 594 178 457 65 856 
 549 287 972 1 341 908 489 
 786 830 742 69 841 182 205 
 485 235 642 32 694 974 147 
 139 698 613 726 825 948 295 
 406 865 819 846 738 498 766 
 329 350 493 11 920 122 527 
 504 187 837 428 565 489 663 
 698 880 969 889 531 758 763 
 702 840 138 299 821 37 151 
 995 797 233 261 533 440 66 
 726 643 147 602 14 336 283 
 268 220 666 894 420 658 765 
 396 914 910 257 125 477 110 
 359 543 423 918 950 374 668 
 393 488 930 721 105 395 807 
 623 207 624 615 45 417 573 
 767 215 886 667 44 408 122 
 80 228 760 474 322 876 981 
 199 679 381 499 171 695 21 
 68 612 471 966 910 995 716 
 274 591 580 571 210 529 187 
 915 88 109 818 767 42 768 
 981 509 699 881 226 471 761 
 318 369 597 329 921 400 879 
 290 838 131 515 347 410 517 
 571 110 330 329 844 737 552 
 879 870 328 407 615 103 773 
 497 223 94 419 309 677 263 
 45 842 539 252 937 145 669 
 558 339 53 332 270 691 252 
 80 798 471 555 871 262 646 
 12 272 992 810 486 567 403 
 826 16 782 703 778 829 95 
 701 28 694 507 780 98 210 
 978 379 139 750 585 450 257 
 605 284 831 748 206 313 697 
 329 944 856 270 416 806 444 
 861 552 163 283 123 786 636 
 76 54 352 384 397 698 900 
 640 754 711 640 934 829 784 
 721 975 777 673 35 175 380 
 584 651 945 799 776 198 564 
 543 501 92 557 417 419 244 
 750 991 508 455 330 109 358 
 44 285 442 809 614 197 704 
 9 207 996 114 320 723 752 
 984 728 733 960 235 299 930 
 95 104 315 263 462 79 409 
 243 587 241 334 540 844 676 
 450 971 273 206 32 79 197 
 490 470 394 906 277 630 53 
 559 712 70 940 483 91 351 
 545 950 438 783 506 541 46 
 519 849 769 841 733 367 36 
 3 631 225 779 861 811 614 
 753 192 25 165 777 940 381 
 865 81 329 534 873 552 530 
 337 977 142 493 194 803 966 
 939 535 643 140 351 933 334 
 717 569 671 
 136 387 152 698 494 470 417 
 353 642 842 610 577 912 114 
 277 252 659 240 620 39 114 
 545 121 450 135 66 115 466 
 277 733 880 393 439 570 581 
 760 40 774 22 121 238 308 
 102 55 670 230 54 802 278 
 969 541 437 141 131 299 158 
 443 422 926 391 271 522 977 
 641 804 652 280 796 755 497 
 627 142 119 152 974 249 107 
 698 389 275 595 362 439 404 
 357 21 770 890 662 408 24 
 572 180 220 36 328 703 578 
 47 789 934 726 25 119 547 
 870 1000 70 990 527 802 742 
 402 579 802 893 881 21 52 
 126 153 120 721 504 747 242 
 385 221 943 653 828 123 754 
 759 694 845 746 318 494 135 
 271 237 965 595 682 301 727 
 719 483 916 891 899 539 406 
 866 619 365 678 345 801 294 
 539 102 119 270 331 572 359 
 206 712 143 691 16 556 311 
 475 756 638 844 170 272 234 
 646 24 173 82 681 750 538 
 895 386 635 17 725 653 264 
 956 457 50 21 677 860 403 
 154 167 188 886 574 136 991 
 859 935 547 407 973 406 743 
 716 392 664 882 468 438 307 
 179 827 873 911 626 362 208 
 440 944 161 339 109 85 45 
 500 402 133 424 315 102 410 
 683 144 660 825 307 366 529 
 964 414 652 722 802 285 459 
 883 512 479 815 311 518 145 
 549 307 474 319 113 489 788 
 57 60 926 686 982 655 258 
 866 145 971 146 161 30 332 
 263 479 435 642 637 192 982 
 325 347 176 931 243 669 917 
 642 907 379 173 370 14 831 
 7 967 459 153 275 413 719 
 787 32 50 7 939 762 669 
 797 564 656 792 420 811 958 
 462 396 746 183 854 755 935 
 856 202 938 642 956 48 427 
 153 188 350 123 123 251 955 
 892 470 466 506 303 456 776 
 502 699 216 167 348 360 563 
 847 306 218 806 900 987 895 
 886 926 536 887 776 540 862 
 302 690 368 201 658 894 440 
 60 141 506 306 750 218 393 
 836 715 791 239 439 560 543 
 422 170 516 252 956 493 326 
 391 169 764 907 448 497 815 
 989 131 805 260 34 368 610 
 340 81 489 726 29 356 882 
 134 829 686 434 2 721 940 
 219 947 881 452 875 417 556 
 806 289 183 674 421 662 811 
 765 259 577 526 926 319 177 
 384 306 656 199 705 769 662 
 51 80 946 237 76 587 121 
 992 36 235 107 472 697 93 
 671 418 452 71 828 393 967 
 721 690 496 704 783 26 53 
 80 344 429 510 243 672 429 
 509 173 541 
 197 932 489 580 106 943 776 
 666 110 339 227 761 49 218 
 42 824 670 620 880 426 742 
 420 700 377 319 928 545 651 
 786 454 168 641 975 766 770 
 966 41 84 7 582 481 754 
 101 146 59 344 378 334 251 
 675 736 601 574 149 844 535 
 368 890 948 368 664 126 555 
 350 893 504 871 921 127 887 
 173 618 382 742 409 738 987 
 737 623 448 768 620 760 844 
 833 296 294 175 615 813 366 
 495 672 639 136 68 344 824 
 776 523 845 936 130 253 62 
 55 943 831 225 494 498 536 
 135 393 129 781 400 205 980 
 899 981 857 935 257 450 535 
 551 132 295 919 622 175 403 
 407 806 136 880 260 183 44 
 893 535 26 598 373 673 937 
 281 882 652 60 635 34 623 
 477 894 901 647 206 741 132 
 653 231 523 577 68 434 315 
 77 63 530 774 910 373 839 
 336 229 347 274 306 921 701 
 376 782 221 989 506 428 194 
 935 423 567 117 706 885 767 
 102 583 852 236 309 679 839 
 439 925 646 337 857 485 281 
 379 64 115 776 232 140 104 
 44 988 438 225 183 752 379 
 626 894 87 891 747 672 438 
 53 344 835 190 7 617 355 
 528 894 878 313 948 313 633 
 429 306 142 424 316 813 49 
 921 71 123 185 220 81 494 
 433 7 414 639 782 61 164 
 583 997 163 788 725 658 488 
 29 134 600 834 804 120 692 
 736 612 628 408 707 103 999 
 88 267 571 216 710 948 19 
 743 142 757 347 474 177 235 
 664 78 218 274 451 543 250 
 415 636 960 324 542 182 930 
 440 271 375 685 896 319 876 
 591 828 823 518 574 253 607 
 734 7 172 769 761 813 816 
 613 884 937 914 264 23 724 
 208 691 17 741 395 332 111 
 555 586 39 787 641 442 923 
 70 101 636 901 190 247 85 
 500 214 921 396 993 72 835 
 485 300 883 843 752 911 85 
 239 537 804 126 291 765 509 
 538 776 457 798 125 523 515 
 573 19 17 573 589 751 771 
 301 13 967 373 949 708 34 
 126 227 345 329 55 913 932 
 830 412 210 150 568 932 633 
 497 329 648 976 439 573 525 
 843 532 227 33 739 458 570 
 215 770 168 882 379 306 482 
 671 277 891 159 990 974 168 
 269 364 963 976 868 851 124 
 814 197 340 203 656 16 324 
 685 391 688 15 410 731 624 
 892 788 364 226 469 681 88 
 723 733 409 215 352 320 879 
 280 950 756 135 218 421 88 
 939 787 66 849 309 336 247 
 487 228 936 
 515 193 72 177 360 133 500 
 439 361 245 685 168 464 570 
 678 121 585 930 705 14 335 
 793 774 28 898 433 27 55 
 22 609 863 970 82 735 559 
 154 245 509 348 665 305 372 
 307 939 84 763 818 162 106 
 622 931 266 277 943 738 28 
 759 837 31 963 550 751 498 
 968 757 295 113 174 729 886 
 139 501 50 788 690 911 37 
 988 138 315 348 208 212 365 
 229 698 785 146 395 646 351 
 109 246 256 470 155 771 313 
 439 750 931 601 400 771 125 
 523 714 100 99 75 7 277 
 941 888 556 175 56 730 323 
 599 579 802 325 244 175 908 
 569 2 389 517 775 793 924 
 660 651 780 785 434 171 691 
 622 65 639 296 478 454 971 
 961 501 686 678 618 818 610 
 127 752 745 538 45 766 298 
 531 971 919 892 584 333 152 
 784 737 853 35 837 742 548 
 402 582 826 842 154 189 424 
 171 684 646 502 471 186 316 
 116 832 253 292 803 946 609 
 899 333 572 293 440 544 929 
 420 393 98 861 950 374 748 
 391 819 392 774 43 132 96 
 198 676 33 55 424 324 58 
 353 909 156 47 424 379 954 
 166 497 23 333 999 817 637 
 698 537 6 860 844 723 726 
 82 453 546 463 314 367 182 
 547 920 64 555 498 248 665 
 584 756 634 286 513 805 702 
 379 396 983 303 99 317 590 
 857 32 35 990 130 553 295 
 309 58 702 920 24 802 357 
 208 238 582 74 436 902 522 
 528 94 866 701 147 330 713 
 552 329 226 805 797 395 90 
 329 448 415 835 920 998 987 
 472 61 480 425 426 118 30 
 590 524 448 443 865 221 521 
 36 323 761 871 512 802 519 
 292 863 373 856 302 538 800 
 332 616 526 293 461 419 872 
 646 8 178 71 725 935 624 
 236 167 527 337 11 900 514 
 43 591 160 932 955 62 15 
 774 815 113 690 581 983 162 
 532 447 434 339 155 467 185 
 11 527 925 542 487 460 892 
 379 826 943 580 387 404 498 
 58 497 532 440 147 185 629 
 223 83 99 786 152 623 857 
 753 240 402 476 280 652 615 
 963 291 295 979 511 272 587 
 120 479 545 832 736 351 463 
 72 984 847 518 526 201 308 
 333 210 117 321 426 181 661 
 579 136 597 597 759 415 376 
 540 789 503 272 229 9 812 
 403 359 677 944 175 156 647 
 420 879 772 684 405 832 455 
 106 182 643 413 590 961 624 
 94 682 141 327 344 836 494 
 46 403 543 519 833 334 434 
 656 317 8 
 10 255 555 958 97 888 452 
 336 835 517 513 841 564 732 
 839 266 668 955 997 406 773 
 580 493 539 834 184 276 158 
 311 101 906 747 776 847 976 
 703 915 568 573 157 549 975 
 902 218 358 17 185 906 460 
 323 688 831 679 226 38 701 
 673 537 35 806 564 448 887 
 518 433 300 792 269 4 51 
 771 648 632 540 308 528 788 
 512 679 509 986 219 394 506 
 204 489 408 888 573 584 102 
 342 872 385 811 400 580 158 
 338 635 490 843 927 545 420 
 404 987 609 469 970 103 204 
 288 60 26 335 490 479 403 
 732 390 6 157 847 484 264 
 766 337 697 477 638 399 766 
 734 527 679 56 270 345 551 
 746 37 387 286 52 470 952 
 775 409 741 663 570 860 227 
 641 953 144 493 448 978 146 
 752 404 409 487 413 365 818 
 869 52 248 762 994 953 457 
 988 79 353 533 602 867 340 
 132 369 598 647 841 538 556 
 144 89 370 469 761 573 529 
 270 160 768 899 530 637 14 
 665 319 784 851 172 816 821 
 743 71 262 2 827 265 637 
 410 340 341 759 577 530 498 
 251 182 999 712 299 615 440 
 794 129 656 885 468 391 721 
 945 409 592 426 320 758 258 
 512 835 563 584 868 572 343 
 754 280 610 441 795 977 996 
 158 486 474 621 237 632 183 
 93 700 307 316 649 897 847 
 1000 151 24 785 550 84 735 
 1 349 497 314 804 101 81 
 287 983 80 563 154 6 97 
 392 671 351 568 252 904 962 
 713 181 4 973 583 116 780 
 265 620 502 420 22 925 225 
 806 439 711 695 222 109 101 
 156 468 300 668 368 165 784 
 836 971 409 53 111 131 35 
 633 655 479 722 154 818 697 
 426 199 876 558 226 681 680 
 812 131 349 462 920 957 304 
 731 773 497 537 755 547 862 
 700 144 629 925 980 976 265 
 331 870 367 741 426 430 458 
 519 158 818 862 865 768 224 
 724 686 724 449 886 135 75 
 330 606 427 392 590 730 874 
 547 742 514 649 871 627 317 
 851 331 561 670 820 347 171 
 547 53 356 438 495 509 962 
 736 164 286 242 301 339 587 
 750 140 687 139 172 526 444 
 31 389 138 843 778 686 481 
 954 93 480 20 541 951 752 
 807 55 367 342 820 119 434 
 742 696 419 619 401 798 885 
 534 8 125 688 195 485 610 
 712 114 666 797 797 962 334 
 445 318 210 211 258 196 923 
 625 231 966 788 720 411 286 
 876 127 508 861 941 896 139 
 908 221 312 
 53 286 987 383 462 590 436 
 700 22 404 243 462 136 686 
 298 586 151 744 163 255 456 
 588 325 267 941 672 847 379 
 119 442 37 37 897 283 134 
 422 540 470 282 923 822 224 
 611 96 665 733 834 553 101 
 87 447 364 253 949 461 171 
 106 36 348 634 194 672 564 
 381 678 17 593 927 278 86 
 419 898 181 26 107 105 413 
 57 29 871 328 753 600 158 
 803 505 166 743 667 266 772 
 4 676 887 945 79 125 694 
 478 281 502 524 226 537 701 
 650 434 954 899 354 66 203 
 809 95 118 990 57 831 80 
 672 391 266 591 770 220 656 
 708 187 998 43 204 500 449 
 849 764 537 476 64 296 971 
 451 296 889 462 320 290 106 
 75 545 481 457 429 239 764 
 814 843 131 521 837 546 321 
 225 795 769 10 637 90 913 
 867 60 5 419 815 994 594 
 415 132 176 739 565 208 750 
 547 38 203 152 520 840 361 
 699 76 12 613 686 812 207 
 415 137 877 930 497 558 177 
 498 149 74 198 543 15 114 
 729 245 873 677 53 540 770 
 878 629 240 206 454 786 992 
 659 771 653 334 313 643 556 
 939 255 70 269 505 422 902 
 940 413 766 128 628 138 474 
 208 598 63 229 750 597 227 
 377 954 550 446 971 416 24 
 303 696 588 711 309 757 700 
 504 207 553 520 284 378 148 
 834 596 829 364 869 497 214 
 60 935 256 618 467 183 408 
 351 628 149 468 970 739 220 
 918 655 651 912 18 540 576 
 478 846 37 255 672 26 141 
 239 558 51 689 542 427 439 
 700 179 261 856 2 671 858 
 833 358 963 458 906 218 848 
 529 411 73 864 305 930 614 
 608 210 220 299 210 985 950 
 433 452 881 353 90 866 820 
 774 944 172 255 39 355 768 
 200 625 949 989 201 195 542 
 748 506 600 510 63 608 484 
 926 734 535 872 941 830 472 
 742 411 528 3 571 808 931 
 180 79 90 737 621 949 120 
 978 470 883 618 130 559 769 
 284 899 617 729 814 219 568 
 419 29 979 42 190 616 509 
 396 805 474 779 600 783 554 
 263 801 973 556 286 938 362 
 605 331 153 644 673 965 119 
 708 924 112 725 646 762 701 
 253 353 128 568 790 958 607 
 581 773 753 140 690 99 713 
 328 42 331 55 512 15 720 
 817 36 605 817 939 616 582 
 548 66 756 289 899 192 771 
 346 488 269 958 392 618 732 
 175 937 85 642 365 710 971 
 461 746 797 668 336 981 426 
 774 784 184 
 373 94 341 410 74 826 737 
 770 827 772 363 528 837 110 
 233 691 341 533 918 74 249 
 536 681 348 334 381 705 669 
 997 416 442 95 877 931 897 
 212 646 11 862 517 946 360 
 86 868 268 587 606 49 118 
 733 927 184 580 299 820 61 
 2 219 349 44 222 757 649 
 674 133 298 309 595 558 790 
 510 338 448 253 976 315 301 
 511 741 617 363 411 972 670 
 191 124 127 261 752 750 914 
 833 964 943 517 491 525 413 
 73 382 162 92 393 196 261 
 124 792 756 47 403 900 90 
 54 576 277 364 65 3 617 
 797 953 822 506 316 816 404 
 158 210 391 771 213 342 305 
 435 368 984 193 923 446 96 
 419 448 885 868 45 140 826 
 811 379 288 146 844 317 186 
 613 558 706 5 61 198 873 
 540 137 866 868 468 58 1000 
 163 43 306 558 289 116 567 
 56 840 64 756 410 181 619 
 642 51 508 876 481 406 522 
 131 249 223 300 631 942 827 
 923 663 158 476 971 852 964 
 614 560 776 891 85 56 978 
 122 578 407 300 105 234 229 
 131 47 493 879 364 585 222 
 344 702 947 416 645 851 742 
 275 67 462 933 825 865 388 
 639 627 189 27 508 746 864 
 459 608 607 137 166 632 2 
 730 273 240 299 92 847 160 
 841 867 226 113 965 777 961 
 412 998 404 736 901 219 151 
 563 114 435 17 352 526 20 
 767 943 83 669 986 394 987 
 956 513 444 45 631 989 571 
 488 979 78 645 825 494 336 
 732 300 333 965 914 364 876 
 897 291 75 793 232 92 400 
 479 57 15 603 868 918 307 
 754 561 442 262 81 221 290 
 554 748 224 318 648 604 608 
 768 384 138 926 34 483 775 
 109 596 62 503 736 380 88 
 777 872 805 462 592 496 83 
 570 950 457 148 704 749 885 
 574 812 349 852 112 20 237 
 687 218 962 218 856 267 438 
 73 526 894 157 428 746 780 
 443 389 779 336 57 758 393 
 501 87 85 956 519 984 912 
 506 428 848 452 282 969 886 
 605 323 300 82 940 724 797 
 357 84 130 564 763 363 843 
 888 945 937 901 844 134 162 
 701 603 676 204 945 261 331 
 959 917 840 473 366 430 864 
 835 626 751 554 650 881 135 
 292 142 185 903 157 748 760 
 252 323 327 382 169 71 599 
 512 482 803 444 926 584 647 
 833 615 799 775 977 874 49 
 893 659 956 737 213 44 984 
 959 588 640 569 655 656 49 
 64 959 366 987 894 60 125 
 141 441 756 
 186001 180546 180650 188683 182645 187379 180338 
 192599 185118 188708