 500 10 0 
 852 548 1060 626 960 927 826 
 1036 898 748 733 974 774 528 
 806 504 736 791 662 850 718 
 959 719 1071 848 698 731 535 
 726 803 545 873 908 608 760 
 921 632 584 636 613 881 772 
 554 582 690 865 496 472 605 
 608 625 897 511 788 1000 639 
 1005 474 344 966 871 640 848 
 864 736 653 632 527 820 761 
 964 808 718 871 846 917 706 
 501 972 715 875 1037 654 961 
 440 786 938 957 691 817 500 
 1031 691 622 546 690 499 912 
 573 770 807 541 1042 617 733 
 684 847 883 963 545 629 906 
 613 820 885 691 670 634 780 
 920 781 1021 705 570 671 1052 
 596 813 764 549 896 933 876 
 649 1017 543 942 638 505 827 
 482 650 881 687 726 623 900 
 852 992 918 554 819 985 872 
 715 936 836 758 993 700 416 
 498 554 669 523 620 508 637 
 879 727 709 981 526 854 890 
 581 682 469 506 534 539 862 
 681 859 771 819 945 927 711 
 742 719 837 642 658 492 732 
 903 453 716 636 867 472 613 
 671 435 746 859 931 943 790 
 789 833 712 699 715 450 887 
 724 837 574 821 733 781 796 
 829 958 626 737 823 761 794 
 786 1080 415 629 686 702 880 
 787 687 607 647 670 635 894 
 481 813 583 827 618 670 719 
 1002 788 883 775 578 871 905 
 487 745 863 914 937 667 846 
 845 589 592 1204 616 760 807 
 1003 675 928 682 334 724 614 
 788 595 621 805 697 636 855 
 503 902 483 997 991 625 957 
 734 762 639 978 391 485 663 
 817 423 494 989 706 582 604 
 765 877 663 420 591 583 693 
 1046 725 1001 840 712 850 1057 
 665 719 764 782 509 844 870 
 673 616 682 662 627 622 981 
 554 547 549 918 849 734 905 
 911 823 586 883 792 792 1041 
 954 897 649 766 537 813 656 
 904 773 467 928 706 905 627 
 696 549 694 927 950 909 844 
 888 797 737 584 652 807 714 
 963 512 559 854 611 702 838 
 784 816 516 667 703 517 706 
 348 646 940 690 809 463 602 
 777 592 930 914 504 666 875 
 890 809 843 439 482 672 1029 
 908 988 947 566 805 880 548 
 615 629 822 561 871 934 869 
 851 697 962 865 539 656 616 
 829 670 736 699 442 842 1094 
 926 532 964 1006 992 924 668 
 778 915 400 689 842 404 853 
 914 632 532 897 380 545 504 
 1034 565 709 674 981 1051 861 
 923 758 703 881 903 1035 845 
 434 700 809 787 660 709 879 
 608 811 986 506 618 887 439 
 668 653 468 528 506 522 634 
 987 626 910 
 516 976 520 201 843 404 215 
 889 534 72 287 991 49 67 
 528 313 398 907 116 142 932 
 746 423 953 23 467 272 99 
 246 554 689 517 599 127 792 
 471 986 849 235 260 32 874 
 558 514 66 94 149 43 905 
 434 959 829 560 487 584 753 
 419 148 701 582 959 4 941 
 779 703 365 812 854 73 532 
 255 471 253 56 799 364 544 
 109 718 195 660 629 386 857 
 720 854 412 293 558 806 784 
 476 969 566 338 18 851 18 
 541 653 136 764 954 306 612 
 555 242 292 125 240 548 440 
 743 306 782 537 308 454 660 
 709 992 248 865 388 469 976 
 880 643 716 157 553 653 934 
 523 620 484 870 516 575 370 
 782 135 560 619 884 26 985 
 198 947 25 383 767 224 188 
 744 550 915 98 871 694 82 
 64 186 493 492 72 846 589 
 202 825 479 151 918 338 673 
 739 921 790 525 719 61 198 
 477 941 103 921 910 907 723 
 156 152 609 612 994 694 293 
 634 570 62 446 666 811 248 
 274 731 752 183 976 878 876 
 921 765 340 124 606 567 357 
 111 306 259 108 198 706 303 
 851 947 791 494 375 3 6 
 975 427 314 708 396 222 339 
 922 907 589 5 77 551 430 
 620 346 452 129 237 795 885 
 783 399 516 781 527 898 645 
 87 300 713 485 798 304 383 
 66 492 815 954 99 44 836 
 105 353 310 548 327 505 269 
 908 685 3 153 955 529 408 
 757 175 265 806 313 953 405 
 611 942 759 808 522 19 733 
 44 920 761 980 152 102 824 
 101 11 268 393 598 117 402 
 448 865 947 46 111 748 742 
 356 731 909 376 104 596 601 
 590 429 288 233 883 971 677 
 564 258 58 664 835 497 354 
 600 446 407 990 937 481 372 
 628 354 614 467 525 454 241 
 280 221 122 822 704 361 859 
 531 637 371 501 477 351 951 
 948 916 738 323 299 653 633 
 689 341 803 118 732 470 716 
 550 235 73 53 366 56 280 
 990 872 816 77 875 532 312 
 883 23 263 428 812 80 44 
 807 369 459 389 338 163 94 
 855 700 772 416 848 861 804 
 176 474 779 997 856 21 281 
 605 776 686 827 407 849 570 
 362 481 560 320 743 323 823 
 473 1 691 347 384 950 811 
 183 194 4 808 475 340 93 
 137 748 823 396 892 243 44 
 250 56 21 127 7 890 316 
 830 137 304 514 894 198 766 
 818 561 506 772 908 626 646 
 868 310 756 78 429 716 925 
 257 633 779 143 991 214 481 
 696 381 831 
 108 662 607 696 484 172 833 
 244 562 371 926 6 821 929 
 533 17 537 874 351 840 78 
 417 649 381 689 645 297 202 
 517 779 418 113 655 800 768 
 748 565 35 339 300 828 620 
 612 34 571 863 792 302 43 
 206 598 435 643 666 579 399 
 237 807 720 740 834 162 744 
 328 246 283 380 108 700 187 
 531 126 664 13 34 775 686 
 164 311 628 445 624 581 213 
 26 247 974 576 487 477 117 
 946 552 531 438 82 129 49 
 740 894 946 540 449 467 613 
 310 202 317 269 776 362 378 
 926 823 363 343 261 177 452 
 510 462 631 950 647 831 856 
 269 842 584 321 678 325 310 
 286 821 82 484 935 731 453 
 145 387 210 489 96 629 384 
 160 258 753 853 124 987 301 
 221 296 318 543 227 550 618 
 755 172 319 378 57 63 51 
 349 64 310 839 714 660 37 
 448 129 225 85 400 809 709 
 703 656 613 414 1 519 470 
 745 690 702 39 294 965 732 
 611 692 48 240 7 72 161 
 529 23 237 485 295 929 850 
 280 504 819 294 452 826 694 
 492 970 876 391 823 793 346 
 385 780 873 516 660 313 102 
 526 59 393 350 822 1 733 
 113 319 434 642 555 7 376 
 428 539 443 540 110 344 326 
 368 415 824 315 222 339 320 
 96 515 943 707 343 65 818 
 12 107 456 739 473 127 74 
 559 637 918 912 79 20 562 
 727 276 411 461 730 834 295 
 225 79 300 499 528 281 421 
 334 674 153 730 123 482 843 
 57 38 344 777 922 486 876 
 738 119 247 327 633 285 300 
 346 525 136 407 243 283 744 
 977 571 14 725 144 520 642 
 875 195 907 499 765 198 681 
 505 180 206 690 815 932 188 
 131 592 563 442 908 377 353 
 279 553 428 413 321 849 577 
 877 447 432 885 587 812 581 
 872 849 339 563 944 835 670 
 871 983 646 804 918 972 124 
 573 548 325 725 254 892 832 
 876 14 691 251 111 317 515 
 33 564 167 32 290 571 764 
 37 582 520 356 28 961 597 
 973 183 639 346 37 993 290 
 771 598 779 847 829 765 288 
 732 329 977 120 200 628 219 
 29 264 404 465 863 101 459 
 50 240 351 561 265 670 487 
 195 251 980 535 685 567 55 
 322 24 663 73 524 484 339 
 688 992 892 536 203 651 565 
 658 890 515 236 607 219 398 
 130 239 980 141 1000 629 340 
 509 402 567 39 601 109 101 
 573 82 736 307 674 585 133 
 990 123 418 940 480 749 801 
 795 955 846 
 465 31 840 192 488 681 269 
 609 772 602 464 908 292 324 
 774 20 207 454 705 318 349 
 181 293 756 950 466 522 321 
 198 672 327 168 558 506 2 
 707 449 518 730 724 764 172 
 576 317 802 733 218 279 346 
 748 278 413 218 765 462 775 
 511 519 295 341 444 459 561 
 170 798 537 583 940 672 152 
 716 252 804 978 145 242 732 
 528 41 918 828 939 993 766 
 320 669 815 947 245 451 305 
 794 72 948 267 235 488 318 
 894 859 69 45 699 234 93 
 858 867 444 482 261 923 136 
 93 90 505 506 353 805 514 
 512 175 358 976 447 349 450 
 660 611 742 15 935 753 583 
 790 528 341 479 629 428 234 
 948 307 849 533 765 475 697 
 776 739 445 558 343 206 8 
 418 620 33 639 796 787 621 
 774 930 621 887 570 585 414 
 457 620 133 941 289 404 874 
 182 811 877 62 273 167 685 
 716 16 122 985 201 186 917 
 850 732 883 768 481 255 88 
 917 163 328 692 100 829 279 
 676 394 415 125 18 312 520 
 393 476 588 981 130 201 586 
 544 580 265 289 938 666 418 
 237 233 743 26 872 472 516 
 119 896 1 617 640 950 259 
 573 914 299 372 867 649 683 
 148 250 45 679 151 267 296 
 932 657 568 848 733 334 449 
 321 449 225 518 272 748 392 
 819 744 142 986 487 141 614 
 608 347 609 932 364 59 857 
 825 781 430 39 431 349 245 
 30 304 368 581 951 144 509 
 4 127 137 698 245 524 882 
 2 212 907 279 918 921 955 
 543 628 381 47 95 153 621 
 967 330 487 345 755 645 359 
 339 140 412 774 720 362 959 
 823 712 229 650 308 397 821 
 662 196 133 304 755 67 648 
 31 210 893 921 639 972 600 
 52 448 333 307 843 431 974 
 58 713 60 221 951 259 195 
 349 497 297 122 317 548 680 
 359 537 403 828 552 234 439 
 561 167 662 574 391 236 592 
 188 902 152 582 763 103 698 
 348 474 77 540 220 751 472 
 291 138 820 481 305 888 714 
 426 58 879 368 460 912 504 
 194 688 343 525 722 779 648 
 483 879 618 926 108 224 817 
 171 462 919 250 903 902 837 
 143 181 306 137 89 702 272 
 73 765 322 329 532 881 2 
 581 605 426 815 654 992 522 
 328 917 313 116 237 77 369 
 640 471 32 168 500 740 548 
 241 233 963 886 848 769 556 
 3 324 441 773 160 509 19 
 99 639 580 152 351 838 293 
 463 516 254 365 112 674 833 
 819 768 589 
 873 112 114 794 840 270 529 
 166 115 594 144 687 238 777 
 886 967 942 180 915 683 816 
 691 643 496 524 763 516 129 
 257 311 921 352 335 503 60 
 546 136 355 486 649 828 30 
 143 408 670 571 580 200 98 
 920 59 109 138 549 591 752 
 605 779 3 315 599 604 321 
 438 415 990 704 740 651 95 
 535 588 724 144 124 768 265 
 721 571 600 372 592 368 349 
 278 113 163 340 19 221 565 
 416 573 170 318 270 697 741 
 517 295 916 994 564 120 956 
 272 81 537 638 37 325 751 
 827 44 234 57 50 73 207 
 941 779 256 499 249 769 921 
 722 361 957 284 275 835 801 
 996 613 396 171 877 613 880 
 54 69 457 20 256 716 585 
 524 686 395 491 715 400 646 
 403 101 123 281 956 238 234 
 275 826 81 363 789 411 584 
 747 553 856 367 193 347 39 
 863 715 176 190 203 764 256 
 472 372 424 742 719 589 292 
 650 741 214 368 426 858 225 
 770 805 676 173 626 179 555 
 502 79 373 600 985 524 352 
 888 256 42 809 828 410 356 
 791 726 568 204 867 179 384 
 929 577 363 857 69 147 514 
 203 944 66 220 188 919 860 
 354 105 266 228 823 707 624 
 644 393 109 35 331 472 527 
 739 286 832 164 211 696 406 
 972 653 201 20 961 639 48 
 509 497 730 264 439 800 254 
 916 979 515 496 170 758 68 
 726 792 381 121 424 466 947 
 219 847 270 354 495 634 558 
 210 823 141 619 77 670 712 
 17 750 125 832 655 645 40 
 288 163 900 904 493 200 646 
 406 364 942 996 764 892 989 
 183 220 932 17 325 414 378 
 332 420 114 712 527 567 457 
 839 511 180 347 280 215 17 
 16 432 937 834 375 79 996 
 371 336 204 60 173 179 882 
 892 523 141 312 868 642 637 
 923 178 627 955 916 138 551 
 363 98 358 999 356 830 212 
 280 420 200 882 921 719 900 
 586 141 267 932 701 422 268 
 397 265 616 217 417 562 656 
 795 127 554 728 721 780 832 
 189 661 312 361 930 867 544 
 298 180 247 599 32 277 316 
 716 942 325 4 585 388 52 
 995 681 783 768 474 639 133 
 55 916 247 621 83 218 925 
 312 32 679 735 450 142 810 
 411 687 311 23 904 85 224 
 413 94 461 504 285 548 153 
 530 271 46 612 410 916 762 
 453 705 564 55 585 904 749 
 348 523 718 80 249 429 810 
 323 657 579 336 574 402 68 
 59 566 802 960 502 483 737 
 552 51 90 
 775 263 695 554 44 828 940 
 375 305 141 812 512 217 267 
 878 785 174 848 27 887 22 
 153 413 951 267 699 396 725 
 139 639 464 670 843 965 686 
 364 268 745 603 21 635 976 
 481 346 986 570 228 840 377 
 60 427 465 425 252 799 24 
 950 612 381 630 866 386 51 
 127 641 446 461 651 833 704 
 893 86 325 604 235 607 957 
 528 874 929 992 823 279 43 
 349 725 287 695 276 449 80 
 381 103 665 443 29 23 569 
 564 391 873 361 954 602 933 
 113 44 638 794 462 906 587 
 163 25 87 374 327 60 255 
 654 708 636 36 946 993 244 
 185 649 422 711 923 575 20 
 36 698 538 436 567 563 32 
 656 748 715 286 915 226 275 
 689 626 872 686 149 199 339 
 251 846 482 179 819 426 686 
 153 458 283 940 337 342 262 
 385 238 904 468 736 658 69 
 899 920 730 955 844 4 603 
 564 899 741 472 949 849 240 
 654 499 201 542 221 474 844 
 23 767 244 308 54 142 100 
 875 722 55 736 234 194 585 
 696 944 254 748 786 24 510 
 385 272 810 971 213 912 213 
 831 916 801 369 694 424 230 
 382 753 503 405 732 798 165 
 325 265 936 815 753 109 664 
 2 478 813 329 943 286 601 
 876 224 354 638 577 519 889 
 290 104 994 804 356 514 824 
 997 535 179 35 818 603 924 
 883 838 313 553 583 914 954 
 367 218 46 646 651 950 425 
 53 611 980 177 288 438 527 
 468 501 947 515 275 637 810 
 305 433 21 883 535 119 247 
 434 833 365 69 672 26 528 
 619 256 481 798 970 950 532 
 562 899 144 661 799 258 306 
 495 559 102 666 46 529 1 
 584 185 916 684 155 457 247 
 185 707 391 164 277 915 728 
 447 531 258 79 322 370 630 
 397 750 1 959 659 625 848 
 988 84 234 655 513 763 774 
 187 523 520 976 491 817 313 
 306 166 115 266 190 587 775 
 37 267 37 639 96 272 741 
 228 881 938 510 744 137 285 
 262 271 939 692 329 379 140 
 345 581 690 536 67 846 840 
 497 914 847 156 30 820 253 
 108 708 925 420 471 775 416 
 573 934 55 721 270 33 291 
 590 776 59 102 448 215 429 
 780 405 660 340 875 811 729 
 938 962 397 921 4 10 341 
 382 1000 630 669 543 53 740 
 885 528 928 209 612 904 394 
 478 919 856 251 205 578 40 
 125 521 914 49 304 104 870 
 498 793 442 225 140 473 14 
 760 476 94 457 731 819 196 
 990 822 944 
 250 4 997 832 556 482 689 
 131 436 148 557 22 551 82 
 495 687 969 500 583 141 192 
 704 673 675 849 599 514 328 
 189 442 741 144 752 472 762 
 408 552 261 139 700 312 290 
 150 336 855 655 57 513 524 
 272 497 697 110 218 385 764 
 837 148 27 174 674 118 343 
 537 223 34 295 15 398 397 
 174 995 754 612 940 8 272 
 326 955 783 716 742 886 593 
 290 749 254 688 307 913 436 
 110 764 240 758 706 85 202 
 818 486 831 257 572 818 330 
 602 711 526 273 113 349 857 
 759 950 206 477 677 537 634 
 102 843 830 215 55 754 545 
 873 19 955 616 325 52 234 
 883 492 750 568 644 87 544 
 443 238 551 344 205 831 522 
 699 863 262 564 519 452 195 
 371 865 518 512 960 862 713 
 204 647 418 408 825 86 697 
 259 410 765 585 478 135 329 
 707 568 379 200 14 552 812 
 4 466 479 360 752 565 342 
 63 284 936 38 789 688 383 
 497 380 658 578 460 468 280 
 638 489 746 908 355 622 713 
 914 571 95 586 370 256 692 
 341 814 43 626 93 28 963 
 803 789 192 451 61 517 736 
 98 258 746 935 561 701 688 
 198 87 640 312 175 693 493 
 194 71 984 194 210 550 657 
 956 778 831 750 447 978 672 
 295 3 482 537 744 471 995 
 413 914 986 857 569 416 693 
 250 335 633 858 219 130 298 
 51 166 487 402 490 198 255 
 818 908 726 247 986 644 964 
 732 325 409 329 159 656 95 
 357 76 173 814 421 746 281 
 181 757 331 399 588 235 528 
 203 804 712 620 543 80 759 
 877 997 648 395 145 664 184 
 451 230 147 125 501 696 742 
 67 851 673 229 335 807 610 
 735 168 800 651 390 820 890 
 860 547 659 631 290 967 630 
 183 360 370 638 192 755 916 
 124 879 395 524 780 690 146 
 700 608 419 127 841 877 372 
 600 691 872 506 905 8 375 
 20 54 9 15 480 881 602 
 105 978 397 194 715 987 295 
 703 8 379 503 86 863 79 
 962 733 68 289 493 1 945 
 850 601 654 146 967 345 562 
 411 110 365 304 490 823 428 
 78 939 371 739 549 608 22 
 687 948 917 252 188 51 893 
 245 988 688 598 416 790 228 
 693 568 108 771 769 177 227 
 973 888 337 424 831 716 478 
 759 49 163 780 947 13 162 
 147 260 381 927 297 812 449 
 344 677 695 794 999 351 126 
 715 690 993 35 120 660 254 
 265 421 310 36 843 40 523 
 939 601 178 
 637 178 858 160 851 326 532 
 683 271 81 533 665 545 596 
 255 338 190 77 581 578 734 
 135 440 449 168 749 631 380 
 30 380 43 738 799 274 886 
 78 768 106 23 727 115 53 
 670 473 539 783 423 57 628 
 231 577 658 461 669 972 915 
 851 760 524 941 60 343 736 
 157 680 267 632 910 352 470 
 994 780 27 759 236 864 756 
 144 631 151 246 158 960 529 
 531 134 725 522 798 727 305 
 146 255 659 216 836 728 805 
 145 913 1 610 927 747 504 
 808 974 577 934 111 949 837 
 929 609 816 606 589 171 635 
 374 563 744 750 507 213 986 
 323 807 270 440 856 431 611 
 614 444 699 921 320 156 825 
 70 636 987 498 448 10 227 
 626 550 476 174 208 880 189 
 555 249 334 411 737 269 283 
 4 957 822 112 858 707 340 
 840 623 670 378 199 335 496 
 918 449 527 192 340 820 409 
 423 463 829 108 104 452 516 
 774 675 358 854 769 256 464 
 462 382 411 543 627 789 397 
 324 847 879 460 50 229 73 
 399 284 376 386 532 748 139 
 831 6 906 917 114 495 379 
 952 983 89 589 46 514 397 
 884 834 97 903 766 271 302 
 7 782 964 769 761 315 618 
 718 191 302 419 588 556 30 
 194 225 791 499 425 406 177 
 908 119 478 735 801 895 805 
 214 592 295 762 34 633 173 
 709 876 536 513 7 695 533 
 386 660 969 485 34 329 298 
 359 769 237 231 686 826 90 
 411 673 352 912 273 11 702 
 13 44 59 561 966 498 604 
 526 516 645 786 179 767 688 
 953 318 476 753 230 127 190 
 346 969 415 757 408 41 398 
 625 712 710 309 629 845 917 
 176 124 138 262 617 101 711 
 805 44 373 70 434 30 536 
 34 320 988 647 148 896 94 
 17 318 619 872 130 924 234 
 660 316 317 230 481 671 460 
 198 241 905 103 268 877 382 
 700 479 346 46 23 702 488 
 274 877 313 334 460 37 519 
 191 121 915 606 330 136 644 
 191 285 143 585 493 887 506 
 171 722 456 746 83 656 705 
 63 743 687 642 941 531 156 
 872 808 533 20 723 968 919 
 707 160 210 850 159 580 516 
 87 939 307 302 269 180 667 
 553 946 550 580 73 218 684 
 883 498 496 146 707 139 847 
 570 411 317 391 128 486 322 
 800 894 701 742 464 415 980 
 519 125 524 47 939 169 600 
 170 853 80 572 987 999 147 
 554 337 127 90 18 384 257 
 707 317 908 312 357 93 865 
 517 203 281 
 651 275 233 570 779 480 624 
 959 477 75 34 328 378 13 
 548 132 752 802 446 915 114 
 853 163 971 521 380 297 84 
 704 512 176 522 864 515 467 
 837 393 263 103 634 459 235 
 86 167 591 317 683 489 744 
 21 171 678 721 911 816 338 
 917 86 164 129 961 609 247 
 833 123 7 697 173 598 50 
 87 881 876 957 318 402 811 
 893 992 249 299 536 593 658 
 204 984 104 448 258 350 807 
 431 493 663 969 999 195 951 
 173 667 685 112 511 509 450 
 689 649 816 637 238 908 50 
 503 156 577 376 444 296 693 
 656 126 916 680 51 572 273 
 813 51 113 836 214 271 124 
 464 535 342 467 239 303 57 
 246 824 710 623 332 47 130 
 287 201 583 702 791 442 656 
 777 992 582 17 474 341 172 
 508 445 407 732 796 703 291 
 407 7 809 478 230 795 742 
 173 636 274 491 943 882 557 
 404 775 318 34 465 419 322 
 445 570 774 701 176 24 598 
 741 74 551 284 320 288 69 
 62 61 343 428 999 685 957 
 279 369 776 674 61 544 433 
 105 880 438 937 318 941 502 
 220 407 489 297 726 475 536 
 266 212 436 989 498 322 99 
 720 410 552 575 179 757 51 
 61 859 585 428 287 230 17 
 219 141 113 227 817 363 679 
 666 448 383 337 732 124 393 
 80 569 14 905 723 504 804 
 970 184 929 218 128 669 170 
 206 354 332 827 839 392 536 
 208 307 795 738 497 243 695 
 322 499 127 769 694 300 248 
 880 531 929 274 573 591 880 
 510 490 355 356 473 676 537 
 708 118 760 113 250 771 815 
 650 981 630 977 11 630 486 
 458 951 346 786 815 858 884 
 58 176 303 767 199 738 933 
 750 123 211 37 597 719 445 
 972 643 553 894 704 478 474 
 846 684 741 33 486 348 763 
 730 248 175 817 979 930 760 
 456 740 674 107 745 620 49 
 560 205 492 87 161 299 492 
 866 258 821 287 358 773 1 
 96 467 147 776 600 225 643 
 265 895 813 10 907 470 841 
 806 748 926 868 210 804 627 
 70 416 841 693 617 746 401 
 229 9 399 361 962 146 222 
 313 566 236 108 11 156 927 
 870 783 605 294 876 488 959 
 173 627 140 964 754 698 982 
 292 933 207 387 571 343 441 
 22 256 91 516 164 138 743 
 340 392 146 970 530 148 472 
 994 159 476 440 596 756 586 
 225 475 117 448 385 188 913 
 506 697 344 627 807 793 231 
 742 60 245 188 98 63 746 
 228 720 3 
 817 182 647 240 352 129 148 
 992 776 313 779 522 867 352 
 817 494 945 203 981 253 191 
 852 754 126 158 753 526 160 
 564 118 471 747 493 304 18 
 629 176 588 659 301 98 19 
 707 497 594 751 101 184 457 
 858 144 215 24 67 178 428 
 566 599 296 908 240 881 959 
 949 239 785 177 506 120 917 
 217 394 550 627 382 992 760 
 74 559 344 330 756 746 102 
 204 116 476 198 805 326 696 
 779 445 347 592 808 669 793 
 717 288 959 884 55 86 141 
 143 202 636 211 65 286 677 
 700 248 341 569 69 831 418 
 299 18 582 775 100 812 13 
 155 229 816 936 149 174 431 
 385 11 594 759 249 793 615 
 900 132 986 519 190 736 936 
 360 521 171 380 763 839 919 
 196 911 773 895 967 283 56 
 334 745 917 302 908 695 765 
 172 439 466 897 971 739 900 
 375 233 58 995 468 424 386 
 272 95 937 401 918 341 255 
 673 724 674 412 315 161 516 
 836 301 90 688 27 579 989 
 233 367 478 338 452 444 32 
 134 204 444 155 80 126 171 
 68 752 533 148 851 354 43 
 557 951 510 828 794 467 948 
 10 853 115 282 695 761 533 
 686 55 17 680 498 897 971 
 677 394 161 507 168 31 183 
 673 525 697 429 507 522 590 
 420 736 744 397 155 593 401 
 257 836 88 680 399 191 558 
 75 78 426 430 586 808 903 
 794 692 476 772 785 918 362 
 41 461 515 963 716 182 986 
 566 644 1 531 515 295 550 
 823 541 804 92 193 626 224 
 972 32 289 457 64 378 32 
 564 394 848 27 22 196 468 
 36 157 683 715 726 397 315 
 346 575 729 609 690 176 703 
 450 754 814 202 550 601 878 
 862 388 633 330 374 749 722 
 982 149 672 52 977 430 288 
 505 685 804 47 126 181 345 
 225 368 976 168 649 223 770 
 896 76 163 149 327 327 376 
 690 34 57 539 514 133 192 
 754 643 848 77 830 555 124 
 431 431 997 904 624 307 454 
 805 353 270 78 323 262 720 
 520 922 713 41 424 465 791 
 197 287 87 477 200 576 666 
 625 216 288 314 273 261 143 
 413 292 777 889 1 33 80 
 475 819 547 398 478 962 865 
 962 461 298 919 415 38 290 
 359 60 242 765 5 320 908 
 968 797 592 964 200 445 716 
 705 697 882 508 456 967 636 
 846 583 853 912 989 720 790 
 209 736 805 958 782 447 96 
 504 785 390 744 614 109 144 
 955 610 101 578 558 311 668 
 924 133 439 
 264 680 699 707 398 944 576 
 908 156 601 934 172 641 218 
 514 795 101 34 731 179 423 
 76 68 74 770 484 248 427 
 575 671 146 923 129 500 530 
 37 746 396 95 476 753 275 
 376 715 641 435 792 871 512 
 220 341 991 604 598 711 737 
 925 147 112 260 130 69 520 
 125 725 338 85 290 262 121 
 261 567 792 380 619 540 669 
 675 987 211 146 740 350 851 
 163 53 980 366 373 333 789 
 962 46 877 501 602 812 818 
 211 10 359 336 512 37 256 
 669 992 230 958 186 538 616 
 397 746 910 886 957 600 428 
 210 115 707 295 318 610 905 
 27 628 344 852 292 750 640 
 71 746 293 466 950 125 74 
 156 496 109 901 847 518 710 
 233 258 537 525 68 951 525 
 182 584 528 863 721 563 375 
 552 88 926 279 495 313 63 
 934 391 492 223 255 341 820 
 435 417 160 741 355 450 974 
 737 524 177 403 538 646 149 
 977 663 781 617 550 359 584 
 637 55 487 556 971 56 636 
 301 430 897 943 137 987 368 
 835 421 564 697 679 251 584 
 549 596 27 940 213 390 213 
 888 373 10 15 417 409 995 
 835 618 297 405 797 202 388 
 742 408 700 733 432 302 745 
 696 655 633 229 995 586 484 
 475 213 356 336 194 375 944 
 368 205 188 22 676 947 362 
 951 134 739 942 402 271 965 
 673 204 198 320 12 962 141 
 432 437 118 107 515 663 243 
 881 576 267 441 734 767 768 
 670 944 526 91 35 673 88 
 967 562 230 453 427 736 550 
 427 358 814 263 776 859 335 
 456 396 156 882 125 337 888 
 317 62 679 733 501 55 186 
 916 487 869 178 78 550 110 
 334 130 379 661 152 188 117 
 808 574 140 454 490 870 564 
 329 438 510 903 996 546 471 
 642 530 672 255 628 909 187 
 585 101 150 750 806 511 788 
 772 159 935 230 599 170 754 
 529 337 336 199 864 668 159 
 337 903 242 13 33 461 779 
 327 613 44 186 460 370 66 
 775 29 123 766 522 530 471 
 201 12 171 228 690 758 538 
 653 152 214 612 804 372 141 
 825 184 686 377 256 381 637 
 595 445 663 995 128 965 412 
 342 256 223 716 767 672 914 
 521 600 984 638 422 79 796 
 692 281 973 635 541 353 822 
 785 163 502 38 77 449 266 
 16 769 68 651 693 949 78 
 30 886 59 535 883 531 880 
 138 282 759 615 488 337 417 
 517 207 234 635 804 896 438 
 673 464 339 677 201 211 291 
 936 764 210 
 191258 179924 184500 180021 189429 186018 182940 
 181632 182084 182003